1,0.722,-0.290,0.153,0.000,0.000,0.000,1
2,0.722,-0.290,0.473,0.000,0.000,0.000,1
3,0.722,-0.290,0.808,0.000,0.000,0.000,1
4,0.722,-0.290,1.088,0.000,0.000,0.000,-1
5,0.722,-0.290,1.290,0.000,0.000,0.000,-1
6,0.721,-0.290,1.420,-0.000,-0.082,-0.162,-1
7,0.721,-0.290,1.493,-0.000,-0.132,-0.262,-1
8,0.720,-0.288,1.522,-0.000,-0.190,-0.432,-1
9,0.719,-0.285,1.534,-0.001,-0.049,-0.132,-1
10,0.717,-0.281,1.533,-0.001,0.092,0.181,-1
11,0.715,-0.277,1.527,3.185,0.265,0.022,-1
12,0.715,-0.274,1.519,9.068,0.342,-0.161,-1
13,0.715,-0.270,1.512,16.019,0.311,-0.257,-1
14,0.716,-0.265,1.506,23.329,0.220,-0.241,-1
15,0.718,-0.259,1.507,30.609,0.129,-0.144,-1
16,0.720,-0.252,1.507,37.636,0.070,-0.023,-1
17,0.722,-0.245,1.507,44.294,0.042,0.067,-1
18,0.724,-0.238,1.508,50.532,0.027,0.101,-1
19,0.726,-0.231,1.508,53.656,-0.051,0.113,-1
20,0.729,-0.225,1.508,54.681,-0.174,0.110,-1
21,0.732,-0.219,1.508,51.996,-0.599,0.062,-1
22,0.733,-0.215,1.508,49.267,-0.879,0.022,-1
23,0.733,-0.213,1.508,47.218,-0.913,0.010,-1
24,0.731,-0.213,1.508,40.972,-0.464,0.028,6.0
25,0.727,-0.214,1.508,30.056,0.030,0.014,6.0
26,0.724,-0.216,1.509,17.540,0.375,0.040,6.0
27,0.722,-0.217,1.509,4.656,0.490,0.055,6.0
28,0.721,-0.219,1.509,-8.004,0.404,0.009,6.0
29,0.722,-0.221,1.509,-20.110,0.211,-0.090,6.0
30,0.723,-0.222,1.509,-31.509,0.010,-0.185,6.0
31,0.725,-0.223,1.509,-42.148,-0.139,-0.215,6.0
32,0.727,-0.224,1.509,-52.023,-0.217,-0.156,6.0
33,0.729,-0.223,1.509,-61.163,-0.228,-0.031,6.0
34,0.731,-0.222,1.509,-69.613,-0.183,0.111,6.0
35,0.732,-0.220,1.509,-77.423,-0.098,0.220,6.0
36,0.733,-0.218,1.509,-84.646,0.009,0.262,6.0
37,0.733,-0.216,1.510,-91.335,0.113,0.233,6.0
38,0.732,-0.215,1.510,-97.539,0.191,0.150,6.0
39,0.730,-0.214,1.510,-103.305,0.225,0.040,6.0
40,0.728,-0.214,1.510,-108.674,0.209,-0.064,6.0
41,0.725,-0.214,1.510,-113.582,0.156,-0.148,6.0
42,0.723,-0.215,1.510,-118.004,0.075,-0.185,6.0
43,0.722,-0.217,1.510,-121.885,-0.014,-0.172,6.0
44,0.721,-0.219,1.510,-125.202,-0.086,-0.120,6.0
45,0.720,-0.221,1.510,-128.006,-0.124,-0.047,6.0
46,0.720,-0.223,1.510,-129.951,-0.122,0.027,6.0
47,0.720,-0.224,1.510,-131.230,-0.086,0.080,6.0
48,0.720,-0.225,1.510,-131.857,-0.031,0.103,6.0
49,0.720,-0.226,1.510,-131.901,0.020,0.095,6.0
50,0.720,-0.227,1.510,-131.432,0.053,0.067,6.0
51,0.719,-0.227,1.510,-130.532,0.063,0.032,6.0
52,0.718,-0.228,1.510,-129.290,0.052,0.002,6.0
53,0.717,-0.229,1.504,-127.793,0.029,-0.015,6.0
54,0.716,-0.229,1.503,-126.128,0.004,-0.017,6.0
55,0.715,-0.230,1.501,-124.381,-0.015,-0.008,6.0
56,0.714,-0.231,1.500,-122.560,-0.059,0.010,6.0
57,0.713,-0.232,1.499,-120.736,-0.080,0.025,6.0
58,0.713,-0.232,1.499,-118.942,-0.073,0.029,6.0
59,0.712,-0.233,1.498,-117.248,-0.050,0.024,6.0
60,0.711,-0.233,1.497,-115.683,-0.020,0.013,6.0
61,0.710,-0.232,1.496,-114.241,0.005,0.003,6.0
62,0.709,-0.232,1.496,-113.533,0.021,-0.004,6.0
63,0.708,-0.232,1.495,-113.082,0.027,-0.005,6.0
64,0.708,-0.232,1.495,-112.907,0.024,-0.001,6.0
65,0.707,-0.232,1.494,-112.972,0.016,0.004,6.0
66,0.706,-0.233,1.494,-113.254,0.007,0.010,6.0
67,0.705,-0.233,1.494,-113.720,-0.000,0.012,6.0
68,0.704,-0.233,1.493,-114.334,-0.004,0.012,6.0
69,0.703,-0.233,1.493,-115.103,-0.004,0.010,6.0
70,0.702,-0.233,1.493,-116.013,-0.003,0.008,6.0
71,0.701,-0.233,1.492,-117.010,-0.002,0.006,6.0
72,0.699,-0.233,1.492,-118.057,-0.000,0.005,6.0
73,0.698,-0.234,1.492,-119.120,0.000,0.004,6.0
74,0.697,-0.234,1.492,-120.179,0.001,0.004,6.0
75,0.696,-0.234,1.492,-121.227,0.003,0.004,6.0
76,0.695,-0.234,1.491,-121.463,0.004,0.006,6.0
77,0.694,-0.234,1.491,-121.505,0.005,0.007,6.0
78,0.692,-0.234,1.491,-121.325,0.006,0.007,6.0
79,0.691,-0.234,1.491,-120.939,0.006,0.007,6.0
80,0.690,-0.234,1.491,-120.394,0.007,0.006,6.0
81,0.688,-0.234,1.491,-119.723,0.007,0.005,6.0
82,0.687,-0.234,1.491,-118.962,0.007,0.004,6.0
83,0.686,-0.234,1.491,-118.140,0.007,0.003,6.0
84,0.684,-0.234,1.491,-117.282,0.007,0.002,6.0
85,0.683,-0.235,1.490,-116.398,0.007,0.002,6.0
86,0.681,-0.235,1.490,-115.503,0.005,0.003,6.0
87,0.680,-0.235,1.490,-115.432,0.003,0.005,6.0
88,0.678,-0.235,1.490,-115.592,0.000,0.007,6.0
89,0.677,-0.235,1.490,-115.960,-0.003,0.008,6.0
90,0.675,-0.235,1.490,-116.482,-0.005,0.007,6.0
91,0.674,-0.236,1.490,-117.116,-0.003,0.006,6.0
92,0.672,-0.236,1.490,-117.827,-0.001,0.006,6.0
93,0.671,-0.236,1.490,-118.554,0.002,0.005,6.0
94,0.669,-0.236,1.490,-119.285,0.005,0.004,6.0
95,0.667,-0.236,1.490,-119.288,0.006,0.005,6.0
96,0.666,-0.236,1.490,-119.118,0.009,0.004,6.0
97,0.664,-0.236,1.496,-118.805,0.010,0.002,6.0
98,0.662,-0.236,1.497,-118.383,0.010,0.001,6.0
99,0.660,-0.237,1.499,-117.871,0.009,0.001,6.0
100,0.659,-0.237,1.500,-117.304,0.007,0.002,6.0
101,0.657,-0.237,1.501,-116.677,0.004,0.003,6.0
102,0.655,-0.237,1.501,-116.828,0.000,0.005,6.0
103,0.653,-0.237,1.502,-117.160,-0.003,0.007,6.0
104,0.651,-0.238,1.503,-117.643,-0.192,-0.080,6.0
105,0.650,-0.237,1.503,-118.229,-0.318,-0.134,6.0
106,0.650,-0.236,1.504,-118.887,-0.336,-0.138,6.0
107,0.650,-0.235,1.505,-119.578,-0.269,-0.103,6.0
108,0.651,-0.232,1.505,-119.493,-0.156,-0.059,6.0
109,0.653,-0.230,1.506,-119.242,-0.039,-0.015,6.0
110,0.655,-0.227,1.506,-119.027,0.091,0.020,6.0
111,0.657,-0.224,1.506,-118.782,0.163,0.038,6.0
112,0.658,-0.222,1.507,-118.328,0.120,0.052,6.0
113,0.659,-0.220,1.507,-117.783,0.044,0.050,6.0
114,0.660,-0.218,1.507,-117.166,-0.019,0.036,6.0
115,0.661,-0.216,1.508,-116.468,-0.062,0.016,6.0
116,0.661,-0.214,1.508,-115.693,-0.076,-0.002,6.0
117,0.662,-0.211,1.508,-115.769,-0.065,-0.014,6.0
118,0.663,-0.209,1.508,-116.049,-0.036,-0.017,6.0
119,0.664,-0.206,1.508,-116.538,-0.004,-0.011,6.0
120,0.665,-0.203,1.509,-117.163,0.022,-0.001,6.0
121,0.667,-0.200,1.509,-117.888,0.037,0.011,6.0
122,0.668,-0.198,1.509,-118.682,0.039,0.021,6.0
123,0.668,-0.195,1.509,-119.520,0.222,0.086,6.0
124,0.669,-0.193,1.509,-120.387,0.335,0.119,6.0
125,0.668,-0.192,1.509,-121.266,0.337,0.111,6.0
126,0.667,-0.192,1.509,-121.331,0.255,0.073,6.0
127,0.664,-0.192,1.509,-121.180,0.133,0.027,6.0
128,0.662,-0.192,1.510,-120.826,0.018,-0.013,6.0
129,0.659,-0.193,1.510,-120.321,-0.060,-0.035,6.0
130,0.657,-0.193,1.510,-119.696,-0.089,-0.039,6.0
131,0.655,-0.194,1.510,-118.980,-0.280,-0.069,6.0
132,0.653,-0.193,1.510,-118.231,-0.380,-0.080,6.0
133,0.653,-0.192,1.510,-117.457,-0.359,-0.069,6.0
134,0.653,-0.189,1.510,-117.529,-0.259,-0.046,6.0
135,0.653,-0.186,1.510,-117.798,-0.130,-0.018,6.0
136,0.654,-0.183,1.510,-118.235,-0.010,0.008,6.0
137,0.655,-0.179,1.504,-118.785,0.073,0.027,6.0
138,0.656,-0.176,1.503,-119.421,0.112,0.035,6.0
139,0.657,-0.173,1.501,-120.095,0.110,0.033,6.0
140,0.657,-0.170,1.500,-120.808,0.079,0.025,6.0
141,0.657,-0.167,1.500,-120.711,0.038,0.013,6.0
142,0.657,-0.164,1.499,-120.430,0.000,0.004,6.0
143,0.657,-0.162,1.498,-119.990,-0.024,-0.001,6.0
144,0.657,-0.159,1.497,-119.437,-0.031,-0.001,6.0
145,0.657,-0.156,1.497,-118.795,-0.024,0.003,6.0
146,0.657,-0.153,1.496,-118.108,-0.009,0.008,6.0
147,0.657,-0.150,1.496,-118.076,0.253,0.033,6.0
148,0.656,-0.148,1.495,-118.190,0.423,0.049,6.0
149,0.655,-0.147,1.495,-118.448,0.444,0.047,6.0
150,0.653,-0.147,1.494,-118.796,0.345,0.033,6.0
151,0.650,-0.148,1.494,-119.213,0.187,0.015,6.0
152,0.647,-0.150,1.494,-119.674,0.029,-0.001,6.0
153,0.643,-0.152,1.493,-120.285,-0.132,-0.003,6.0
154,0.640,-0.153,1.493,-120.961,-0.211,0.001,6.0
155,0.637,-0.154,1.493,-120.830,-0.200,0.003,6.0
156,0.635,-0.155,1.493,-120.499,-0.130,0.005,6.0
157,0.633,-0.154,1.492,-120.007,-0.248,0.010,6.0
158,0.631,-0.154,1.492,-119.407,-0.309,0.012,6.0
159,0.630,-0.152,1.492,-118.739,-0.282,0.011,6.0
160,0.629,-0.149,1.492,-118.002,-0.198,0.008,6.0
161,0.628,-0.146,1.492,-117.205,-0.094,0.007,6.0
162,0.628,-0.142,1.492,-117.295,0.001,0.001,6.0
163,0.627,-0.139,1.491,-117.610,0.067,-0.001,6.0
164,0.627,-0.135,1.491,-118.121,0.096,0.000,6.0
165,0.626,-0.132,1.491,-118.764,0.091,0.004,6.0
166,0.625,-0.129,1.491,-119.505,0.263,-0.001,6.0
167,0.624,-0.127,1.491,-120.312,0.354,-0.009,6.0
168,0.622,-0.126,1.491,-121.164,0.330,-0.015,6.0
169,0.619,-0.126,1.491,-122.029,0.227,-0.016,6.0
170,0.617,-0.126,1.491,-122.892,0.097,-0.013,6.0
171,0.614,-0.127,1.491,-122.963,-0.018,-0.015,6.0
172,0.611,-0.128,1.491,-122.801,-0.088,-0.012,6.0
173,0.608,-0.129,1.491,-122.417,-0.305,0.035,6.0
174,0.606,-0.128,1.491,-121.868,-0.417,0.070,6.0
175,0.604,-0.127,1.491,-121.190,-0.393,0.080,6.0
176,0.603,-0.124,1.491,-120.402,-0.281,0.072,6.0
177,0.602,-0.120,1.491,-119.531,-0.133,0.053,6.0
178,0.601,-0.116,1.491,-118.637,0.003,0.029,6.0
179,0.600,-0.112,1.491,-117.724,0.098,0.007,6.0
180,0.598,-0.107,1.491,-117.694,0.139,-0.013,6.0
181,0.597,-0.104,1.491,-117.865,0.135,-0.022,6.0
182,0.596,-0.100,1.491,-118.217,0.098,-0.021,6.0
183,0.594,-0.097,1.491,-118.697,0.242,-0.050,6.0
184,0.592,-0.095,1.491,-119.134,0.317,-0.063,6.0
185,0.590,-0.094,1.491,-119.612,0.294,-0.057,6.0
186,0.587,-0.094,1.491,-120.062,0.254,-0.043,6.0
187,0.584,-0.095,1.491,-120.015,0.173,-0.026,6.0
188,0.581,-0.096,1.491,-119.848,0.079,-0.009,6.0
189,0.578,-0.097,1.491,-119.598,0.002,-0.000,6.0
190,0.575,-0.099,1.491,-119.269,-0.042,0.002,6.0
191,0.572,-0.100,1.491,-118.774,-0.095,0.006,6.0
192,0.569,-0.101,1.491,-118.194,-0.107,0.004,6.0
193,0.566,-0.102,1.491,-117.544,-0.082,0.001,6.0
194,0.563,-0.103,1.491,-117.693,-0.041,-0.004,6.0
195,0.560,-0.103,1.491,-118.032,-0.196,0.058,6.0
196,0.558,-0.103,1.491,-118.522,-0.295,0.105,6.0
197,0.555,-0.102,1.491,-119.108,-0.297,0.119,6.0
198,0.553,-0.099,1.491,-119.779,-0.229,0.106,6.0
199,0.551,-0.096,1.491,-120.513,-0.127,0.075,6.0
200,0.549,-0.093,1.491,-121.289,-0.024,0.038,6.0
201,0.546,-0.089,1.491,-122.099,0.054,0.003,6.0
202,0.544,-0.085,1.491,-122.105,0.100,-0.016,6.0
203,0.541,-0.081,1.491,-121.890,0.282,-0.116,6.0
204,0.539,-0.079,1.491,-121.473,0.370,-0.173,6.0
205,0.536,-0.078,1.491,-120.911,0.338,-0.170,6.0
206,0.533,-0.078,1.491,-120.251,0.227,-0.125,6.0
207,0.530,-0.079,1.491,-119.527,0.090,-0.063,6.0
208,0.527,-0.080,1.491,-118.756,-0.026,-0.006,6.0
209,0.524,-0.082,1.491,-117.947,-0.092,0.031,6.0
210,0.521,-0.083,1.491,-117.115,-0.105,0.044,6.0
211,0.518,-0.084,1.491,-117.098,-0.078,0.039,6.0
212,0.516,-0.084,1.491,-117.294,-0.031,0.022,6.0
213,0.513,-0.084,1.491,-116.857,0.015,0.003,6.0
214,0.510,-0.085,1.491,-116.926,0.044,-0.013,6.0
215,0.507,-0.085,1.491,-117.311,0.053,-0.022,6.0
216,0.504,-0.086,1.491,-117.838,0.043,-0.022,6.0
217,0.501,-0.087,1.491,-118.503,0.023,-0.015,6.0
218,0.498,-0.088,1.491,-119.247,0.001,-0.004,6.0
219,0.495,-0.089,1.491,-120.016,-0.014,0.005,6.0
220,0.492,-0.090,1.491,-120.811,-0.021,0.010,6.0
221,0.489,-0.091,1.491,-120.778,-0.017,0.009,6.0
222,0.486,-0.091,1.491,-120.549,-0.008,0.004,6.0
223,0.483,-0.092,1.491,-120.146,0.003,-0.002,6.0
224,0.480,-0.093,1.491,-119.615,0.011,-0.007,6.0
225,0.477,-0.094,1.491,-118.986,0.016,-0.010,6.0
226,0.474,-0.095,1.491,-118.311,0.016,-0.009,6.0
227,0.471,-0.096,1.491,-117.595,0.011,-0.006,6.0
228,0.468,-0.097,1.491,-117.706,0.004,-0.001,6.0
229,0.465,-0.098,1.491,-117.994,-0.003,0.004,6.0
230,0.463,-0.099,1.491,-118.433,-0.008,0.007,6.0
231,0.460,-0.100,1.491,-118.978,-0.011,0.008,6.0
232,0.456,-0.101,1.491,-119.606,-0.011,0.008,6.0
233,0.453,-0.101,1.491,-120.280,-0.008,0.006,6.0
234,0.450,-0.102,1.491,-120.129,-0.003,0.002,6.0
235,0.447,-0.103,1.491,-119.808,0.002,-0.003,6.0
236,0.444,-0.104,1.491,-119.343,0.006,-0.006,6.0
237,0.441,-0.105,1.491,-118.778,0.008,-0.008,6.0
238,0.438,-0.106,1.491,-118.136,0.009,-0.008,6.0
239,0.435,-0.107,1.491,-117.435,0.009,-0.007,6.0
240,0.432,-0.108,1.491,-116.695,0.006,-0.005,6.0
241,0.429,-0.109,1.491,-116.773,0.003,-0.001,6.0
242,0.426,-0.110,1.491,-117.047,-0.001,0.003,6.0
243,0.423,-0.111,1.491,-117.498,-0.005,0.006,6.0
244,0.420,-0.112,1.491,-118.072,-0.007,0.007,6.0
245,0.417,-0.113,1.491,-118.740,-0.009,0.007,6.0
246,0.414,-0.114,1.491,-119.477,-0.009,0.006,6.0
247,0.411,-0.115,1.491,-120.238,-0.006,0.003,6.0
248,0.408,-0.115,1.491,-120.174,-0.002,-0.000,6.0
249,0.405,-0.116,1.491,-119.936,0.002,-0.004,6.0
250,0.401,-0.117,1.491,-119.541,0.005,-0.006,6.0
251,0.398,-0.118,1.491,-119.031,0.007,-0.007,6.0
252,0.395,-0.119,1.491,-118.427,0.008,-0.007,6.0
253,0.392,-0.120,1.491,-117.748,0.007,-0.007,6.0
254,0.389,-0.121,1.491,-117.027,0.005,-0.005,6.0
255,0.386,-0.122,1.491,-117.135,0.002,-0.001,6.0
256,0.383,-0.123,1.491,-117.424,-0.001,0.002,6.0
257,0.380,-0.124,1.491,-117.870,-0.005,0.005,6.0
258,0.377,-0.125,1.491,-118.508,-0.005,0.005,6.0
259,0.374,-0.126,1.491,-119.058,-0.176,0.179,6.0
260,0.370,-0.126,1.491,-119.782,-0.235,0.300,6.0
261,0.366,-0.126,1.491,-120.552,-0.211,0.325,6.0
262,0.362,-0.123,1.491,-121.374,-0.148,0.266,6.0
263,0.357,-0.120,1.491,-121.330,-0.062,0.157,6.0
264,0.352,-0.117,1.491,-121.083,0.021,0.032,6.0
265,0.346,-0.113,1.491,-120.797,0.235,-0.250,6.0
266,0.341,-0.111,1.491,-120.414,0.357,-0.416,6.0
267,0.336,-0.110,1.491,-119.782,0.307,-0.425,6.0
268,0.332,-0.111,1.491,-119.065,0.181,-0.318,6.0
269,0.329,-0.112,1.491,-118.287,0.040,-0.159,6.0
270,0.326,-0.115,1.491,-117.456,-0.072,-0.008,6.0
271,0.324,-0.117,1.491,-116.597,-0.131,0.095,6.0
272,0.321,-0.119,1.491,-116.602,-0.128,0.138,6.0
273,0.318,-0.120,1.491,-116.823,-0.087,0.123,6.0
274,0.315,-0.120,1.491,-117.235,-0.031,0.072,6.0
275,0.311,-0.121,1.491,-117.779,0.018,0.010,6.0
276,0.308,-0.121,1.491,-118.418,0.047,-0.039,6.0
277,0.304,-0.122,1.491,-119.124,0.053,-0.064,6.0
278,0.301,-0.123,1.491,-119.874,0.039,-0.063,6.0
279,0.298,-0.124,1.491,-120.642,0.017,-0.045,6.0
280,0.295,-0.125,1.491,-120.609,-0.005,-0.021,6.0
281,0.292,-0.126,1.491,-120.381,-0.020,0.001,6.0
282,0.289,-0.128,1.491,-119.974,-0.023,0.015,6.0
283,0.286,-0.129,1.491,-119.433,-0.018,0.020,6.0
284,0.282,-0.130,1.491,-118.787,-0.008,0.015,6.0
285,0.279,-0.131,1.491,-118.066,0.003,0.005,6.0
286,0.276,-0.132,1.491,-117.289,0.013,-0.005,6.0
287,0.273,-0.133,1.491,-116.487,0.017,-0.012,6.0
288,0.270,-0.134,1.491,-116.521,0.015,-0.013,6.0
289,0.267,-0.135,1.491,-116.754,0.008,-0.009,6.0
290,0.264,-0.136,1.491,-117.168,-0.000,-0.003,6.0
291,0.260,-0.138,1.491,-117.713,-0.008,0.004,6.0
292,0.257,-0.139,1.491,-118.360,-0.012,0.009,6.0
293,0.254,-0.140,1.491,-119.081,-0.014,0.012,6.0
294,0.251,-0.141,1.491,-119.856,-0.013,0.012,6.0
295,0.248,-0.142,1.491,-120.654,-0.009,0.009,6.0
296,0.245,-0.143,1.491,-120.625,-0.003,0.003,6.0
297,0.241,-0.144,1.491,-120.398,0.003,-0.003,6.0
298,0.238,-0.145,1.491,-119.990,0.007,-0.008,6.0
299,0.235,-0.146,1.491,-119.449,0.009,-0.010,6.0
300,0.232,-0.147,1.491,-118.807,0.009,-0.011,6.0
301,0.229,-0.148,1.491,-118.089,0.008,-0.010,6.0
302,0.225,-0.150,1.491,-117.316,0.007,-0.009,6.0
303,0.222,-0.151,1.491,-116.518,0.005,-0.006,6.0
304,0.219,-0.152,1.491,-116.557,0.001,-0.002,6.0
305,0.216,-0.153,1.491,-116.796,-0.002,0.003,6.0
306,0.213,-0.155,1.491,-117.218,-0.006,0.006,6.0
307,0.210,-0.156,1.491,-117.769,-0.008,0.008,6.0
308,0.207,-0.157,1.491,-118.421,-0.009,0.008,6.0
309,0.203,-0.158,1.491,-119.144,-0.009,0.008,6.0
310,0.200,-0.159,1.491,-119.917,-0.009,0.007,6.0
311,0.197,-0.160,1.491,-120.714,-0.007,0.004,6.0
312,0.194,-0.161,1.491,-120.683,-0.003,0.000,6.0
313,0.190,-0.162,1.491,-120.449,0.001,-0.004,6.0
314,0.187,-0.163,1.491,-120.034,0.004,-0.007,6.0
315,0.184,-0.165,1.491,-119.488,0.007,-0.009,6.0
316,0.181,-0.166,1.491,-118.844,0.008,-0.010,6.0
317,0.177,-0.167,1.491,-118.126,0.008,-0.010,6.0
318,0.174,-0.168,1.491,-117.354,0.008,-0.009,6.0
319,0.171,-0.169,1.491,-116.550,0.006,-0.007,6.0
320,0.168,-0.171,1.491,-116.593,0.002,-0.002,6.0
321,0.165,-0.172,1.491,-116.840,-0.002,0.003,6.0
322,0.161,-0.173,1.491,-117.269,-0.006,0.006,6.0
323,0.158,-0.174,1.491,-117.826,-0.008,0.008,6.0
324,0.155,-0.176,1.491,-118.482,-0.010,0.009,6.0
325,0.152,-0.177,1.491,-119.209,-0.010,0.009,6.0
326,0.148,-0.178,1.491,-119.990,-0.010,0.008,6.0
327,0.145,-0.179,1.491,-120.796,-0.008,0.006,6.0
328,0.142,-0.180,1.491,-120.767,-0.004,0.001,6.0
329,0.139,-0.181,1.491,-120.540,0.001,-0.004,6.0
330,0.135,-0.182,1.491,-120.130,0.005,-0.008,6.0
331,0.132,-0.183,1.491,-119.588,0.008,-0.010,6.0
332,0.129,-0.184,1.491,-118.945,0.009,-0.011,6.0
333,0.126,-0.185,1.491,-118.225,0.009,-0.011,6.0
334,0.122,-0.187,1.491,-117.450,0.008,-0.010,6.0
335,0.119,-0.188,1.491,-116.647,0.006,-0.008,6.0
336,0.116,-0.189,1.491,-116.689,0.002,-0.003,6.0
337,0.113,-0.191,1.491,-116.935,-0.002,0.002,6.0
338,0.109,-0.192,1.491,-117.363,-0.007,0.007,6.0
339,0.106,-0.193,1.491,-117.920,-0.009,0.009,6.0
340,0.103,-0.194,1.491,-118.575,-0.011,0.010,6.0
341,0.100,-0.196,1.491,-119.301,-0.011,0.010,6.0
342,0.096,-0.197,1.491,-120.080,-0.011,0.009,6.0
343,0.093,-0.198,1.491,-120.884,-0.009,0.006,6.0
344,0.090,-0.199,1.491,-120.853,-0.004,0.001,6.0
345,0.086,-0.200,1.491,-120.621,0.001,-0.004,6.0
346,0.083,-0.201,1.491,-120.208,0.005,-0.008,6.0
347,0.080,-0.202,1.491,-119.662,0.008,-0.011,6.0
348,0.076,-0.203,1.491,-119.016,0.010,-0.012,6.0
349,0.073,-0.204,1.491,-118.294,0.010,-0.012,6.0
350,0.070,-0.206,1.491,-117.516,0.009,-0.011,6.0
351,0.067,-0.207,1.491,-116.707,0.007,-0.009,6.0
352,0.063,-0.208,1.491,-116.749,0.002,-0.003,6.0
353,0.060,-0.210,1.491,-116.995,-0.002,0.003,6.0
354,0.057,-0.211,1.491,-117.424,-0.007,0.007,6.0
355,0.054,-0.212,1.491,-117.982,-0.010,0.010,6.0
356,0.050,-0.214,1.491,-118.639,-0.012,0.011,6.0
357,0.047,-0.215,1.491,-119.369,-0.012,0.011,6.0
358,0.044,-0.216,1.491,-120.151,-0.012,0.010,6.0
359,0.040,-0.217,1.491,-120.957,-0.010,0.007,6.0
360,0.037,-0.218,1.491,-120.928,-0.005,0.002,6.0
361,0.034,-0.219,1.491,-120.698,0.001,-0.004,6.0
362,0.030,-0.220,1.491,-120.285,0.006,-0.009,6.0
363,0.027,-0.221,1.491,-119.741,0.009,-0.012,6.0
364,0.024,-0.222,1.491,-119.096,0.011,-0.013,6.0
365,0.020,-0.224,1.491,-118.375,0.011,-0.014,6.0
366,0.017,-0.225,1.491,-117.597,0.010,-0.013,6.0
367,0.014,-0.226,1.491,-116.789,0.007,-0.010,6.0
368,0.011,-0.227,1.491,-116.833,0.003,-0.004,6.0
369,0.007,-0.229,1.491,-117.081,-0.003,0.003,6.0
370,0.004,-0.230,1.491,-117.512,-0.008,0.008,6.0
371,0.001,-0.232,1.491,-118.073,-0.011,0.011,6.0
372,-0.003,-0.233,1.491,-118.733,-0.013,0.013,6.0
373,-0.006,-0.234,1.491,-119.465,-0.014,0.012,6.0
374,-0.009,-0.235,1.491,-120.248,-0.014,0.011,6.0
375,-0.013,-0.236,1.491,-121.056,-0.011,0.008,6.0
376,-0.016,-0.237,1.491,-121.028,-0.005,0.002,6.0
377,-0.019,-0.238,1.491,-120.799,0.001,-0.004,6.0
378,-0.023,-0.239,1.491,-120.388,0.007,-0.010,6.0
379,-0.026,-0.241,1.491,-119.846,0.010,-0.013,6.0
380,-0.030,-0.242,1.491,-119.202,0.012,-0.015,6.0
381,-0.033,-0.243,1.491,-118.481,0.012,-0.015,6.0
382,-0.036,-0.244,1.491,-117.703,0.011,-0.015,6.0
383,-0.040,-0.245,1.491,-116.895,0.008,-0.011,6.0
384,-0.043,-0.247,1.491,-116.940,0.003,-0.004,6.0
385,-0.046,-0.248,1.491,-117.189,-0.003,0.003,6.0
386,-0.049,-0.250,1.491,-117.621,-0.008,0.009,6.0
387,-0.053,-0.251,1.491,-118.182,-0.013,0.013,6.0
388,-0.056,-0.252,1.491,-118.843,-0.015,0.014,6.0
389,-0.059,-0.253,1.491,-119.574,-0.015,0.014,6.0
390,-0.063,-0.255,1.491,-120.357,-0.015,0.013,6.0
391,-0.066,-0.256,1.491,-121.164,-0.012,0.010,6.0
392,-0.070,-0.257,1.491,-121.137,-0.006,0.003,6.0
393,-0.073,-0.258,1.491,-120.909,0.001,-0.004,6.0
394,-0.076,-0.259,1.491,-120.498,0.007,-0.011,6.0
395,-0.080,-0.260,1.491,-119.957,0.012,-0.015,6.0
396,-0.083,-0.261,1.491,-119.313,0.014,-0.017,6.0
397,-0.087,-0.262,1.491,-118.592,0.014,-0.018,6.0
398,-0.090,-0.263,1.491,-117.815,0.013,-0.017,6.0
399,-0.093,-0.265,1.491,-117.006,0.010,-0.013,6.0
400,-0.096,-0.266,1.491,-117.051,0.004,-0.005,6.0
401,-0.100,-0.268,1.491,-117.300,-0.003,0.003,6.0
402,-0.103,-0.269,1.491,-117.733,-0.010,0.010,6.0
403,-0.106,-0.270,1.491,-118.294,-0.017,0.012,6.0
404,-0.110,-0.272,1.491,-118.954,-0.023,0.011,6.0
405,-0.113,-0.273,1.491,-119.685,-0.027,0.008,6.0
406,-0.116,-0.274,1.491,-120.468,-0.030,0.004,6.0
407,-0.120,-0.275,1.491,-121.274,-0.027,-0.001,6.0
408,-0.123,-0.276,1.491,-121.246,-0.019,-0.007,6.0
409,-0.126,-0.277,1.491,-121.017,-0.009,-0.013,6.0
410,-0.129,-0.278,1.491,-120.605,0.000,-0.017,6.0
411,-0.132,-0.279,1.491,-120.061,0.007,-0.020,6.0
412,-0.135,-0.280,1.491,-119.416,0.011,-0.021,6.0
413,-0.138,-0.281,1.491,-118.694,0.013,-0.021,6.0
414,-0.141,-0.282,1.491,-117.914,0.012,-0.019,6.0
415,-0.144,-0.283,1.491,-117.105,0.007,-0.016,6.0
416,-0.147,-0.284,1.491,-117.149,-0.001,-0.009,6.0
417,-0.150,-0.286,1.491,-117.398,-0.011,-0.003,6.0
418,-0.153,-0.287,1.491,-117.831,-0.019,0.003,6.0
419,-0.156,-0.288,1.491,-118.393,-0.025,0.006,6.0
420,-0.159,-0.289,1.491,-119.054,-0.029,0.007,6.0
421,-0.162,-0.290,1.491,-119.786,-0.029,0.007,6.0
422,-0.164,-0.291,1.491,-120.570,-0.029,0.005,6.0
423,-0.167,-0.292,1.491,-121.377,-0.024,0.002,6.0
424,-0.170,-0.293,1.491,-121.350,-0.015,-0.004,6.0
425,-0.172,-0.293,1.491,-121.121,-0.006,-0.010,6.0
426,-0.175,-0.294,1.491,-120.710,0.003,-0.016,6.0
427,-0.178,-0.295,1.491,-120.168,0.009,-0.019,6.0
428,-0.180,-0.296,1.491,-119.523,0.012,-0.021,6.0
429,-0.183,-0.296,1.491,-118.802,0.012,-0.020,6.0
430,-0.185,-0.297,1.491,-118.023,0.012,-0.019,6.0
431,-0.188,-0.298,1.491,-117.214,0.008,-0.015,6.0
432,-0.190,-0.299,1.491,-117.259,-0.000,-0.008,6.0
433,-0.193,-0.301,1.491,-117.507,-0.009,-0.002,6.0
434,-0.195,-0.302,1.491,-117.939,-0.017,0.004,6.0
435,-0.198,-0.303,1.491,-118.500,-0.023,0.007,6.0
436,-0.200,-0.304,1.491,-119.159,-0.027,0.008,6.0
437,-0.202,-0.304,1.491,-119.889,-0.027,0.008,6.0
438,-0.205,-0.305,1.491,-120.671,-0.027,0.006,6.0
439,-0.207,-0.306,1.491,-121.476,-0.023,0.002,6.0
440,-0.209,-0.306,1.491,-121.448,-0.014,-0.003,6.0
441,-0.211,-0.307,1.491,-121.220,-0.005,-0.009,6.0
442,-0.214,-0.307,1.491,-120.808,0.004,-0.014,6.0
443,-0.216,-0.308,1.491,-120.265,0.010,-0.018,6.0
444,-0.218,-0.309,1.491,-119.619,0.013,-0.019,6.0
445,-0.220,-0.309,1.491,-118.897,0.013,-0.019,6.0
446,-0.222,-0.310,1.491,-118.117,0.013,-0.018,6.0
447,-0.224,-0.311,1.491,-117.308,0.009,-0.014,6.0
448,-0.226,-0.312,1.491,-117.352,0.001,-0.007,6.0
449,-0.228,-0.313,1.491,-117.599,-0.008,-0.001,6.0
450,-0.230,-0.314,1.491,-118.030,-0.016,0.005,6.0
451,-0.232,-0.315,1.491,-118.589,-0.022,0.008,6.0
452,-0.234,-0.315,1.491,-119.247,-0.025,0.009,6.0
453,-0.236,-0.316,1.491,-119.976,-0.026,0.008,6.0
454,-0.238,-0.317,1.491,-120.755,-0.026,0.007,6.0
455,-0.240,-0.317,1.491,-121.559,-0.021,0.003,6.0
456,-0.242,-0.318,1.491,-121.531,-0.013,-0.002,6.0
457,-0.244,-0.318,1.491,-121.302,-0.004,-0.008,6.0
458,-0.246,-0.318,1.491,-120.890,0.005,-0.013,6.0
459,-0.248,-0.319,1.491,-120.346,0.010,-0.017,6.0
460,-0.250,-0.319,1.491,-119.701,0.014,-0.018,6.0
461,-0.252,-0.320,1.491,-118.978,0.014,-0.018,6.0
462,-0.253,-0.321,1.491,-118.198,0.014,-0.017,6.0
463,-0.255,-0.321,1.491,-117.389,0.010,-0.013,6.0
464,-0.257,-0.322,1.491,-117.432,0.002,-0.007,6.0
465,-0.258,-0.323,1.491,-117.679,-0.007,0.000,6.0
466,-0.260,-0.324,1.491,-118.109,-0.015,0.005,6.0
467,-0.262,-0.324,1.491,-118.667,-0.021,0.009,6.0
468,-0.263,-0.325,1.491,-119.324,-0.024,0.010,6.0
469,-0.265,-0.326,1.491,-120.052,-0.025,0.009,6.0
470,-0.267,-0.326,1.491,-120.830,-0.025,0.008,6.0
471,-0.268,-0.327,1.491,-121.633,-0.020,0.004,6.0
472,-0.270,-0.327,1.491,-121.604,-0.012,-0.001,6.0
473,-0.272,-0.327,1.491,-121.375,-0.003,-0.007,6.0
474,-0.273,-0.327,1.491,-120.962,0.005,-0.013,6.0
475,-0.275,-0.328,1.491,-120.419,0.011,-0.016,6.0
476,-0.276,-0.328,1.491,-119.773,0.014,-0.017,6.0
477,-0.278,-0.329,1.491,-119.050,0.015,-0.017,6.0
478,-0.279,-0.329,1.491,-118.270,0.015,-0.016,6.0
479,-0.281,-0.330,1.491,-117.460,0.010,-0.012,6.0
480,-0.282,-0.330,1.491,-117.503,0.003,-0.006,6.0
481,-0.284,-0.331,1.491,-117.749,-0.006,0.001,6.0
482,-0.285,-0.332,1.491,-118.178,-0.014,0.006,6.0
483,-0.286,-0.332,1.491,-118.736,-0.020,0.009,6.0
484,-0.288,-0.333,1.491,-119.391,-0.023,0.010,6.0
485,-0.289,-0.333,1.491,-120.118,-0.024,0.009,6.0
486,-0.291,-0.334,1.491,-120.895,-0.024,0.008,6.0
487,-0.292,-0.334,1.491,-121.696,-0.019,0.004,6.0
488,-0.293,-0.334,1.491,-121.667,-0.011,-0.001,6.0
489,-0.295,-0.335,1.491,-121.437,-0.002,-0.007,6.0
490,-0.296,-0.335,1.491,-121.024,0.006,-0.012,6.0
491,-0.297,-0.335,1.491,-120.480,0.012,-0.015,6.0
492,-0.299,-0.335,1.491,-119.834,0.015,-0.017,6.0
493,-0.300,-0.336,1.491,-119.111,0.016,-0.017,6.0
494,-0.301,-0.336,1.491,-118.330,0.015,-0.015,6.0
495,-0.302,-0.337,1.491,-117.520,0.011,-0.012,6.0
496,-0.303,-0.337,1.491,-117.563,0.004,-0.005,6.0
497,-0.305,-0.338,1.491,-117.808,-0.005,0.001,6.0
498,-0.306,-0.338,1.491,-118.236,-0.013,0.006,6.0
499,-0.307,-0.339,1.491,-118.793,-0.019,0.010,6.0
500,-0.308,-0.339,1.491,-119.447,-0.022,0.010,6.0
501,-0.309,-0.340,1.491,-120.172,-0.023,0.010,6.0
502,-0.311,-0.340,1.491,-120.949,-0.023,0.009,6.0
503,-0.312,-0.340,1.491,-121.749,-0.018,0.005,6.0
504,-0.313,-0.341,1.491,-121.720,-0.010,-0.000,6.0
505,-0.314,-0.341,1.491,-121.489,-0.001,-0.006,6.0
506,-0.315,-0.341,1.491,-121.076,0.007,-0.011,6.0
507,-0.316,-0.341,1.491,-120.531,0.012,-0.015,6.0
508,-0.317,-0.341,1.491,-119.885,0.015,-0.016,6.0
509,-0.318,-0.341,1.491,-119.161,0.016,-0.016,6.0
510,-0.319,-0.342,1.491,-118.380,0.016,-0.015,6.0
511,-0.320,-0.342,1.491,-117.569,0.011,-0.011,6.0
512,-0.321,-0.343,1.491,-117.612,0.004,-0.005,6.0
513,-0.322,-0.343,1.491,-117.856,-0.004,0.002,6.0
514,-0.323,-0.344,1.491,-118.284,-0.012,0.007,6.0
515,-0.324,-0.344,1.491,-118.839,-0.018,0.010,6.0
516,-0.325,-0.345,1.491,-119.493,-0.021,0.011,6.0
517,-0.326,-0.345,1.491,-120.218,-0.022,0.010,6.0
518,-0.327,-0.345,1.491,-120.993,-0.022,0.009,6.0
519,-0.328,-0.345,1.491,-121.792,-0.018,0.005,6.0
520,-0.329,-0.345,1.491,-121.763,-0.010,0.000,6.0
521,-0.330,-0.346,1.491,-121.532,-0.001,-0.006,6.0
522,-0.331,-0.346,1.491,-121.118,0.007,-0.011,6.0
523,-0.332,-0.346,1.491,-120.573,0.013,-0.014,6.0
524,-0.333,-0.346,1.491,-119.926,0.016,-0.016,6.0
525,-0.334,-0.346,1.491,-119.202,0.017,-0.015,6.0
526,-0.335,-0.346,1.491,-118.421,0.016,-0.014,6.0
527,-0.336,-0.347,1.491,-117.610,0.012,-0.010,6.0
528,-0.336,-0.347,1.491,-117.651,0.005,-0.004,6.0
529,-0.337,-0.348,1.491,-117.896,-0.004,0.002,6.0
530,-0.338,-0.348,1.491,-118.322,-0.012,0.007,6.0
531,-0.339,-0.349,1.491,-118.877,-0.018,0.010,6.0
532,-0.340,-0.349,1.491,-119.530,-0.021,0.011,6.0
533,-0.341,-0.349,1.491,-120.254,-0.022,0.011,6.0
534,-0.341,-0.349,1.491,-121.028,-0.022,0.009,6.0
535,-0.342,-0.349,1.491,-121.827,-0.017,0.006,6.0
536,-0.343,-0.350,1.491,-121.797,-0.009,0.000,6.0
537,-0.344,-0.350,1.491,-121.566,-0.000,-0.005,6.0
538,-0.345,-0.350,1.491,-121.152,0.008,-0.010,6.0
539,-0.345,-0.350,1.491,-120.606,0.013,-0.014,6.0
540,-0.346,-0.350,1.491,-119.959,0.016,-0.015,6.0
541,-0.347,-0.350,1.491,-119.234,0.017,-0.015,6.0
542,-0.348,-0.350,1.491,-118.453,0.017,-0.014,6.0
543,-0.348,-0.351,1.491,-117.642,0.012,-0.010,6.0
544,-0.349,-0.351,1.491,-117.683,0.005,-0.004,6.0
545,-0.350,-0.351,1.491,-117.927,-0.003,0.002,6.0
546,-0.350,-0.352,1.491,-118.353,-0.011,0.007,6.0
547,-0.351,-0.352,1.491,-118.907,-0.017,0.010,6.0
548,-0.352,-0.352,1.491,-119.559,-0.020,0.011,6.0
549,-0.353,-0.353,1.491,-120.282,-0.021,0.011,6.0
550,-0.353,-0.353,1.491,-121.056,-0.021,0.010,6.0
551,-0.354,-0.353,1.491,-121.854,-0.017,0.006,6.0
552,-0.355,-0.353,1.491,-121.824,-0.009,0.001,6.0
553,-0.355,-0.353,1.491,-121.592,0.000,-0.005,6.0
554,-0.356,-0.353,1.491,-121.178,0.008,-0.010,6.0
555,-0.357,-0.353,1.491,-120.632,0.014,-0.013,6.0
556,-0.357,-0.353,1.491,-119.984,0.017,-0.015,6.0
557,-0.358,-0.353,1.491,-119.259,0.017,-0.015,6.0
558,-0.358,-0.353,1.491,-118.477,0.017,-0.014,6.0
559,-0.359,-0.354,1.491,-117.666,0.013,-0.010,6.0
560,-0.360,-0.354,1.491,-117.707,0.005,-0.004,6.0
561,-0.360,-0.354,1.491,-117.951,-0.003,0.003,6.0
562,-0.361,-0.355,1.491,-118.376,-0.011,0.008,6.0
563,-0.361,-0.355,1.491,-118.930,-0.017,0.011,6.0
564,-0.362,-0.355,1.491,-119.582,-0.020,0.012,6.0
565,-0.363,-0.355,1.491,-120.304,-0.021,0.011,6.0
566,-0.363,-0.356,1.491,-121.077,-0.021,0.010,6.0
567,-0.364,-0.356,1.491,-121.875,-0.016,0.006,6.0
568,-0.364,-0.356,1.491,-121.844,-0.009,0.001,6.0
569,-0.365,-0.355,1.491,-121.612,0.000,-0.005,6.0
570,-0.365,-0.355,1.491,-121.198,0.008,-0.010,6.0
571,-0.366,-0.355,1.491,-120.651,0.014,-0.013,6.0
572,-0.367,-0.355,1.491,-120.003,0.017,-0.014,6.0
573,-0.367,-0.356,1.491,-119.278,0.018,-0.014,6.0
574,-0.368,-0.356,1.491,-118.496,0.017,-0.013,6.0
575,-0.368,-0.356,1.491,-117.684,0.013,-0.009,6.0
576,-0.369,-0.356,1.491,-117.725,0.006,-0.003,6.0
577,-0.369,-0.357,1.491,-117.968,-0.003,0.003,6.0
578,-0.369,-0.357,1.491,-118.393,-0.011,0.008,6.0
579,-0.370,-0.357,1.491,-118.947,-0.016,0.011,6.0
580,-0.370,-0.358,1.491,-119.598,-0.020,0.012,6.0
581,-0.371,-0.358,1.491,-120.320,-0.021,0.011,6.0
582,-0.371,-0.358,1.491,-121.093,-0.020,0.010,6.0
583,-0.372,-0.358,1.491,-121.890,-0.016,0.006,6.0
584,-0.372,-0.358,1.491,-121.859,-0.008,0.001,6.0
585,-0.373,-0.358,1.491,-121.627,0.001,-0.004,6.0
586,-0.373,-0.358,1.491,-121.212,0.008,-0.009,6.0
587,-0.374,-0.357,1.491,-120.665,0.014,-0.013,6.0
588,-0.374,-0.358,1.491,-120.017,0.017,-0.014,6.0
589,-0.375,-0.358,1.491,-119.292,0.018,-0.014,6.0
590,-0.375,-0.358,1.491,-118.509,0.017,-0.013,6.0
591,-0.376,-0.358,1.491,-117.697,0.013,-0.009,6.0
592,-0.376,-0.358,1.491,-117.738,0.006,-0.003,6.0
593,-0.376,-0.359,1.491,-117.981,-0.003,0.003,6.0
594,-0.377,-0.359,1.491,-118.405,-0.010,0.008,6.0
595,-0.377,-0.359,1.491,-118.959,-0.016,0.011,6.0
596,-0.378,-0.359,1.491,-119.609,-0.019,0.012,6.0
597,-0.378,-0.360,1.491,-120.331,-0.020,0.011,6.0
598,-0.378,-0.360,1.491,-121.103,-0.020,0.010,6.0
599,-0.379,-0.360,1.491,-121.900,-0.016,0.006,6.0
600,-0.379,-0.359,1.491,-121.869,-0.008,0.001,6.0
601,-0.380,-0.359,1.491,-121.637,0.001,-0.004,6.0
602,-0.380,-0.359,1.491,-121.221,0.009,-0.009,6.0
603,-0.380,-0.359,1.491,-120.675,0.014,-0.013,6.0
604,-0.381,-0.359,1.491,-120.026,0.017,-0.014,6.0
605,-0.381,-0.359,1.491,-119.301,0.018,-0.014,6.0
606,-0.382,-0.359,1.491,-118.518,0.018,-0.013,6.0
607,-0.382,-0.360,1.491,-117.706,0.013,-0.009,6.0
608,-0.382,-0.360,1.491,-117.746,0.006,-0.003,6.0
609,-0.383,-0.360,1.491,-117.989,-0.002,0.003,6.0
610,-0.383,-0.361,1.491,-118.414,-0.010,0.008,6.0
611,-0.383,-0.361,1.491,-118.966,-0.016,0.011,6.0
612,-0.384,-0.361,1.491,-119.617,-0.019,0.012,6.0
613,-0.384,-0.361,1.491,-120.338,-0.020,0.012,6.0
614,-0.384,-0.361,1.491,-121.110,-0.020,0.010,6.0
615,-0.385,-0.361,1.491,-121.907,-0.016,0.007,6.0
616,-0.385,-0.361,1.491,-121.875,-0.008,0.002,6.0
617,-0.385,-0.361,1.491,-121.643,0.001,-0.004,6.0
618,-0.386,-0.361,1.491,-121.228,0.009,-0.009,6.0
619,-0.386,-0.361,1.491,-120.681,0.014,-0.012,6.0
620,-0.386,-0.361,1.491,-120.032,0.017,-0.014,6.0
621,-0.387,-0.361,1.491,-119.306,0.018,-0.014,6.0
622,-0.387,-0.361,1.491,-118.523,0.018,-0.013,6.0
623,-0.387,-0.361,1.491,-117.712,0.013,-0.009,6.0
624,-0.387,-0.361,1.491,-117.752,0.006,-0.003,6.0
625,-0.388,-0.362,1.491,-117.994,-0.002,0.003,6.0
626,-0.388,-0.362,1.491,-118.419,-0.010,0.008,6.0
627,-0.388,-0.362,1.491,-118.971,-0.016,0.011,6.0
628,-0.389,-0.362,1.491,-119.621,-0.019,0.012,6.0
629,-0.389,-0.362,1.491,-120.343,-0.020,0.012,6.0
630,-0.389,-0.362,1.491,-121.114,-0.020,0.010,6.0
631,-0.390,-0.362,1.491,-121.911,-0.015,0.007,6.0
632,-0.390,-0.362,1.491,-121.879,-0.008,0.002,6.0
633,-0.390,-0.362,1.491,-121.647,0.001,-0.004,6.0
634,-0.390,-0.362,1.491,-121.231,0.009,-0.009,6.0
635,-0.391,-0.362,1.491,-120.685,0.014,-0.012,6.0
636,-0.391,-0.362,1.491,-120.035,0.017,-0.014,6.0
637,-0.391,-0.362,1.491,-119.310,0.018,-0.014,6.0
638,-0.391,-0.362,1.491,-118.527,0.018,-0.012,6.0
639,-0.392,-0.362,1.491,-117.715,0.014,-0.009,6.0
640,-0.392,-0.362,1.491,-117.755,0.006,-0.003,6.0
641,-0.392,-0.363,1.491,-117.997,-0.002,0.003,6.0
642,-0.392,-0.363,1.491,-118.421,-0.010,0.008,6.0
643,-0.393,-0.363,1.491,-118.974,-0.015,0.011,6.0
644,-0.393,-0.363,1.491,-119.624,-0.019,0.012,6.0
645,-0.393,-0.363,1.491,-120.345,-0.020,0.012,6.0
646,-0.393,-0.363,1.491,-121.116,-0.020,0.010,6.0
647,-0.394,-0.363,1.491,-121.913,-0.015,0.007,6.0
648,-0.394,-0.363,1.491,-121.881,-0.008,0.002,6.0
649,-0.394,-0.363,1.491,-121.648,0.001,-0.004,6.0
650,-0.394,-0.363,1.491,-121.233,0.009,-0.009,6.0
651,-0.395,-0.363,1.491,-120.686,0.015,-0.012,6.0
652,-0.395,-0.363,1.491,-120.037,0.017,-0.013,6.0
653,-0.395,-0.363,1.491,-119.311,0.018,-0.013,6.0
654,-0.395,-0.363,1.491,-118.528,0.018,-0.012,6.0
655,-0.395,-0.363,1.491,-117.716,0.014,-0.009,6.0
656,-0.396,-0.363,1.491,-117.756,0.007,-0.003,6.0
657,-0.396,-0.364,1.491,-117.998,-0.002,0.003,6.0
658,-0.396,-0.364,1.491,-118.422,-0.010,0.008,6.0
659,-0.396,-0.364,1.491,-118.975,-0.015,0.011,6.0
660,-0.396,-0.364,1.491,-119.625,-0.019,0.012,6.0
661,-0.397,-0.364,1.491,-120.345,-0.020,0.012,6.0
662,-0.397,-0.364,1.491,-121.117,-0.020,0.011,6.0
663,-0.397,-0.364,1.491,-121.913,-0.015,0.007,6.0
664,-0.397,-0.364,1.491,-121.881,-0.007,0.002,6.0
665,-0.397,-0.364,1.491,-121.649,0.001,-0.004,6.0
666,-0.398,-0.364,1.491,-121.233,0.009,-0.009,6.0
667,-0.398,-0.364,1.491,-120.686,0.015,-0.012,6.0
668,-0.398,-0.364,1.491,-120.037,0.018,-0.013,6.0
669,-0.398,-0.364,1.491,-119.311,0.018,-0.013,6.0
670,-0.398,-0.364,1.491,-118.528,0.018,-0.012,6.0
671,-0.398,-0.364,1.491,-117.716,0.014,-0.008,6.0
672,-0.399,-0.364,1.491,-117.756,0.007,-0.003,6.0
673,-0.399,-0.364,1.491,-117.998,-0.002,0.004,6.0
674,-0.399,-0.365,1.491,-118.422,-0.010,0.009,6.0
675,-0.399,-0.365,1.491,-118.974,-0.015,0.012,6.0
676,-0.399,-0.365,1.491,-119.624,-0.018,0.012,6.0
677,-0.399,-0.365,1.491,-120.345,-0.020,0.012,6.0
678,-0.400,-0.365,1.491,-121.117,-0.019,0.011,6.0
679,-0.400,-0.365,1.491,-121.913,-0.015,0.007,6.0
680,-0.400,-0.365,1.491,-121.881,-0.007,0.002,6.0
681,-0.400,-0.365,1.491,-121.648,0.001,-0.003,6.0
682,-0.400,-0.364,1.491,-121.233,0.009,-0.008,6.0
683,-0.400,-0.364,1.491,-120.686,0.015,-0.012,6.0
684,-0.401,-0.364,1.491,-120.036,0.018,-0.013,6.0
685,-0.401,-0.364,1.491,-119.311,0.018,-0.013,6.0
686,-0.401,-0.364,1.491,-118.527,0.018,-0.012,6.0
687,-0.401,-0.364,1.491,-117.715,0.014,-0.008,6.0
688,-0.401,-0.365,1.491,-117.755,0.007,-0.002,6.0
689,-0.401,-0.365,1.491,-117.997,-0.002,0.004,6.0
690,-0.401,-0.365,1.491,-118.421,-0.009,0.009,6.0
691,-0.402,-0.365,1.491,-118.974,-0.015,0.012,6.0
692,-0.402,-0.365,1.491,-119.624,-0.018,0.013,6.0
693,-0.402,-0.366,1.491,-120.344,-0.019,0.012,6.0
694,-0.402,-0.366,1.491,-121.116,-0.019,0.011,6.0
695,-0.402,-0.365,1.491,-121.912,-0.015,0.007,6.0
696,-0.402,-0.365,1.491,-121.880,-0.007,0.002,6.0
697,-0.402,-0.365,1.491,-121.647,0.001,-0.003,6.0
698,-0.403,-0.365,1.491,-121.232,0.009,-0.008,6.0
699,-0.403,-0.365,1.491,-120.685,0.015,-0.012,6.0
700,-0.403,-0.365,1.491,-120.036,0.018,-0.013,6.0
701,-0.403,-0.365,1.491,-119.310,0.018,-0.013,6.0
702,-0.403,-0.365,1.491,-118.526,0.018,-0.012,6.0
703,-0.403,-0.365,1.491,-117.714,0.014,-0.008,6.0
704,-0.403,-0.365,1.491,-117.754,0.007,-0.002,6.0
705,-0.403,-0.365,1.491,-117.996,-0.002,0.004,6.0
706,-0.404,-0.366,1.491,-118.421,-0.009,0.009,6.0
707,-0.404,-0.366,1.491,-118.973,-0.015,0.012,6.0
708,-0.404,-0.366,1.491,-119.623,-0.018,0.013,6.0
709,-0.404,-0.366,1.491,-120.343,-0.019,0.012,6.0
710,-0.404,-0.366,1.491,-121.115,-0.019,0.011,6.0
711,-0.404,-0.366,1.491,-121.911,-0.015,0.007,6.0
712,-0.404,-0.366,1.491,-121.879,-0.007,0.002,6.0
713,-0.404,-0.366,1.491,-121.647,0.002,-0.003,6.0
714,-0.405,-0.365,1.491,-121.231,0.009,-0.008,6.0
715,-0.405,-0.365,1.491,-120.684,0.015,-0.012,6.0
716,-0.405,-0.365,1.491,-120.035,0.018,-0.013,6.0
717,-0.405,-0.365,1.491,-119.309,0.019,-0.013,6.0
718,-0.405,-0.365,1.491,-118.526,0.018,-0.012,6.0
719,-0.405,-0.365,1.491,-117.714,0.014,-0.008,6.0
720,-0.405,-0.366,1.491,-117.754,0.007,-0.002,6.0
721,-0.405,-0.366,1.491,-117.996,-0.002,0.004,6.0
722,-0.405,-0.366,1.491,-118.420,-0.009,0.009,6.0
723,-0.405,-0.366,1.491,-118.972,-0.015,0.012,6.0
724,-0.406,-0.366,1.491,-119.622,-0.018,0.013,6.0
725,-0.406,-0.367,1.491,-120.343,-0.019,0.012,6.0
726,-0.406,-0.366,1.491,-121.115,-0.019,0.011,6.0
727,-0.406,-0.366,1.491,-121.911,-0.015,0.007,6.0
728,-0.406,-0.366,1.491,-121.879,-0.007,0.002,6.0
729,-0.406,-0.366,1.491,-121.646,0.002,-0.003,6.0
730,-0.406,-0.366,1.491,-121.231,0.009,-0.008,6.0
731,-0.406,-0.366,1.491,-120.684,0.015,-0.012,6.0
732,-0.406,-0.366,1.491,-120.035,0.018,-0.013,6.0
733,-0.406,-0.366,1.491,-119.309,0.019,-0.013,6.0
734,-0.407,-0.366,1.491,-118.526,0.018,-0.012,6.0
735,-0.407,-0.366,1.491,-117.714,0.014,-0.008,6.0
736,-0.407,-0.366,1.491,-117.754,0.007,-0.002,6.0
737,-0.407,-0.366,1.491,-117.996,-0.002,0.004,6.0
738,-0.407,-0.367,1.491,-118.420,-0.009,0.009,6.0
739,-0.407,-0.367,1.491,-118.973,-0.015,0.012,6.0
740,-0.407,-0.367,1.491,-119.623,-0.018,0.013,6.0
741,-0.407,-0.367,1.491,-120.343,-0.019,0.012,6.0
742,-0.407,-0.367,1.491,-121.115,-0.019,0.011,6.0
743,-0.407,-0.367,1.491,-121.911,-0.015,0.007,6.0
744,-0.407,-0.367,1.491,-121.879,-0.007,0.002,6.0
745,-0.407,-0.366,1.491,-121.647,0.002,-0.003,6.0
746,-0.408,-0.366,1.491,-121.232,0.009,-0.008,6.0
747,-0.408,-0.366,1.491,-120.685,0.015,-0.012,6.0
748,-0.408,-0.366,1.491,-120.036,0.018,-0.013,6.0
749,-0.408,-0.366,1.491,-119.310,0.019,-0.013,6.0
750,-0.408,-0.366,1.491,-118.527,0.018,-0.012,6.0
751,-0.408,-0.366,1.491,-117.715,0.014,-0.008,6.0
752,-0.408,-0.366,1.491,-117.755,0.007,-0.002,6.0
753,-0.408,-0.367,1.491,-117.997,-0.001,0.004,6.0
754,-0.408,-0.367,1.491,-118.422,-0.009,0.009,6.0
755,-0.408,-0.367,1.491,-118.974,-0.015,0.012,6.0
756,-0.408,-0.367,1.491,-119.624,-0.018,0.013,6.0
757,-0.408,-0.367,1.491,-120.345,-0.019,0.012,6.0
758,-0.408,-0.367,1.491,-121.117,-0.019,0.011,6.0
759,-0.408,-0.367,1.491,-121.913,-0.015,0.007,6.0
760,-0.409,-0.367,1.491,-121.881,-0.007,0.002,6.0
761,-0.409,-0.367,1.491,-121.649,0.002,-0.003,6.0
762,-0.409,-0.366,1.491,-121.233,0.009,-0.008,6.0
763,-0.409,-0.366,1.491,-120.687,0.015,-0.011,6.0
764,-0.409,-0.366,1.491,-120.038,0.018,-0.013,6.0
765,-0.409,-0.366,1.491,-119.312,0.019,-0.013,6.0
766,-0.409,-0.366,1.491,-118.529,0.018,-0.012,6.0
767,-0.409,-0.366,1.491,-117.717,0.014,-0.008,6.0
768,-0.409,-0.367,1.491,-117.757,0.007,-0.002,6.0
769,-0.409,-0.367,1.491,-118.000,-0.001,0.004,6.0
770,-0.409,-0.367,1.491,-118.424,-0.009,0.009,6.0
771,-0.409,-0.367,1.491,-118.977,-0.015,0.012,6.0
772,-0.409,-0.367,1.491,-119.627,-0.018,0.013,6.0
773,-0.409,-0.367,1.491,-120.348,-0.019,0.012,6.0
774,-0.409,-0.367,1.491,-121.119,-0.019,0.011,6.0
775,-0.409,-0.367,1.491,-121.915,-0.015,0.007,6.0
776,-0.409,-0.367,1.491,-121.884,-0.007,0.002,6.0
777,-0.410,-0.367,1.491,-121.652,0.002,-0.003,6.0
778,-0.410,-0.367,1.491,-121.237,0.009,-0.008,6.0
779,-0.410,-0.367,1.491,-120.690,0.015,-0.011,6.0
780,-0.410,-0.366,1.491,-120.041,0.018,-0.013,6.0
781,-0.410,-0.366,1.491,-119.316,0.019,-0.013,6.0
782,-0.410,-0.367,1.491,-118.533,0.018,-0.012,6.0
783,-0.410,-0.367,1.491,-117.721,0.014,-0.008,6.0
784,-0.410,-0.367,1.491,-117.761,0.007,-0.002,6.0
785,-0.410,-0.367,1.491,-118.004,-0.001,0.004,6.0
786,-0.410,-0.367,1.491,-118.428,-0.009,0.009,6.0
787,-0.410,-0.367,1.491,-118.981,-0.015,0.012,6.0
788,-0.410,-0.368,1.491,-119.631,-0.018,0.013,6.0
789,-0.410,-0.368,1.491,-120.352,-0.019,0.012,6.0
790,-0.410,-0.368,1.491,-121.124,-0.019,0.011,6.0
791,-0.410,-0.367,1.491,-121.920,-0.015,0.007,6.0
792,-0.410,-0.367,1.491,-121.889,-0.007,0.002,6.0
793,-0.410,-0.367,1.491,-121.656,0.002,-0.003,6.0
794,-0.410,-0.367,1.491,-121.241,0.009,-0.008,6.0
795,-0.410,-0.367,1.491,-120.695,0.015,-0.011,6.0
796,-0.411,-0.367,1.491,-120.046,0.018,-0.013,6.0
797,-0.411,-0.367,1.491,-119.321,0.019,-0.013,6.0
798,-0.411,-0.367,1.491,-118.538,0.018,-0.012,6.0
799,-0.411,-0.367,1.491,-117.726,0.014,-0.008,6.0
800,-0.411,-0.367,1.491,-117.766,0.007,-0.002,6.0
801,-0.411,-0.367,1.491,-118.009,-0.001,0.004,6.0
802,-0.411,-0.367,1.491,-118.434,-0.009,0.009,6.0
803,-0.411,-0.368,1.491,-118.986,-0.015,0.012,6.0
804,-0.411,-0.368,1.491,-119.637,-0.018,0.013,6.0
805,-0.411,-0.368,1.491,-120.358,-0.019,0.012,6.0
806,-0.411,-0.368,1.491,-121.129,-0.019,0.011,6.0
807,-0.411,-0.368,1.491,-121.925,-0.015,0.007,6.0
808,-0.411,-0.367,1.491,-121.894,-0.007,0.002,6.0
809,-0.411,-0.367,1.491,-121.662,0.002,-0.003,6.0
810,-0.411,-0.367,1.491,-121.247,0.009,-0.008,6.0
811,-0.411,-0.367,1.491,-120.701,0.015,-0.011,6.0
812,-0.411,-0.367,1.491,-120.052,0.018,-0.013,6.0
813,-0.411,-0.367,1.491,-119.327,0.019,-0.013,6.0
814,-0.411,-0.367,1.491,-118.544,0.018,-0.012,6.0
815,-0.411,-0.367,1.491,-117.732,0.014,-0.008,6.0
816,-0.411,-0.367,1.491,-117.772,0.007,-0.002,6.0
817,-0.411,-0.367,1.491,-118.015,-0.001,0.004,6.0
818,-0.411,-0.368,1.491,-118.440,-0.009,0.009,6.0
819,-0.411,-0.368,1.491,-118.992,-0.015,0.012,6.0
820,-0.411,-0.368,1.491,-119.643,-0.018,0.013,6.0
821,-0.411,-0.368,1.491,-120.364,-0.019,0.012,6.0
822,-0.411,-0.368,1.491,-121.135,-0.019,0.011,6.0
823,-0.412,-0.368,1.491,-121.931,-0.015,0.007,6.0
824,-0.412,-0.368,1.491,-121.900,-0.007,0.002,6.0
825,-0.412,-0.367,1.491,-121.668,0.002,-0.003,6.0
826,-0.412,-0.367,1.491,-121.253,0.009,-0.008,6.0
827,-0.412,-0.367,1.491,-120.707,0.015,-0.011,6.0
828,-0.412,-0.367,1.491,-120.058,0.018,-0.013,6.0
829,-0.412,-0.367,1.491,-119.333,0.019,-0.013,6.0
830,-0.412,-0.367,1.491,-118.550,0.018,-0.012,6.0
831,-0.412,-0.367,1.491,-117.738,0.014,-0.008,6.0
832,-0.412,-0.367,1.491,-117.779,0.007,-0.002,6.0
833,-0.412,-0.367,1.491,-118.022,-0.001,0.004,6.0
834,-0.412,-0.368,1.491,-118.446,-0.009,0.009,6.0
835,-0.412,-0.368,1.491,-118.999,-0.015,0.012,6.0
836,-0.412,-0.368,1.491,-119.649,-0.018,0.013,6.0
837,-0.412,-0.368,1.491,-120.371,-0.019,0.012,6.0
838,-0.412,-0.368,1.491,-121.142,-0.019,0.011,6.0
839,-0.412,-0.368,1.491,-121.938,-0.015,0.007,6.0
840,-0.412,-0.368,1.491,-121.907,-0.007,0.002,6.0
841,-0.412,-0.367,1.491,-121.675,0.002,-0.003,6.0
842,-0.412,-0.367,1.491,-121.260,0.009,-0.008,6.0
843,-0.412,-0.367,1.491,-120.714,0.015,-0.011,6.0
844,-0.412,-0.367,1.491,-120.066,0.018,-0.013,6.0
845,-0.412,-0.367,1.491,-119.340,0.019,-0.013,6.0
846,-0.412,-0.367,1.491,-118.558,0.018,-0.012,6.0
847,-0.412,-0.367,1.491,-117.746,0.014,-0.008,6.0
848,-0.412,-0.367,1.491,-117.786,0.007,-0.002,6.0
849,-0.412,-0.367,1.491,-118.029,-0.001,0.004,6.0
850,-0.412,-0.368,1.491,-118.454,-0.009,0.009,6.0
851,-0.412,-0.368,1.491,-119.007,-0.015,0.012,6.0
852,-0.412,-0.368,1.491,-119.657,-0.018,0.013,6.0
853,-0.412,-0.368,1.491,-120.378,-0.019,0.012,6.0
854,-0.412,-0.368,1.491,-121.150,-0.019,0.011,6.0
855,-0.412,-0.368,1.491,-121.946,-0.015,0.007,6.0
856,-0.413,-0.368,1.491,-121.915,-0.007,0.002,6.0
857,-0.413,-0.367,1.491,-121.683,0.002,-0.003,6.0
858,-0.413,-0.367,1.491,-121.268,0.009,-0.008,6.0
859,-0.413,-0.367,1.491,-120.722,0.015,-0.011,6.0
860,-0.413,-0.367,1.491,-120.074,0.018,-0.013,6.0
861,-0.413,-0.367,1.491,-119.348,0.019,-0.013,6.0
862,-0.413,-0.367,1.491,-118.566,0.018,-0.012,6.0
863,-0.413,-0.367,1.491,-117.754,0.014,-0.008,6.0
864,-0.413,-0.367,1.491,-117.794,0.007,-0.002,6.0
865,-0.413,-0.367,1.491,-118.037,-0.001,0.004,6.0
866,-0.413,-0.368,1.491,-118.462,-0.009,0.009,6.0
867,-0.413,-0.368,1.491,-119.015,-0.015,0.012,6.0
868,-0.413,-0.368,1.491,-119.665,-0.018,0.013,6.0
869,-0.413,-0.368,1.491,-120.387,-0.019,0.012,6.0
870,-0.413,-0.368,1.491,-121.158,-0.019,0.011,6.0
871,-0.413,-0.368,1.491,-121.954,-0.015,0.007,6.0
872,-0.413,-0.368,1.491,-121.923,-0.007,0.002,6.0
873,-0.413,-0.367,1.491,-121.692,0.002,-0.003,6.0
874,-0.413,-0.367,1.491,-121.277,0.009,-0.008,6.0
875,-0.413,-0.367,1.491,-120.731,0.015,-0.011,6.0
876,-0.413,-0.367,1.491,-120.082,0.018,-0.013,6.0
877,-0.413,-0.367,1.491,-119.357,0.019,-0.013,6.0
878,-0.413,-0.367,1.491,-118.575,0.018,-0.012,6.0
879,-0.413,-0.367,1.491,-117.763,0.014,-0.008,6.0
880,-0.413,-0.367,1.491,-117.804,0.007,-0.002,6.0
881,-0.413,-0.367,1.491,-118.047,-0.001,0.004,6.0
882,-0.413,-0.368,1.491,-118.471,-0.009,0.009,6.0
883,-0.413,-0.368,1.491,-119.024,-0.015,0.012,6.0
884,-0.413,-0.368,1.491,-119.675,-0.018,0.013,6.0
885,-0.413,-0.368,1.491,-120.396,-0.019,0.012,6.0
886,-0.413,-0.368,1.491,-121.168,-0.019,0.011,6.0
887,-0.413,-0.368,1.491,-121.964,-0.015,0.007,6.0
888,-0.413,-0.368,1.491,-121.933,-0.007,0.002,6.0
889,-0.413,-0.367,1.491,-121.701,0.002,-0.003,6.0
890,-0.413,-0.367,1.491,-121.287,0.009,-0.008,6.0
891,-0.413,-0.367,1.491,-120.741,0.015,-0.011,6.0
892,-0.413,-0.367,1.491,-120.092,0.018,-0.013,6.0
893,-0.413,-0.367,1.491,-119.367,0.019,-0.013,6.0
894,-0.413,-0.367,1.491,-118.585,0.018,-0.012,6.0
895,-0.413,-0.367,1.491,-117.773,0.014,-0.008,6.0
896,-0.413,-0.367,1.491,-117.814,0.007,-0.002,6.0
897,-0.413,-0.367,1.491,-118.057,-0.001,0.004,6.0
898,-0.413,-0.368,1.491,-118.482,-0.009,0.009,6.0
899,-0.413,-0.368,1.491,-119.035,-0.015,0.012,6.0
900,-0.413,-0.368,1.491,-119.685,-0.018,0.013,6.0
901,-0.413,-0.368,1.491,-120.406,-0.019,0.012,6.0
902,-0.413,-0.368,1.491,-121.178,-0.019,0.011,6.0
903,-0.413,-0.368,1.491,-121.974,-0.015,0.007,6.0
904,-0.413,-0.368,1.491,-121.943,-0.007,0.002,6.0
905,-0.413,-0.367,1.491,-121.711,0.002,-0.003,6.0
906,-0.414,-0.367,1.491,-121.297,0.009,-0.008,6.0
907,-0.414,-0.367,1.491,-120.751,0.015,-0.011,6.0
908,-0.414,-0.367,1.491,-120.103,0.018,-0.013,6.0
909,-0.414,-0.367,1.491,-119.378,0.019,-0.013,6.0
910,-0.414,-0.367,1.491,-118.595,0.018,-0.012,6.0
911,-0.414,-0.367,1.491,-117.784,0.014,-0.008,6.0
912,-0.414,-0.367,1.491,-117.824,0.007,-0.002,6.0
913,-0.414,-0.367,1.491,-118.067,-0.001,0.004,6.0
914,-0.414,-0.368,1.491,-118.492,-0.009,0.009,6.0
915,-0.414,-0.368,1.491,-119.045,-0.015,0.012,6.0
916,-0.414,-0.368,1.491,-119.695,-0.018,0.013,6.0
917,-0.414,-0.368,1.491,-120.416,-0.019,0.012,6.0
918,-0.414,-0.368,1.491,-121.188,-0.019,0.011,6.0
919,-0.414,-0.368,1.491,-121.984,-0.015,0.007,6.0
920,-0.414,-0.367,1.491,-121.953,-0.007,0.002,6.0
921,-0.414,-0.367,1.491,-121.721,0.002,-0.003,6.0
922,-0.414,-0.367,1.491,-121.306,0.009,-0.008,6.0
923,-0.414,-0.367,1.491,-120.761,0.015,-0.011,6.0
924,-0.414,-0.367,1.491,-120.112,0.018,-0.013,6.0
925,-0.414,-0.367,1.491,-119.387,0.019,-0.013,6.0
926,-0.414,-0.367,1.491,-118.605,0.018,-0.012,6.0
927,-0.414,-0.367,1.491,-117.793,0.014,-0.008,6.0
928,-0.414,-0.367,1.491,-117.834,0.007,-0.002,6.0
929,-0.414,-0.367,1.491,-118.076,-0.001,0.004,6.0
930,-0.414,-0.367,1.491,-118.501,-0.009,0.009,6.0
931,-0.414,-0.368,1.491,-119.054,-0.015,0.012,6.0
932,-0.414,-0.368,1.491,-119.704,-0.018,0.013,6.0
933,-0.414,-0.368,1.491,-120.425,-0.019,0.012,6.0
934,-0.414,-0.368,1.491,-121.197,-0.019,0.011,6.0
935,-0.414,-0.368,1.491,-121.992,-0.014,0.007,6.0
936,-0.414,-0.367,1.491,-121.961,-0.007,0.002,6.0
937,-0.414,-0.367,1.491,-121.729,0.002,-0.003,6.0
938,-0.414,-0.367,1.491,-121.315,0.009,-0.008,6.0
939,-0.414,-0.367,1.491,-120.769,0.015,-0.011,6.0
940,-0.414,-0.367,1.491,-120.120,0.018,-0.013,6.0
941,-0.414,-0.367,1.491,-119.395,0.019,-0.013,6.0
942,-0.414,-0.367,1.491,-118.612,0.018,-0.012,6.0
943,-0.414,-0.367,1.491,-117.801,0.014,-0.008,6.0
944,-0.414,-0.367,1.491,-117.841,0.007,-0.002,6.0
945,-0.414,-0.367,1.491,-118.084,-0.001,0.004,6.0
946,-0.414,-0.367,1.491,-118.508,-0.009,0.009,6.0
947,-0.414,-0.368,1.491,-119.061,-0.015,0.012,6.0
948,-0.414,-0.368,1.491,-119.711,-0.018,0.013,6.0
949,-0.414,-0.368,1.491,-120.431,-0.019,0.012,6.0
950,-0.414,-0.368,1.491,-121.203,-0.019,0.011,6.0
951,-0.414,-0.367,1.491,-121.998,-0.014,0.007,6.0
952,-0.414,-0.367,1.491,-121.967,-0.007,0.002,6.0
953,-0.414,-0.367,1.491,-121.735,0.002,-0.003,6.0
954,-0.414,-0.367,1.491,-121.320,0.009,-0.008,6.0
955,-0.414,-0.367,1.491,-120.774,0.015,-0.011,6.0
956,-0.414,-0.367,1.491,-120.125,0.018,-0.013,6.0
957,-0.414,-0.367,1.491,-119.400,0.019,-0.013,6.0
958,-0.414,-0.367,1.491,-118.617,0.018,-0.012,6.0
959,-0.414,-0.367,1.491,-117.805,0.014,-0.008,6.0
960,-0.414,-0.367,1.491,-117.845,0.007,-0.002,6.0
961,-0.414,-0.367,1.491,-118.088,-0.001,0.004,6.0
962,-0.414,-0.367,1.491,-118.512,-0.009,0.009,6.0
963,-0.414,-0.367,1.491,-119.065,-0.015,0.012,6.0
964,-0.414,-0.367,1.491,-119.715,-0.018,0.013,6.0
965,-0.414,-0.368,1.491,-120.435,-0.019,0.012,6.0
966,-0.414,-0.367,1.491,-121.206,-0.019,0.011,6.0
967,-0.414,-0.367,1.491,-122.002,-0.014,0.007,6.0
968,-0.414,-0.367,1.491,-121.970,-0.007,0.002,6.0
969,-0.414,-0.367,1.491,-121.738,0.002,-0.003,6.0
970,-0.414,-0.367,1.491,-121.323,0.009,-0.008,6.0
971,-0.414,-0.367,1.491,-120.777,0.015,-0.011,6.0
972,-0.414,-0.366,1.491,-120.128,0.018,-0.013,6.0
973,-0.414,-0.366,1.491,-119.403,0.019,-0.013,6.0
974,-0.414,-0.366,1.491,-118.620,0.018,-0.012,6.0
975,-0.414,-0.367,1.491,-117.808,0.014,-0.008,6.0
976,-0.414,-0.367,1.491,-117.848,0.007,-0.002,6.0
977,-0.414,-0.367,1.491,-118.091,-0.001,0.004,6.0
978,-0.414,-0.367,1.491,-118.515,-0.009,0.009,6.0
979,-0.414,-0.367,1.491,-119.067,-0.015,0.012,6.0
980,-0.414,-0.367,1.491,-119.717,-0.018,0.013,6.0
981,-0.414,-0.367,1.491,-120.437,-0.019,0.012,6.0
982,-0.414,-0.367,1.491,-121.208,-0.019,0.011,6.0
983,-0.414,-0.367,1.491,-122.004,-0.014,0.007,6.0
984,-0.414,-0.367,1.491,-121.973,-0.007,0.002,6.0
985,-0.414,-0.367,1.491,-121.740,0.002,-0.003,6.0
986,-0.414,-0.367,1.491,-121.325,0.009,-0.008,6.0
987,-0.414,-0.366,1.491,-120.779,0.015,-0.011,6.0
988,-0.414,-0.366,1.491,-120.130,0.018,-0.013,6.0
989,-0.414,-0.366,1.491,-119.405,0.019,-0.013,6.0
990,-0.414,-0.366,1.491,-118.622,0.018,-0.012,6.0
991,-0.414,-0.366,1.491,-117.810,0.014,-0.008,6.0
992,-0.414,-0.367,1.491,-117.850,0.007,-0.002,6.0
993,-0.414,-0.367,1.491,-118.092,-0.001,0.004,6.0
994,-0.414,-0.367,1.491,-118.517,-0.009,0.009,6.0
995,-0.414,-0.367,1.491,-119.069,-0.015,0.012,6.0
996,-0.414,-0.367,1.491,-119.719,-0.018,0.013,6.0
997,-0.414,-0.367,1.491,-120.439,-0.019,0.012,6.0
998,-0.414,-0.367,1.491,-121.210,-0.019,0.011,6.0
999,-0.414,-0.367,1.491,-122.005,-0.014,0.007,6.0
1000,-0.415,-0.367,1.491,-121.974,-0.007,0.002,6.0
1001,-0.415,-0.367,1.491,-121.742,0.002,-0.003,6.0
1002,-0.415,-0.367,1.491,-121.327,0.009,-0.008,6.0
1003,-0.415,-0.366,1.491,-120.780,0.015,-0.011,6.0
1004,-0.415,-0.366,1.491,-120.132,0.018,-0.013,6.0
1005,-0.415,-0.366,1.491,-119.406,0.019,-0.013,6.0
1006,-0.415,-0.366,1.491,-118.623,0.018,-0.012,6.0
1007,-0.415,-0.366,1.491,-117.811,0.014,-0.008,6.0
1008,-0.414,-0.367,1.491,-117.851,0.007,-0.002,6.0
1009,-0.414,-0.367,1.491,-118.094,-0.001,0.004,6.0
1010,-0.414,-0.367,1.491,-118.518,-0.009,0.009,6.0
1011,-0.414,-0.367,1.491,-119.070,-0.015,0.012,6.0
1012,-0.415,-0.367,1.491,-119.720,-0.018,0.013,6.0
1013,-0.415,-0.367,1.491,-120.440,-0.019,0.012,6.0
1014,-0.415,-0.367,1.491,-121.211,-0.019,0.011,6.0
1015,-0.415,-0.367,1.491,-122.006,-0.014,0.007,6.0
1016,-0.415,-0.367,1.491,-121.975,-0.007,0.002,6.0
1017,-0.415,-0.367,1.491,-121.743,0.002,-0.003,6.0
1018,-0.415,-0.366,1.491,-121.328,0.009,-0.008,6.0
1019,-0.415,-0.366,1.491,-120.781,0.015,-0.011,6.0
1020,-0.415,-0.366,1.491,-120.132,0.018,-0.013,6.0
1021,-0.415,-0.366,1.491,-119.407,0.019,-0.013,6.0
1022,-0.415,-0.366,1.491,-118.624,0.018,-0.012,6.0
1023,-0.415,-0.366,1.491,-117.812,0.014,-0.008,6.0
1024,-0.415,-0.366,1.491,-117.852,0.007,-0.002,6.0
1025,-0.415,-0.367,1.491,-118.094,-0.001,0.004,6.0
1026,-0.415,-0.367,1.491,-118.519,-0.009,0.009,6.0
1027,-0.415,-0.367,1.491,-119.071,-0.015,0.012,6.0
1028,-0.415,-0.367,1.491,-119.720,-0.018,0.013,6.0
1029,-0.415,-0.367,1.491,-120.441,-0.019,0.012,6.0
1030,-0.415,-0.367,1.491,-121.212,-0.019,0.011,6.0
1031,-0.415,-0.367,1.491,-122.007,-0.014,0.007,6.0
1032,-0.415,-0.367,1.491,-121.976,-0.007,0.002,6.0
1033,-0.415,-0.367,1.491,-121.743,0.002,-0.003,6.0
1034,-0.415,-0.366,1.491,-121.328,0.009,-0.008,6.0
1035,-0.415,-0.366,1.491,-120.782,0.015,-0.011,6.0
1036,-0.415,-0.366,1.491,-120.133,0.018,-0.013,6.0
1037,-0.415,-0.366,1.491,-119.407,0.019,-0.013,6.0
1038,-0.415,-0.366,1.491,-118.624,0.018,-0.012,6.0
1039,-0.415,-0.366,1.491,-117.812,0.014,-0.008,6.0
1040,-0.415,-0.366,1.491,-117.853,0.007,-0.002,6.0
1041,-0.415,-0.367,1.491,-118.095,-0.001,0.004,6.0
1042,-0.415,-0.367,1.491,-118.519,-0.009,0.009,6.0
1043,-0.415,-0.367,1.491,-119.071,-0.015,0.012,6.0
1044,-0.415,-0.367,1.491,-119.721,-0.018,0.013,6.0
1045,-0.415,-0.367,1.491,-120.441,-0.019,0.012,6.0
1046,-0.415,-0.367,1.491,-121.212,-0.019,0.011,6.0
1047,-0.415,-0.367,1.491,-122.008,-0.014,0.007,6.0
1048,-0.415,-0.367,1.491,-121.976,-0.007,0.002,6.0
1049,-0.415,-0.367,1.491,-121.744,0.002,-0.003,6.0
1050,-0.415,-0.366,1.491,-121.329,0.009,-0.008,6.0
1051,-0.415,-0.366,1.491,-120.782,0.015,-0.011,6.0
1052,-0.415,-0.366,1.491,-120.133,0.018,-0.013,6.0
1053,-0.415,-0.366,1.491,-119.408,0.019,-0.013,6.0
1054,-0.415,-0.366,1.491,-118.625,0.018,-0.012,6.0
1055,-0.415,-0.366,1.491,-117.813,0.014,-0.008,6.0
1056,-0.415,-0.366,1.491,-117.853,0.007,-0.002,6.0
1057,-0.415,-0.367,1.491,-118.095,-0.001,0.004,6.0
1058,-0.415,-0.367,1.491,-118.519,-0.009,0.009,6.0
1059,-0.415,-0.367,1.491,-119.072,-0.015,0.012,6.0
1060,-0.415,-0.367,1.491,-119.721,-0.018,0.013,6.0
1061,-0.415,-0.367,1.491,-120.442,-0.019,0.012,6.0
1062,-0.415,-0.367,1.491,-121.213,-0.019,0.011,6.0
1063,-0.415,-0.367,1.491,-122.008,-0.014,0.007,6.0
1064,-0.415,-0.367,1.491,-121.976,-0.007,0.002,6.0
1065,-0.415,-0.366,1.491,-121.744,0.002,-0.003,6.0
1066,-0.415,-0.366,1.491,-121.329,0.009,-0.008,6.0
1067,-0.415,-0.366,1.491,-120.783,0.015,-0.011,6.0
1068,-0.415,-0.366,1.491,-120.134,0.018,-0.013,6.0
1069,-0.415,-0.366,1.491,-119.408,0.019,-0.013,6.0
1070,-0.415,-0.366,1.491,-118.625,0.018,-0.012,6.0
1071,-0.415,-0.366,1.491,-117.813,0.014,-0.008,6.0
1072,-0.415,-0.366,1.491,-117.853,0.007,-0.002,6.0
1073,-0.415,-0.367,1.491,-118.096,-0.001,0.004,6.0
1074,-0.415,-0.367,1.491,-118.520,-0.009,0.009,6.0
1075,-0.415,-0.367,1.491,-119.072,-0.015,0.012,6.0
1076,-0.415,-0.367,1.491,-119.722,-0.018,0.013,6.0
1077,-0.415,-0.367,1.491,-120.442,-0.019,0.012,6.0
1078,-0.415,-0.367,1.491,-121.213,-0.019,0.011,6.0
1079,-0.415,-0.367,1.491,-122.008,-0.014,0.007,6.0
1080,-0.415,-0.367,1.491,-121.977,-0.007,0.002,6.0
1081,-0.415,-0.366,1.491,-121.745,0.002,-0.003,6.0
1082,-0.415,-0.366,1.491,-121.329,0.009,-0.008,6.0
1083,-0.415,-0.366,1.491,-120.783,0.015,-0.011,6.0
1084,-0.415,-0.366,1.491,-120.134,0.018,-0.013,6.0
1085,-0.415,-0.366,1.491,-119.408,0.019,-0.013,6.0
1086,-0.415,-0.366,1.491,-118.625,0.018,-0.012,6.0
1087,-0.415,-0.366,1.491,-117.813,0.014,-0.008,6.0
1088,-0.415,-0.366,1.491,-117.854,0.007,-0.002,6.0
1089,-0.415,-0.366,1.491,-118.096,-0.001,0.004,6.0
1090,-0.415,-0.367,1.491,-118.520,-0.009,0.009,6.0
1091,-0.415,-0.367,1.491,-119.072,-0.015,0.012,6.0
1092,-0.415,-0.367,1.491,-119.722,-0.018,0.013,6.0
1093,-0.415,-0.367,1.491,-120.442,-0.019,0.012,6.0
1094,-0.415,-0.367,1.491,-121.213,-0.019,0.011,6.0
1095,-0.415,-0.367,1.491,-122.008,-0.014,0.007,6.0
1096,-0.415,-0.367,1.491,-121.977,-0.007,0.002,6.0
1097,-0.415,-0.366,1.491,-121.745,0.002,-0.003,6.0
1098,-0.415,-0.366,1.491,-121.330,0.009,-0.008,6.0
1099,-0.415,-0.366,1.491,-120.783,0.015,-0.011,6.0
1100,-0.415,-0.366,1.491,-120.134,0.018,-0.013,6.0
1101,-0.415,-0.366,1.491,-119.409,0.019,-0.013,6.0
1102,-0.415,-0.366,1.491,-118.626,0.018,-0.012,6.0
1103,-0.415,-0.366,1.491,-117.814,0.014,-0.008,6.0
1104,-0.415,-0.366,1.491,-117.854,0.007,-0.002,6.0
1105,-0.415,-0.366,1.491,-118.096,-0.001,0.004,6.0
1106,-0.415,-0.367,1.491,-118.520,-0.009,0.009,6.0
1107,-0.415,-0.367,1.491,-119.072,-0.015,0.012,6.0
1108,-0.415,-0.367,1.491,-119.722,-0.018,0.013,6.0
1109,-0.415,-0.367,1.491,-120.442,-0.019,0.012,6.0
1110,-0.415,-0.367,1.491,-121.213,-0.019,0.011,6.0
1111,-0.415,-0.367,1.491,-122.009,-0.014,0.007,6.0
1112,-0.415,-0.367,1.491,-121.977,-0.007,0.002,6.0
1113,-0.415,-0.366,1.491,-121.745,0.002,-0.003,6.0
1114,-0.415,-0.366,1.491,-121.330,0.009,-0.008,6.0
1115,-0.415,-0.366,1.491,-120.783,0.015,-0.011,6.0
1116,-0.415,-0.366,1.491,-120.134,0.018,-0.013,6.0
1117,-0.415,-0.366,1.491,-119.409,0.019,-0.013,6.0
1118,-0.415,-0.366,1.491,-118.626,0.018,-0.012,6.0
1119,-0.415,-0.366,1.491,-117.814,0.014,-0.008,6.0
1120,-0.415,-0.366,1.491,-117.854,0.007,-0.002,6.0
1121,-0.415,-0.366,1.491,-118.096,-0.001,0.004,6.0
1122,-0.415,-0.367,1.491,-118.520,-0.009,0.009,6.0
1123,-0.415,-0.367,1.491,-119.073,-0.015,0.012,6.0
1124,-0.415,-0.367,1.491,-119.722,-0.018,0.013,6.0
1125,-0.415,-0.367,1.491,-120.443,-0.019,0.012,6.0
1126,-0.415,-0.367,1.491,-121.214,-0.019,0.011,6.0
1127,-0.415,-0.367,1.491,-122.009,-0.014,0.007,6.0
1128,-0.415,-0.367,1.491,-121.977,-0.007,0.002,6.0
1129,-0.415,-0.366,1.491,-121.745,0.002,-0.003,6.0
1130,-0.415,-0.366,1.491,-121.330,0.009,-0.008,6.0
1131,-0.415,-0.366,1.491,-120.784,0.015,-0.011,6.0
1132,-0.415,-0.366,1.491,-120.135,0.018,-0.013,6.0
1133,-0.415,-0.366,1.491,-119.409,0.019,-0.013,6.0
1134,-0.415,-0.366,1.491,-118.626,0.018,-0.012,6.0
1135,-0.415,-0.366,1.491,-117.814,0.014,-0.008,6.0
1136,-0.415,-0.366,1.491,-117.854,0.007,-0.002,6.0
1137,-0.415,-0.366,1.491,-118.097,-0.001,0.004,6.0
1138,-0.415,-0.367,1.491,-118.521,-0.009,0.009,6.0
1139,-0.415,-0.367,1.491,-119.073,-0.015,0.012,6.0
1140,-0.415,-0.367,1.491,-119.722,-0.018,0.013,6.0
1141,-0.415,-0.367,1.491,-120.443,-0.019,0.012,6.0
1142,-0.415,-0.367,1.491,-121.214,-0.019,0.011,6.0
1143,-0.415,-0.367,1.491,-122.009,-0.014,0.007,6.0
1144,-0.415,-0.367,1.491,-121.978,-0.007,0.002,6.0
1145,-0.415,-0.366,1.491,-121.745,0.002,-0.003,6.0
1146,-0.415,-0.366,1.491,-121.330,0.009,-0.008,6.0
1147,-0.415,-0.366,1.491,-120.784,0.015,-0.011,6.0
1148,-0.415,-0.366,1.491,-120.135,0.018,-0.013,6.0
1149,-0.415,-0.366,1.491,-119.409,0.019,-0.013,6.0
1150,-0.415,-0.366,1.491,-118.626,0.018,-0.012,6.0
1151,-0.415,-0.366,1.491,-117.814,0.014,-0.008,6.0
1152,-0.415,-0.366,1.491,-117.854,0.007,-0.002,6.0
1153,-0.415,-0.366,1.491,-118.097,-0.001,0.004,6.0
1154,-0.415,-0.367,1.491,-118.521,-0.009,0.009,6.0
1155,-0.415,-0.367,1.491,-119.073,-0.015,0.012,6.0
1156,-0.415,-0.367,1.491,-119.723,-0.018,0.013,6.0
1157,-0.415,-0.367,1.491,-120.443,-0.019,0.012,6.0
1158,-0.415,-0.367,1.491,-121.214,-0.019,0.011,6.0
1159,-0.415,-0.367,1.491,-122.009,-0.014,0.007,6.0
1160,-0.415,-0.366,1.491,-121.978,-0.007,0.002,6.0
1161,-0.415,-0.366,1.491,-121.746,0.002,-0.003,6.0
1162,-0.415,-0.366,1.491,-121.330,0.009,-0.008,6.0
1163,-0.415,-0.366,1.491,-120.784,0.015,-0.011,6.0
1164,-0.415,-0.366,1.491,-120.135,0.018,-0.013,6.0
1165,-0.415,-0.366,1.491,-119.409,0.019,-0.013,6.0
1166,-0.415,-0.366,1.491,-118.626,0.018,-0.012,6.0
1167,-0.415,-0.366,1.491,-117.814,0.014,-0.008,6.0
1168,-0.415,-0.366,1.491,-117.855,0.007,-0.002,6.0
1169,-0.415,-0.366,1.491,-118.097,-0.001,0.004,6.0
1170,-0.415,-0.367,1.491,-118.521,-0.009,0.009,6.0
1171,-0.415,-0.367,1.491,-119.073,-0.015,0.012,6.0
1172,-0.415,-0.367,1.491,-119.723,-0.018,0.013,6.0
1173,-0.415,-0.367,1.491,-120.443,-0.019,0.012,6.0
1174,-0.415,-0.367,1.491,-121.214,-0.019,0.011,6.0
1175,-0.415,-0.367,1.491,-122.009,-0.014,0.007,6.0
1176,-0.415,-0.366,1.491,-121.978,-0.007,0.002,6.0
1177,-0.415,-0.366,1.491,-121.746,0.002,-0.003,6.0
1178,-0.415,-0.366,1.491,-121.331,0.009,-0.008,6.0
1179,-0.415,-0.366,1.491,-120.784,0.015,-0.011,6.0
1180,-0.415,-0.366,1.491,-120.135,0.018,-0.013,6.0
1181,-0.415,-0.366,1.491,-119.410,0.019,-0.013,6.0
1182,-0.415,-0.366,1.491,-118.627,0.018,-0.012,6.0
1183,-0.415,-0.366,1.491,-117.815,0.014,-0.008,6.0
1184,-0.415,-0.366,1.491,-117.855,0.007,-0.002,6.0
1185,-0.415,-0.366,1.491,-118.097,-0.001,0.004,6.0
1186,-0.415,-0.367,1.491,-118.521,-0.009,0.009,6.0
1187,-0.415,-0.367,1.491,-119.073,-0.015,0.012,6.0
1188,-0.415,-0.367,1.491,-119.723,-0.018,0.013,6.0
1189,-0.415,-0.367,1.491,-120.443,-0.019,0.012,6.0
1190,-0.415,-0.367,1.491,-121.214,-0.019,0.011,6.0
1191,-0.415,-0.367,1.491,-122.010,-0.014,0.007,6.0
1192,-0.415,-0.366,1.491,-121.978,-0.007,0.002,6.0
1193,-0.415,-0.366,1.491,-121.746,0.002,-0.003,6.0
1194,-0.415,-0.366,1.491,-121.331,0.009,-0.008,6.0
1195,-0.415,-0.366,1.491,-120.784,0.015,-0.011,6.0
1196,-0.415,-0.366,1.491,-120.135,0.018,-0.013,6.0
1197,-0.415,-0.366,1.491,-119.410,0.019,-0.013,6.0
1198,-0.415,-0.366,1.491,-118.627,0.018,-0.012,6.0
1199,-0.415,-0.366,1.491,-117.815,0.014,-0.008,6.0
1200,-0.415,-0.366,1.491,-117.855,0.007,-0.002,6.0
1201,-0.415,-0.366,1.491,-118.097,-0.001,0.004,6.0
1202,-0.415,-0.367,1.491,-118.521,-0.009,0.009,6.0
1203,-0.415,-0.367,1.491,-119.073,-0.015,0.012,6.0
1204,-0.415,-0.367,1.491,-119.723,-0.018,0.013,6.0
1205,-0.415,-0.367,1.491,-120.443,-0.019,0.012,6.0
1206,-0.415,-0.367,1.491,-121.214,-0.019,0.011,6.0
1207,-0.415,-0.367,1.491,-122.010,-0.014,0.007,6.0
1208,-0.415,-0.366,1.491,-121.978,-0.007,0.002,6.0
1209,-0.415,-0.366,1.491,-121.746,0.002,-0.003,6.0
1210,-0.415,-0.366,1.491,-121.331,0.009,-0.008,6.0
1211,-0.415,-0.366,1.491,-120.784,0.015,-0.011,6.0
1212,-0.415,-0.366,1.491,-120.135,0.018,-0.013,6.0
1213,-0.415,-0.366,1.491,-119.410,0.019,-0.013,6.0
1214,-0.415,-0.366,1.491,-118.627,0.018,-0.012,6.0
1215,-0.415,-0.366,1.491,-117.815,0.014,-0.008,6.0
1216,-0.415,-0.366,1.491,-117.855,0.007,-0.002,6.0
1217,-0.415,-0.366,1.491,-118.097,-0.001,0.004,6.0
1218,-0.415,-0.367,1.491,-118.521,-0.009,0.009,6.0
1219,-0.415,-0.367,1.491,-119.074,-0.015,0.012,6.0
1220,-0.415,-0.367,1.491,-119.723,-0.018,0.013,6.0
1221,-0.415,-0.367,1.491,-120.444,-0.019,0.012,6.0
1222,-0.415,-0.367,1.491,-121.214,-0.019,0.011,6.0
1223,-0.415,-0.367,1.491,-122.010,-0.014,0.007,6.0
1224,-0.415,-0.366,1.491,-121.978,-0.007,0.002,6.0
1225,-0.415,-0.366,1.491,-121.746,0.002,-0.003,6.0
1226,-0.415,-0.366,1.491,-121.331,0.009,-0.008,6.0
1227,-0.415,-0.366,1.491,-120.784,0.015,-0.011,6.0
1228,-0.415,-0.366,1.491,-120.136,0.018,-0.013,6.0
1229,-0.415,-0.366,1.491,-119.410,0.019,-0.013,6.0
1230,-0.415,-0.366,1.491,-118.627,0.018,-0.012,6.0
1231,-0.415,-0.366,1.491,-117.815,0.014,-0.008,6.0
1232,-0.415,-0.366,1.491,-117.855,0.007,-0.002,6.0
1233,-0.415,-0.366,1.491,-118.097,-0.001,0.004,6.0
1234,-0.415,-0.366,1.491,-118.522,-0.009,0.009,6.0
1235,-0.415,-0.367,1.491,-119.074,-0.015,0.012,6.0
1236,-0.415,-0.367,1.491,-119.723,-0.018,0.013,6.0
1237,-0.415,-0.367,1.491,-120.444,-0.019,0.012,6.0
1238,-0.415,-0.367,1.491,-121.215,-0.019,0.011,6.0
1239,-0.415,-0.367,1.491,-122.010,-0.014,0.007,6.0
1240,-0.415,-0.366,1.491,-121.978,-0.007,0.002,6.0
1241,-0.415,-0.366,1.491,-121.746,0.002,-0.003,6.0
1242,-0.415,-0.366,1.491,-121.331,0.009,-0.008,6.0
1243,-0.415,-0.366,1.491,-120.785,0.015,-0.011,6.0
1244,-0.415,-0.366,1.491,-120.136,0.018,-0.013,6.0
1245,-0.415,-0.366,1.491,-119.410,0.019,-0.013,6.0
1246,-0.415,-0.366,1.491,-118.627,0.018,-0.012,6.0
1247,-0.415,-0.366,1.491,-117.815,0.014,-0.008,6.0
1248,-0.415,-0.366,1.491,-117.855,0.007,-0.002,6.0
1249,-0.415,-0.366,1.491,-118.098,-0.001,0.004,6.0
1250,-0.415,-0.366,1.491,-118.522,-0.009,0.009,6.0
1251,-0.415,-0.367,1.491,-119.074,-0.015,0.012,6.0
1252,-0.415,-0.367,1.491,-119.723,-0.018,0.013,6.0
1253,-0.415,-0.367,1.491,-120.444,-0.019,0.012,6.0
1254,-0.415,-0.367,1.491,-121.215,-0.019,0.011,6.0
1255,-0.415,-0.367,1.491,-122.010,-0.014,0.007,6.0
1256,-0.415,-0.366,1.491,-121.978,-0.007,0.002,6.0
1257,-0.415,-0.366,1.491,-121.746,0.002,-0.003,6.0
1258,-0.415,-0.366,1.491,-121.331,0.009,-0.008,6.0
1259,-0.415,-0.366,1.491,-120.785,0.015,-0.011,6.0
1260,-0.415,-0.366,1.491,-120.136,0.018,-0.013,6.0
1261,-0.415,-0.366,1.491,-119.410,0.019,-0.013,6.0
1262,-0.415,-0.366,1.491,-118.627,0.018,-0.012,6.0
1263,-0.415,-0.366,1.491,-117.815,0.014,-0.008,6.0
1264,-0.415,-0.366,1.491,-117.855,0.007,-0.002,6.0
1265,-0.415,-0.366,1.491,-118.098,-0.001,0.004,6.0
1266,-0.415,-0.366,1.491,-118.522,-0.009,0.009,6.0
1267,-0.415,-0.367,1.491,-119.074,-0.015,0.012,6.0
1268,-0.415,-0.367,1.491,-119.723,-0.018,0.013,6.0
1269,-0.415,-0.367,1.491,-120.444,-0.019,0.012,6.0
1270,-0.415,-0.367,1.491,-121.215,-0.019,0.011,6.0
1271,-0.415,-0.367,1.491,-122.010,-0.014,0.007,6.0
1272,-0.415,-0.366,1.491,-121.979,-0.007,0.002,6.0
1273,-0.415,-0.366,1.491,-121.746,0.002,-0.003,6.0
1274,-0.415,-0.366,1.491,-121.331,0.009,-0.008,6.0
1275,-0.415,-0.366,1.491,-120.785,0.015,-0.011,6.0
1276,-0.415,-0.366,1.491,-120.136,0.018,-0.013,6.0
1277,-0.415,-0.366,1.491,-119.410,0.019,-0.013,6.0
1278,-0.415,-0.366,1.491,-118.627,0.018,-0.012,6.0
1279,-0.415,-0.366,1.491,-117.815,0.014,-0.008,6.0
1280,-0.415,-0.366,1.491,-117.855,0.007,-0.002,6.0
1281,-0.415,-0.366,1.491,-118.098,-0.001,0.004,6.0
1282,-0.415,-0.366,1.491,-118.522,-0.009,0.009,6.0
1283,-0.415,-0.367,1.491,-119.074,-0.015,0.012,6.0
1284,-0.415,-0.367,1.491,-119.724,-0.018,0.013,6.0
1285,-0.415,-0.367,1.491,-120.444,-0.019,0.012,6.0
1286,-0.415,-0.367,1.491,-121.215,-0.019,0.011,6.0
1287,-0.415,-0.367,1.491,-122.010,-0.014,0.007,6.0
1288,-0.415,-0.366,1.491,-121.979,-0.007,0.002,6.0
1289,-0.415,-0.366,1.491,-121.746,0.002,-0.003,6.0
1290,-0.415,-0.366,1.491,-121.331,0.009,-0.008,6.0
1291,-0.415,-0.366,1.491,-120.785,0.015,-0.011,6.0
1292,-0.415,-0.366,1.491,-120.136,0.018,-0.013,6.0
1293,-0.415,-0.366,1.491,-119.410,0.019,-0.013,6.0
1294,-0.415,-0.366,1.491,-118.627,0.018,-0.012,6.0
1295,-0.415,-0.366,1.491,-117.815,0.014,-0.008,6.0
1296,-0.415,-0.366,1.491,-117.855,0.007,-0.002,6.0
1297,-0.415,-0.366,1.491,-118.098,-0.001,0.004,6.0
1298,-0.415,-0.366,1.491,-118.522,-0.009,0.009,6.0
1299,-0.415,-0.367,1.491,-119.074,-0.015,0.012,6.0
1300,-0.415,-0.367,1.491,-119.724,-0.018,0.013,6.0
1301,-0.415,-0.367,1.491,-120.444,-0.019,0.012,6.0
1302,-0.415,-0.367,1.491,-121.215,-0.019,0.011,6.0
1303,-0.415,-0.367,1.491,-122.010,-0.014,0.007,6.0
1304,-0.415,-0.366,1.491,-121.979,-0.007,0.002,6.0
1305,-0.415,-0.366,1.491,-121.746,0.002,-0.003,6.0
1306,-0.415,-0.366,1.491,-121.331,0.009,-0.008,6.0
1307,-0.415,-0.366,1.491,-120.785,0.015,-0.011,6.0
1308,-0.415,-0.366,1.491,-120.136,0.018,-0.013,6.0
1309,-0.415,-0.366,1.491,-119.410,0.019,-0.013,6.0
1310,-0.415,-0.366,1.491,-118.627,0.018,-0.012,6.0
1311,-0.415,-0.366,1.491,-117.815,0.014,-0.008,6.0
1312,-0.415,-0.366,1.491,-117.855,0.007,-0.002,6.0
1313,-0.415,-0.366,1.491,-118.098,-0.001,0.004,6.0
1314,-0.415,-0.366,1.491,-118.522,-0.009,0.009,6.0
1315,-0.415,-0.367,1.491,-119.074,-0.015,0.012,6.0
1316,-0.415,-0.367,1.491,-119.724,-0.018,0.013,6.0
1317,-0.415,-0.367,1.491,-120.444,-0.019,0.012,6.0
1318,-0.415,-0.367,1.491,-121.215,-0.019,0.011,6.0
1319,-0.415,-0.367,1.491,-122.010,-0.014,0.007,6.0
1320,-0.415,-0.366,1.491,-121.979,-0.007,0.002,6.0
1321,-0.415,-0.366,1.491,-121.747,0.002,-0.003,6.0
1322,-0.415,-0.366,1.491,-121.331,0.009,-0.008,6.0
1323,-0.415,-0.366,1.491,-120.785,0.015,-0.011,6.0
1324,-0.415,-0.366,1.491,-120.136,0.018,-0.013,6.0
1325,-0.415,-0.366,1.491,-119.410,0.019,-0.013,6.0
1326,-0.415,-0.366,1.491,-118.627,0.018,-0.012,6.0
1327,-0.415,-0.366,1.491,-117.815,0.014,-0.008,6.0
1328,-0.415,-0.366,1.491,-117.855,0.007,-0.002,6.0
1329,-0.415,-0.366,1.491,-118.098,-0.001,0.004,6.0
1330,-0.415,-0.366,1.491,-118.522,-0.009,0.009,6.0
1331,-0.415,-0.367,1.491,-119.074,-0.015,0.012,6.0
1332,-0.415,-0.367,1.491,-119.724,-0.018,0.013,6.0
1333,-0.415,-0.367,1.491,-120.444,-0.019,0.012,6.0
1334,-0.415,-0.367,1.491,-121.215,-0.019,0.011,6.0
1335,-0.415,-0.367,1.491,-122.010,-0.014,0.007,6.0
1336,-0.415,-0.366,1.491,-121.979,-0.007,0.002,6.0
1337,-0.415,-0.366,1.491,-121.747,0.002,-0.003,6.0
1338,-0.415,-0.366,1.491,-121.331,0.009,-0.008,6.0
1339,-0.415,-0.366,1.491,-120.785,0.015,-0.011,6.0
1340,-0.415,-0.366,1.491,-120.136,0.018,-0.013,6.0
1341,-0.415,-0.366,1.491,-119.410,0.019,-0.013,6.0
1342,-0.415,-0.366,1.491,-118.627,0.018,-0.012,6.0
1343,-0.415,-0.366,1.491,-117.815,0.014,-0.008,6.0
1344,-0.415,-0.366,1.491,-117.856,0.007,-0.002,6.0
1345,-0.415,-0.366,1.491,-118.098,-0.001,0.004,6.0
1346,-0.415,-0.366,1.491,-118.522,-0.009,0.009,6.0
1347,-0.415,-0.367,1.491,-119.074,-0.015,0.012,6.0
1348,-0.415,-0.367,1.491,-119.724,-0.018,0.013,6.0
1349,-0.415,-0.367,1.491,-120.444,-0.019,0.012,6.0
1350,-0.415,-0.367,1.491,-121.215,-0.019,0.011,6.0
1351,-0.415,-0.367,1.491,-122.010,-0.014,0.007,6.0
1352,-0.415,-0.366,1.491,-121.979,-0.007,0.002,6.0
1353,-0.415,-0.366,1.491,-121.747,0.002,-0.003,6.0
1354,-0.415,-0.366,1.491,-121.331,0.009,-0.008,6.0
1355,-0.415,-0.366,1.491,-120.785,0.015,-0.011,6.0
1356,-0.415,-0.366,1.491,-120.136,0.018,-0.013,6.0
1357,-0.415,-0.366,1.491,-119.410,0.019,-0.013,6.0
1358,-0.415,-0.366,1.491,-118.627,0.018,-0.012,6.0
1359,-0.415,-0.366,1.491,-117.815,0.014,-0.008,6.0
1360,-0.415,-0.366,1.491,-117.856,0.007,-0.002,6.0
1361,-0.415,-0.366,1.491,-118.098,-0.001,0.004,6.0
1362,-0.415,-0.366,1.491,-118.522,-0.009,0.009,6.0
1363,-0.415,-0.367,1.491,-119.074,-0.015,0.012,6.0
1364,-0.415,-0.367,1.491,-119.724,-0.018,0.013,6.0
1365,-0.415,-0.367,1.491,-120.444,-0.019,0.012,6.0
1366,-0.415,-0.367,1.491,-121.215,-0.019,0.011,6.0
1367,-0.415,-0.367,1.491,-122.010,-0.014,0.007,6.0
1368,-0.415,-0.366,1.491,-121.979,-0.007,0.002,6.0
1369,-0.415,-0.366,1.491,-121.747,0.002,-0.003,6.0
1370,-0.415,-0.366,1.491,-121.331,0.009,-0.008,6.0
1371,-0.415,-0.366,1.491,-120.785,0.015,-0.011,6.0
1372,-0.415,-0.366,1.491,-120.136,0.018,-0.013,6.0
1373,-0.415,-0.366,1.491,-119.410,0.019,-0.013,6.0
1374,-0.415,-0.366,1.491,-118.627,0.018,-0.012,6.0
1375,-0.415,-0.366,1.491,-117.815,0.014,-0.008,6.0
1376,-0.415,-0.366,1.491,-117.856,0.007,-0.002,6.0
1377,-0.415,-0.366,1.491,-118.098,-0.001,0.004,6.0
1378,-0.415,-0.366,1.491,-118.522,-0.009,0.009,6.0
1379,-0.415,-0.367,1.491,-119.074,-0.015,0.012,6.0
1380,-0.415,-0.367,1.491,-119.724,-0.018,0.013,6.0
1381,-0.415,-0.367,1.491,-120.444,-0.019,0.012,6.0
1382,-0.415,-0.367,1.491,-121.215,-0.019,0.011,6.0
1383,-0.415,-0.367,1.491,-122.010,-0.014,0.007,6.0
1384,-0.415,-0.366,1.491,-121.979,-0.007,0.002,6.0
1385,-0.415,-0.366,1.491,-121.747,0.002,-0.003,6.0
1386,-0.415,-0.366,1.491,-121.331,0.009,-0.008,6.0
1387,-0.415,-0.366,1.491,-120.785,0.015,-0.011,6.0
1388,-0.415,-0.366,1.491,-120.136,0.018,-0.013,6.0
1389,-0.415,-0.366,1.491,-119.410,0.019,-0.013,6.0
1390,-0.415,-0.366,1.491,-118.628,0.018,-0.012,6.0
1391,-0.415,-0.366,1.491,-117.815,0.014,-0.008,6.0
1392,-0.415,-0.366,1.491,-117.856,0.007,-0.002,6.0
1393,-0.415,-0.366,1.491,-118.098,-0.001,0.004,6.0
1394,-0.415,-0.366,1.491,-118.522,-0.009,0.009,6.0
1395,-0.415,-0.367,1.491,-119.074,-0.015,0.012,6.0
1396,-0.415,-0.367,1.491,-119.724,-0.018,0.013,6.0
1397,-0.415,-0.367,1.491,-120.444,-0.019,0.012,6.0
1398,-0.415,-0.367,1.491,-121.215,-0.019,0.011,6.0
1399,-0.415,-0.367,1.491,-122.010,-0.014,0.007,6.0
1400,-0.415,-0.366,1.491,-121.979,-0.007,0.002,6.0
1401,-0.415,-0.366,1.491,-121.747,0.002,-0.003,6.0
1402,-0.415,-0.366,1.491,-121.331,0.009,-0.008,6.0
1403,-0.415,-0.366,1.491,-120.785,0.015,-0.011,6.0
1404,-0.415,-0.366,1.491,-120.136,0.018,-0.013,6.0
1405,-0.415,-0.366,1.491,-119.410,0.019,-0.013,6.0
1406,-0.415,-0.366,1.491,-118.628,0.018,-0.012,6.0
1407,-0.415,-0.366,1.491,-117.816,0.014,-0.008,6.0
1408,-0.415,-0.366,1.491,-117.856,0.007,-0.002,6.0
1409,-0.415,-0.366,1.491,-118.098,-0.001,0.004,6.0
1410,-0.415,-0.366,1.491,-118.522,-0.009,0.009,6.0
1411,-0.415,-0.367,1.491,-119.074,-0.015,0.012,6.0
1412,-0.415,-0.367,1.491,-119.724,-0.018,0.013,6.0
1413,-0.415,-0.367,1.491,-120.444,-0.019,0.012,6.0
1414,-0.415,-0.367,1.491,-121.215,-0.019,0.011,6.0
1415,-0.415,-0.367,1.491,-122.010,-0.014,0.007,6.0
1416,-0.415,-0.366,1.491,-121.979,-0.007,0.002,6.0
1417,-0.415,-0.366,1.491,-121.747,0.002,-0.003,6.0
1418,-0.415,-0.366,1.491,-121.332,0.009,-0.008,6.0
1419,-0.415,-0.366,1.491,-120.785,0.015,-0.011,6.0
1420,-0.415,-0.366,1.491,-120.136,0.018,-0.013,6.0
1421,-0.415,-0.366,1.491,-119.411,0.019,-0.013,6.0
1422,-0.415,-0.366,1.491,-118.628,0.018,-0.012,6.0
1423,-0.415,-0.366,1.491,-117.816,0.014,-0.008,6.0
1424,-0.415,-0.366,1.491,-117.856,0.007,-0.002,6.0
1425,-0.415,-0.366,1.491,-118.098,-0.001,0.004,6.0
1426,-0.415,-0.366,1.491,-118.522,-0.009,0.009,6.0
1427,-0.415,-0.367,1.491,-119.074,-0.015,0.012,6.0
1428,-0.415,-0.367,1.491,-119.724,-0.018,0.013,6.0
1429,-0.415,-0.367,1.491,-120.444,-0.019,0.012,6.0
1430,-0.415,-0.367,1.491,-121.215,-0.019,0.011,6.0
1431,-0.415,-0.367,1.491,-122.010,-0.014,0.007,6.0
1432,-0.415,-0.366,1.491,-121.979,-0.007,0.002,6.0
1433,-0.415,-0.366,1.491,-121.747,0.002,-0.003,6.0
1434,-0.415,-0.366,1.491,-121.332,0.009,-0.008,6.0
1435,-0.415,-0.366,1.491,-120.785,0.015,-0.011,6.0
1436,-0.415,-0.366,1.491,-120.136,0.018,-0.013,6.0
1437,-0.415,-0.366,1.491,-119.411,0.019,-0.013,6.0
1438,-0.415,-0.366,1.491,-118.628,0.018,-0.012,6.0
1439,-0.415,-0.366,1.491,-117.816,0.014,-0.008,6.0
1440,-0.415,-0.366,1.491,-117.856,0.007,-0.002,6.0
1441,-0.415,-0.366,1.491,-118.098,-0.001,0.004,6.0
1442,-0.415,-0.366,1.491,-118.522,-0.009,0.009,6.0
1443,-0.415,-0.367,1.491,-119.074,-0.015,0.012,6.0
1444,-0.415,-0.367,1.491,-119.724,-0.018,0.013,6.0
1445,-0.415,-0.367,1.491,-120.444,-0.019,0.012,6.0
1446,-0.415,-0.367,1.491,-121.215,-0.019,0.011,6.0
1447,-0.415,-0.367,1.491,-122.010,-0.014,0.007,6.0
1448,-0.415,-0.366,1.491,-121.979,-0.007,0.002,6.0
1449,-0.415,-0.366,1.491,-121.747,0.002,-0.003,6.0
1450,-0.415,-0.366,1.491,-121.332,0.009,-0.008,6.0
1451,-0.415,-0.366,1.491,-120.785,0.015,-0.011,6.0
1452,-0.415,-0.366,1.491,-120.136,0.018,-0.013,6.0
1453,-0.415,-0.366,1.491,-119.411,0.019,-0.013,6.0
1454,-0.415,-0.366,1.491,-118.628,0.018,-0.012,6.0
1455,-0.415,-0.366,1.491,-117.816,0.014,-0.008,6.0
1456,-0.415,-0.366,1.491,-117.856,0.007,-0.002,6.0
1457,-0.415,-0.366,1.491,-118.098,-0.001,0.004,6.0
1458,-0.415,-0.366,1.491,-118.522,-0.009,0.009,6.0
1459,-0.415,-0.367,1.491,-119.074,-0.015,0.012,6.0
1460,-0.415,-0.367,1.491,-119.724,-0.018,0.013,6.0
1461,-0.415,-0.367,1.491,-120.444,-0.019,0.012,6.0
1462,-0.415,-0.367,1.491,-121.215,-0.019,0.011,6.0
1463,-0.415,-0.367,1.491,-122.010,-0.014,0.007,6.0
1464,-0.415,-0.366,1.491,-121.979,-0.007,0.002,6.0
1465,-0.415,-0.366,1.491,-121.747,0.002,-0.003,6.0
1466,-0.415,-0.366,1.491,-121.332,0.009,-0.008,6.0
1467,-0.415,-0.366,1.491,-120.785,0.015,-0.011,6.0
1468,-0.415,-0.366,1.491,-120.136,0.018,-0.013,6.0
1469,-0.415,-0.366,1.491,-119.411,0.019,-0.013,6.0
1470,-0.415,-0.366,1.491,-118.628,0.018,-0.012,6.0
1471,-0.415,-0.366,1.491,-117.816,0.014,-0.008,6.0
1472,-0.415,-0.366,1.491,-117.856,0.007,-0.002,6.0
1473,-0.415,-0.366,1.491,-118.098,-0.001,0.004,6.0
1474,-0.415,-0.366,1.491,-118.522,-0.009,0.009,6.0
1475,-0.415,-0.367,1.491,-119.074,-0.015,0.012,6.0
1476,-0.415,-0.367,1.491,-119.724,-0.018,0.013,6.0
1477,-0.415,-0.367,1.491,-120.444,-0.019,0.012,6.0
1478,-0.415,-0.367,1.491,-121.215,-0.019,0.011,6.0
1479,-0.415,-0.367,1.491,-122.010,-0.014,0.007,6.0
1480,-0.415,-0.366,1.491,-121.979,-0.007,0.002,6.0
1481,-0.415,-0.366,1.491,-121.747,0.002,-0.003,6.0
1482,-0.415,-0.366,1.491,-121.332,0.009,-0.008,6.0
1483,-0.415,-0.366,1.491,-120.785,0.015,-0.011,6.0
1484,-0.415,-0.366,1.491,-120.136,0.018,-0.013,6.0
1485,-0.415,-0.366,1.491,-119.411,0.019,-0.013,6.0
1486,-0.415,-0.366,1.491,-118.628,0.018,-0.012,6.0
1487,-0.415,-0.366,1.491,-117.816,0.014,-0.008,6.0
1488,-0.415,-0.366,1.491,-117.856,0.007,-0.002,6.0
1489,-0.415,-0.366,1.491,-118.098,-0.001,0.004,6.0
1490,-0.415,-0.366,1.491,-118.522,-0.009,0.009,6.0
1491,-0.415,-0.367,1.491,-119.074,-0.015,0.012,6.0
1492,-0.415,-0.367,1.491,-119.724,-0.018,0.013,6.0
1493,-0.415,-0.367,1.491,-120.444,-0.019,0.012,6.0
1494,-0.415,-0.367,1.491,-121.215,-0.019,0.011,6.0
1495,-0.415,-0.367,1.491,-122.010,-0.014,0.007,6.0
1496,-0.415,-0.366,1.491,-121.979,-0.007,0.002,6.0
1497,-0.415,-0.366,1.491,-121.747,0.002,-0.003,6.0
1498,-0.415,-0.366,1.491,-121.332,0.009,-0.008,6.0
1499,-0.415,-0.366,1.491,-120.785,0.015,-0.011,6.0
1500,-0.415,-0.366,1.491,-120.136,0.018,-0.013,6.0
1501,-0.415,-0.366,1.491,-119.411,0.019,-0.013,6.0
1502,-0.415,-0.366,1.491,-118.628,0.018,-0.012,6.0
1503,-0.415,-0.366,1.491,-117.816,0.014,-0.008,6.0
1504,-0.415,-0.366,1.491,-117.856,0.007,-0.002,6.0
1505,-0.415,-0.366,1.491,-118.098,-0.001,0.004,6.0
1506,-0.415,-0.366,1.491,-118.522,-0.009,0.009,6.0
1507,-0.415,-0.367,1.491,-119.074,-0.015,0.012,6.0
1508,-0.415,-0.367,1.491,-119.724,-0.018,0.013,6.0
1509,-0.415,-0.367,1.491,-120.444,-0.019,0.012,6.0
1510,-0.415,-0.367,1.491,-121.215,-0.019,0.011,6.0
1511,-0.415,-0.367,1.491,-122.010,-0.014,0.007,6.0
1512,-0.415,-0.366,1.491,-121.979,-0.007,0.002,6.0
1513,-0.415,-0.366,1.491,-121.747,0.002,-0.003,6.0
1514,-0.415,-0.366,1.491,-121.332,0.009,-0.008,6.0
1515,-0.415,-0.366,1.491,-120.785,0.015,-0.011,6.0
1516,-0.415,-0.366,1.491,-120.136,0.018,-0.013,6.0
1517,-0.415,-0.366,1.491,-119.411,0.019,-0.013,6.0
1518,-0.415,-0.366,1.491,-118.628,0.018,-0.012,6.0
1519,-0.415,-0.366,1.491,-117.816,0.014,-0.008,6.0
1520,-0.415,-0.366,1.491,-117.856,0.007,-0.002,6.0
1521,-0.415,-0.366,1.491,-118.098,-0.001,0.004,6.0
1522,-0.415,-0.366,1.491,-118.522,-0.009,0.009,6.0
1523,-0.415,-0.367,1.491,-119.074,-0.015,0.012,6.0
1524,-0.415,-0.367,1.491,-119.724,-0.018,0.013,6.0
1525,-0.415,-0.367,1.491,-120.444,-0.019,0.012,6.0
1526,-0.415,-0.367,1.491,-121.215,-0.019,0.011,6.0
1527,-0.415,-0.367,1.491,-122.010,-0.014,0.007,6.0
1528,-0.415,-0.366,1.491,-121.979,-0.007,0.002,6.0
1529,-0.415,-0.366,1.491,-121.747,0.002,-0.003,6.0
1530,-0.415,-0.366,1.491,-121.332,0.009,-0.008,6.0
1531,-0.415,-0.366,1.491,-120.785,0.015,-0.011,6.0
1532,-0.415,-0.366,1.491,-120.136,0.018,-0.013,6.0
1533,-0.415,-0.366,1.491,-119.411,0.019,-0.013,6.0
1534,-0.415,-0.366,1.491,-118.628,0.018,-0.012,6.0
1535,-0.415,-0.366,1.491,-117.816,0.014,-0.008,6.0
1536,-0.415,-0.366,1.491,-117.856,0.007,-0.002,6.0
1537,-0.415,-0.366,1.491,-118.098,-0.001,0.004,6.0
1538,-0.415,-0.366,1.491,-118.522,-0.009,0.009,6.0
1539,-0.415,-0.367,1.491,-119.074,-0.015,0.012,6.0
1540,-0.415,-0.367,1.491,-119.724,-0.018,0.013,6.0
1541,-0.415,-0.367,1.491,-120.444,-0.019,0.012,6.0
1542,-0.415,-0.367,1.491,-121.215,-0.019,0.011,6.0
1543,-0.415,-0.367,1.491,-122.010,-0.014,0.007,6.0
1544,-0.415,-0.366,1.491,-121.979,-0.007,0.002,6.0
1545,-0.415,-0.366,1.491,-121.747,0.002,-0.003,6.0
1546,-0.415,-0.366,1.491,-121.332,0.009,-0.008,6.0
1547,-0.415,-0.366,1.491,-120.785,0.015,-0.011,6.0
1548,-0.415,-0.366,1.491,-120.136,0.018,-0.013,6.0
1549,-0.415,-0.366,1.491,-119.411,0.019,-0.013,6.0
1550,-0.415,-0.366,1.491,-118.628,0.018,-0.012,6.0
1551,-0.415,-0.366,1.491,-117.816,0.014,-0.008,6.0
1552,-0.415,-0.366,1.491,-117.856,0.007,-0.002,6.0
1553,-0.415,-0.366,1.491,-118.098,-0.001,0.004,6.0
1554,-0.415,-0.366,1.491,-118.522,-0.009,0.009,6.0
1555,-0.415,-0.367,1.491,-119.074,-0.015,0.012,6.0
1556,-0.415,-0.367,1.491,-119.724,-0.018,0.013,6.0
1557,-0.415,-0.367,1.491,-120.444,-0.019,0.012,6.0
1558,-0.415,-0.367,1.491,-121.215,-0.019,0.011,6.0
1559,-0.415,-0.367,1.491,-122.010,-0.014,0.007,6.0
1560,-0.415,-0.366,1.491,-121.979,-0.007,0.002,6.0
1561,-0.415,-0.366,1.491,-121.747,0.002,-0.003,6.0
1562,-0.415,-0.366,1.491,-121.332,0.009,-0.008,6.0
1563,-0.415,-0.366,1.491,-120.785,0.015,-0.011,6.0
1564,-0.415,-0.366,1.491,-120.136,0.018,-0.013,6.0
1565,-0.415,-0.366,1.491,-119.411,0.019,-0.013,6.0
1566,-0.415,-0.366,1.491,-118.628,0.018,-0.012,6.0
1567,-0.415,-0.366,1.491,-117.816,0.014,-0.008,6.0
1568,-0.415,-0.366,1.491,-117.856,0.007,-0.002,6.0
1569,-0.415,-0.366,1.491,-118.098,-0.001,0.004,6.0
1570,-0.415,-0.366,1.491,-118.522,-0.009,0.009,6.0
1571,-0.415,-0.367,1.491,-119.074,-0.015,0.012,6.0
1572,-0.415,-0.367,1.491,-119.724,-0.018,0.013,6.0
1573,-0.415,-0.367,1.491,-120.444,-0.019,0.012,6.0
1574,-0.415,-0.367,1.491,-121.215,-0.019,0.011,6.0
1575,-0.415,-0.367,1.491,-122.010,-0.014,0.007,6.0
1576,-0.415,-0.366,1.491,-121.979,-0.007,0.002,6.0
1577,-0.415,-0.366,1.491,-121.747,0.002,-0.003,6.0
1578,-0.415,-0.366,1.491,-121.332,0.009,-0.008,6.0
1579,-0.415,-0.366,1.491,-120.785,0.015,-0.011,6.0
1580,-0.415,-0.366,1.491,-120.136,0.018,-0.013,6.0
1581,-0.415,-0.366,1.491,-119.411,0.019,-0.013,6.0
1582,-0.415,-0.366,1.491,-118.628,0.018,-0.012,6.0
1583,-0.415,-0.366,1.491,-117.816,0.014,-0.008,6.0
1584,-0.415,-0.366,1.491,-117.856,0.007,-0.002,6.0
1585,-0.415,-0.366,1.491,-118.098,-0.001,0.004,6.0
1586,-0.415,-0.366,1.491,-118.522,-0.009,0.009,6.0
1587,-0.415,-0.367,1.491,-119.074,-0.015,0.012,6.0
1588,-0.415,-0.367,1.491,-119.724,-0.018,0.013,6.0
1589,-0.415,-0.367,1.491,-120.444,-0.019,0.012,6.0
1590,-0.415,-0.367,1.491,-121.215,-0.019,0.011,6.0
1591,-0.415,-0.367,1.491,-122.010,-0.014,0.007,6.0
1592,-0.415,-0.366,1.491,-121.979,-0.007,0.002,6.0
1593,-0.415,-0.366,1.491,-121.747,0.002,-0.003,6.0
1594,-0.415,-0.366,1.491,-121.332,0.009,-0.008,6.0
1595,-0.415,-0.366,1.491,-120.785,0.015,-0.011,6.0
1596,-0.415,-0.366,1.491,-120.136,0.018,-0.013,6.0
1597,-0.415,-0.366,1.491,-119.411,0.019,-0.013,6.0
1598,-0.415,-0.366,1.491,-118.628,0.018,-0.012,6.0
1599,-0.415,-0.366,1.491,-117.816,0.014,-0.008,6.0
1600,-0.415,-0.366,1.491,-117.856,0.007,-0.002,6.0
1601,-0.415,-0.366,1.491,-118.098,-0.001,0.004,6.0
1602,-0.415,-0.366,1.491,-118.522,-0.009,0.009,6.0
1603,-0.415,-0.367,1.491,-119.074,-0.015,0.012,6.0
1604,-0.415,-0.367,1.491,-119.724,-0.018,0.013,6.0
1605,-0.415,-0.367,1.491,-120.444,-0.019,0.012,6.0
1606,-0.415,-0.367,1.491,-121.215,-0.019,0.011,6.0
1607,-0.415,-0.367,1.491,-122.010,-0.014,0.007,6.0
1608,-0.415,-0.366,1.491,-121.979,-0.007,0.002,6.0
1609,-0.415,-0.366,1.491,-121.747,0.002,-0.003,6.0
1610,-0.415,-0.366,1.491,-121.332,0.009,-0.008,6.0
1611,-0.415,-0.366,1.491,-120.785,0.015,-0.011,6.0
1612,-0.415,-0.366,1.491,-120.136,0.018,-0.013,6.0
1613,-0.415,-0.366,1.491,-119.411,0.019,-0.013,6.0
1614,-0.415,-0.366,1.491,-118.628,0.018,-0.012,6.0
1615,-0.415,-0.366,1.491,-117.816,0.014,-0.008,6.0
1616,-0.415,-0.366,1.491,-117.856,0.007,-0.002,6.0
1617,-0.415,-0.366,1.491,-118.098,-0.001,0.004,6.0
1618,-0.415,-0.366,1.491,-118.522,-0.009,0.009,6.0
1619,-0.415,-0.367,1.491,-119.074,-0.015,0.012,6.0
1620,-0.415,-0.367,1.491,-119.724,-0.018,0.013,6.0
1621,-0.415,-0.367,1.491,-120.444,-0.019,0.012,6.0
1622,-0.415,-0.367,1.491,-121.215,-0.019,0.011,6.0
1623,-0.415,-0.367,1.491,-122.010,-0.014,0.007,6.0
1624,-0.415,-0.366,1.491,-121.979,-0.007,0.002,6.0
1625,-0.415,-0.366,1.491,-121.747,0.002,-0.003,6.0
1626,-0.415,-0.366,1.491,-121.332,0.009,-0.008,6.0
1627,-0.415,-0.366,1.491,-120.785,0.015,-0.011,6.0
1628,-0.415,-0.366,1.491,-120.136,0.018,-0.013,6.0
1629,-0.415,-0.366,1.491,-119.411,0.019,-0.013,6.0
1630,-0.415,-0.366,1.491,-118.628,0.018,-0.012,6.0
1631,-0.415,-0.366,1.491,-117.816,0.014,-0.008,6.0
1632,-0.415,-0.366,1.491,-117.856,0.007,-0.002,6.0
1633,-0.415,-0.366,1.491,-118.098,-0.001,0.004,6.0
1634,-0.415,-0.366,1.491,-118.522,-0.009,0.009,6.0
1635,-0.415,-0.367,1.491,-119.074,-0.015,0.012,6.0
1636,-0.415,-0.367,1.491,-119.724,-0.018,0.013,6.0
1637,-0.415,-0.367,1.491,-120.444,-0.019,0.012,6.0
1638,-0.415,-0.367,1.491,-121.215,-0.019,0.011,6.0
1639,-0.415,-0.367,1.491,-122.010,-0.014,0.007,6.0
1640,-0.415,-0.366,1.491,-121.979,-0.007,0.002,6.0
1641,-0.415,-0.366,1.491,-121.747,0.002,-0.003,6.0
1642,-0.415,-0.366,1.491,-121.332,0.009,-0.008,6.0
1643,-0.415,-0.366,1.491,-120.785,0.015,-0.011,6.0
1644,-0.415,-0.366,1.491,-120.136,0.018,-0.013,6.0
1645,-0.415,-0.366,1.491,-119.411,0.019,-0.013,6.0
1646,-0.415,-0.366,1.491,-118.628,0.018,-0.012,6.0
1647,-0.415,-0.366,1.491,-117.816,0.014,-0.008,6.0
1648,-0.415,-0.366,1.491,-117.856,0.007,-0.002,6.0
1649,-0.415,-0.366,1.491,-118.098,-0.001,0.004,6.0
1650,-0.415,-0.366,1.491,-118.522,-0.009,0.009,6.0
1651,-0.415,-0.367,1.491,-119.074,-0.015,0.012,6.0
1652,-0.415,-0.367,1.491,-119.724,-0.018,0.013,6.0
1653,-0.415,-0.367,1.491,-120.444,-0.019,0.012,6.0
1654,-0.415,-0.367,1.491,-121.215,-0.019,0.011,6.0
1655,-0.415,-0.367,1.491,-122.010,-0.014,0.007,6.0
1656,-0.415,-0.366,1.491,-121.979,-0.007,0.002,6.0
1657,-0.415,-0.366,1.491,-121.747,0.002,-0.003,6.0
1658,-0.415,-0.366,1.491,-121.332,0.009,-0.008,6.0
1659,-0.415,-0.366,1.491,-120.785,0.015,-0.011,6.0
1660,-0.415,-0.366,1.491,-120.136,0.018,-0.013,6.0
1661,-0.415,-0.366,1.491,-119.411,0.019,-0.013,6.0
1662,-0.415,-0.366,1.491,-118.628,0.018,-0.012,6.0
1663,-0.415,-0.366,1.491,-117.816,0.014,-0.008,6.0
1664,-0.415,-0.366,1.491,-117.856,0.007,-0.002,6.0
1665,-0.415,-0.366,1.491,-118.098,-0.001,0.004,6.0
1666,-0.415,-0.366,1.491,-118.522,-0.009,0.009,6.0
1667,-0.415,-0.367,1.491,-119.074,-0.015,0.012,6.0
1668,-0.415,-0.367,1.491,-119.724,-0.018,0.013,6.0
1669,-0.415,-0.367,1.491,-120.444,-0.019,0.012,6.0
1670,-0.415,-0.367,1.491,-121.215,-0.019,0.011,6.0
1671,-0.415,-0.367,1.491,-122.010,-0.014,0.007,6.0
1672,-0.415,-0.366,1.491,-121.979,-0.007,0.002,6.0
1673,-0.415,-0.366,1.491,-121.747,0.002,-0.003,6.0
1674,-0.415,-0.366,1.491,-121.332,0.009,-0.008,6.0
1675,-0.415,-0.366,1.491,-120.785,0.015,-0.011,6.0
1676,-0.415,-0.366,1.491,-120.136,0.018,-0.013,6.0
1677,-0.415,-0.366,1.491,-119.411,0.019,-0.013,6.0
1678,-0.415,-0.366,1.491,-118.628,0.018,-0.012,6.0
1679,-0.415,-0.366,1.491,-117.816,0.014,-0.008,6.0
1680,-0.415,-0.366,1.491,-117.856,0.007,-0.002,6.0
1681,-0.415,-0.366,1.491,-118.098,-0.001,0.004,6.0
1682,-0.415,-0.366,1.491,-118.522,-0.009,0.009,6.0
1683,-0.415,-0.367,1.491,-119.074,-0.015,0.012,6.0
1684,-0.415,-0.367,1.491,-119.724,-0.018,0.013,6.0
1685,-0.415,-0.367,1.491,-120.444,-0.019,0.012,6.0
1686,-0.415,-0.367,1.491,-121.215,-0.019,0.011,6.0
1687,-0.415,-0.367,1.491,-122.010,-0.014,0.007,6.0
1688,-0.415,-0.366,1.491,-121.979,-0.007,0.002,6.0
1689,-0.415,-0.366,1.491,-121.747,0.002,-0.003,6.0
1690,-0.415,-0.366,1.491,-121.332,0.009,-0.008,6.0
1691,-0.415,-0.366,1.491,-120.785,0.015,-0.011,6.0
1692,-0.415,-0.366,1.491,-120.136,0.018,-0.013,6.0
1693,-0.415,-0.366,1.491,-119.411,0.019,-0.013,6.0
1694,-0.415,-0.366,1.491,-118.628,0.018,-0.012,6.0
1695,-0.415,-0.366,1.491,-117.816,0.014,-0.008,6.0
1696,-0.415,-0.366,1.491,-117.856,0.007,-0.002,6.0
1697,-0.415,-0.366,1.491,-118.098,-0.001,0.004,6.0
1698,-0.415,-0.366,1.491,-118.522,-0.009,0.009,6.0
1699,-0.415,-0.367,1.491,-119.074,-0.015,0.012,6.0
1700,-0.415,-0.367,1.491,-119.724,-0.018,0.013,6.0
1701,-0.415,-0.367,1.491,-120.444,-0.019,0.012,6.0
1702,-0.415,-0.367,1.491,-121.215,-0.019,0.011,6.0
1703,-0.415,-0.367,1.491,-122.010,-0.014,0.007,6.0
1704,-0.415,-0.366,1.491,-121.979,-0.007,0.002,6.0
1705,-0.415,-0.366,1.491,-121.747,0.002,-0.003,6.0
1706,-0.415,-0.366,1.491,-121.332,0.009,-0.008,6.0
1707,-0.415,-0.366,1.491,-120.785,0.015,-0.011,6.0
1708,-0.415,-0.366,1.491,-120.136,0.018,-0.013,6.0
1709,-0.415,-0.366,1.491,-119.411,0.019,-0.013,6.0
1710,-0.415,-0.366,1.491,-118.628,0.018,-0.012,6.0
1711,-0.415,-0.366,1.491,-117.816,0.014,-0.008,6.0
1712,-0.415,-0.366,1.491,-117.856,0.007,-0.002,6.0
1713,-0.415,-0.366,1.491,-118.098,-0.001,0.004,6.0
1714,-0.415,-0.366,1.491,-118.522,-0.009,0.009,6.0
1715,-0.415,-0.367,1.491,-119.074,-0.015,0.012,6.0
1716,-0.415,-0.367,1.491,-119.724,-0.018,0.013,6.0
1717,-0.415,-0.367,1.491,-120.444,-0.019,0.012,6.0
1718,-0.415,-0.367,1.491,-121.215,-0.019,0.011,6.0
1719,-0.415,-0.367,1.491,-122.010,-0.014,0.007,6.0
1720,-0.415,-0.366,1.491,-121.979,-0.007,0.002,6.0
1721,-0.415,-0.366,1.491,-121.747,0.002,-0.003,6.0
1722,-0.415,-0.366,1.491,-121.332,0.009,-0.008,6.0
1723,-0.415,-0.366,1.491,-120.785,0.015,-0.011,6.0
1724,-0.415,-0.366,1.491,-120.136,0.018,-0.013,6.0
1725,-0.415,-0.366,1.491,-119.411,0.019,-0.013,6.0
1726,-0.415,-0.366,1.491,-118.628,0.018,-0.012,6.0
1727,-0.415,-0.366,1.491,-117.816,0.014,-0.008,6.0
1728,-0.415,-0.366,1.491,-117.856,0.007,-0.002,6.0
1729,-0.415,-0.366,1.491,-118.098,-0.001,0.004,6.0
1730,-0.415,-0.366,1.491,-118.522,-0.009,0.009,6.0
1731,-0.415,-0.367,1.491,-119.074,-0.015,0.012,6.0
1732,-0.415,-0.367,1.491,-119.724,-0.018,0.013,6.0
1733,-0.415,-0.367,1.491,-120.444,-0.019,0.012,6.0
1734,-0.415,-0.367,1.491,-121.215,-0.019,0.011,6.0
1735,-0.415,-0.367,1.491,-122.010,-0.014,0.007,6.0
1736,-0.415,-0.366,1.491,-121.979,-0.007,0.002,6.0
1737,-0.415,-0.366,1.491,-121.747,0.002,-0.003,6.0
1738,-0.415,-0.366,1.491,-121.332,0.009,-0.008,6.0
1739,-0.415,-0.366,1.491,-120.785,0.015,-0.011,6.0
1740,-0.415,-0.366,1.491,-120.136,0.018,-0.013,6.0
1741,-0.415,-0.366,1.491,-119.411,0.019,-0.013,6.0
1742,-0.415,-0.366,1.491,-118.628,0.018,-0.012,6.0
1743,-0.415,-0.366,1.491,-117.816,0.014,-0.008,6.0
1744,-0.415,-0.366,1.491,-117.856,0.007,-0.002,6.0
1745,-0.415,-0.366,1.491,-118.098,-0.001,0.004,6.0
1746,-0.415,-0.366,1.491,-118.522,-0.009,0.009,6.0
1747,-0.415,-0.367,1.491,-119.074,-0.015,0.012,6.0
1748,-0.415,-0.367,1.491,-119.724,-0.018,0.013,6.0
1749,-0.415,-0.367,1.491,-120.444,-0.019,0.012,6.0
1750,-0.415,-0.367,1.491,-121.215,-0.019,0.011,6.0
1751,-0.415,-0.367,1.491,-122.010,-0.014,0.007,6.0
1752,-0.415,-0.366,1.491,-121.979,-0.007,0.002,6.0
1753,-0.415,-0.366,1.491,-121.747,0.002,-0.003,6.0
1754,-0.415,-0.366,1.491,-121.332,0.009,-0.008,6.0
1755,-0.415,-0.366,1.491,-120.785,0.015,-0.011,6.0
1756,-0.415,-0.366,1.491,-120.136,0.018,-0.013,6.0
1757,-0.415,-0.366,1.491,-119.411,0.019,-0.013,6.0
1758,-0.415,-0.366,1.491,-118.628,0.018,-0.012,6.0
1759,-0.415,-0.366,1.491,-117.816,0.014,-0.008,6.0
1760,-0.415,-0.366,1.491,-117.856,0.007,-0.002,6.0
1761,-0.415,-0.366,1.491,-118.098,-0.001,0.004,6.0
1762,-0.415,-0.366,1.491,-118.522,-0.009,0.009,6.0
1763,-0.415,-0.367,1.491,-119.074,-0.015,0.012,6.0
1764,-0.415,-0.367,1.491,-119.724,-0.018,0.013,6.0
1765,-0.415,-0.367,1.491,-120.444,-0.019,0.012,6.0
1766,-0.415,-0.367,1.491,-121.215,-0.019,0.011,6.0
1767,-0.415,-0.367,1.491,-122.010,-0.014,0.007,6.0
1768,-0.415,-0.366,1.491,-121.979,-0.007,0.002,6.0
1769,-0.415,-0.366,1.491,-121.747,0.002,-0.003,6.0
1770,-0.415,-0.366,1.491,-121.332,0.009,-0.008,6.0
1771,-0.415,-0.366,1.491,-120.785,0.015,-0.011,6.0
1772,-0.415,-0.366,1.491,-120.136,0.018,-0.013,6.0
1773,-0.415,-0.366,1.491,-119.411,0.019,-0.013,6.0
1774,-0.415,-0.366,1.491,-118.628,0.018,-0.012,6.0
1775,-0.415,-0.366,1.491,-117.816,0.014,-0.008,6.0
1776,-0.415,-0.366,1.491,-117.856,0.007,-0.002,6.0
1777,-0.415,-0.366,1.491,-118.098,-0.001,0.004,6.0
1778,-0.415,-0.366,1.491,-118.522,-0.009,0.009,6.0
1779,-0.415,-0.367,1.491,-119.074,-0.015,0.012,6.0
1780,-0.415,-0.367,1.491,-119.724,-0.018,0.013,6.0
1781,-0.415,-0.367,1.491,-120.444,-0.019,0.012,6.0
1782,-0.415,-0.367,1.491,-121.215,-0.019,0.011,6.0
1783,-0.415,-0.367,1.491,-122.010,-0.014,0.007,6.0
1784,-0.415,-0.366,1.491,-121.979,-0.007,0.002,6.0
1785,-0.415,-0.366,1.491,-121.747,0.002,-0.003,6.0
1786,-0.415,-0.366,1.491,-121.332,0.009,-0.008,6.0
1787,-0.415,-0.366,1.491,-120.785,0.015,-0.011,6.0
1788,-0.415,-0.366,1.491,-120.136,0.018,-0.013,6.0
1789,-0.415,-0.366,1.491,-119.411,0.019,-0.013,6.0
1790,-0.415,-0.366,1.491,-118.628,0.018,-0.012,6.0
1791,-0.415,-0.366,1.491,-117.816,0.014,-0.008,6.0
1792,-0.415,-0.366,1.491,-117.856,0.007,-0.002,6.0
1793,-0.415,-0.366,1.491,-118.098,-0.001,0.004,6.0
1794,-0.415,-0.366,1.491,-118.522,-0.009,0.009,6.0
1795,-0.415,-0.367,1.491,-119.074,-0.015,0.012,6.0
1796,-0.415,-0.367,1.491,-119.724,-0.018,0.013,6.0
1797,-0.415,-0.367,1.491,-120.444,-0.019,0.012,6.0
1798,-0.415,-0.367,1.491,-121.215,-0.019,0.011,6.0
1799,-0.415,-0.367,1.491,-122.010,-0.014,0.007,6.0
1800,-0.415,-0.366,1.491,-121.979,-0.007,0.002,6.0
1801,-0.415,-0.366,1.491,-121.747,0.002,-0.003,6.0
1802,-0.415,-0.366,1.491,-121.332,0.009,-0.008,6.0
1803,-0.415,-0.366,1.491,-120.785,0.015,-0.011,6.0
1804,-0.415,-0.366,1.491,-120.136,0.018,-0.013,6.0
1805,-0.415,-0.366,1.491,-119.411,0.019,-0.013,6.0
1806,-0.415,-0.366,1.491,-118.628,0.018,-0.012,6.0
1807,-0.415,-0.366,1.491,-117.816,0.014,-0.008,6.0
1808,-0.415,-0.366,1.491,-117.856,0.007,-0.002,6.0
1809,-0.415,-0.366,1.491,-118.098,-0.001,0.004,6.0
1810,-0.415,-0.366,1.491,-118.522,-0.009,0.009,6.0
1811,-0.415,-0.367,1.491,-119.074,-0.015,0.012,6.0
1812,-0.415,-0.367,1.491,-119.724,-0.018,0.013,6.0
1813,-0.415,-0.367,1.491,-120.444,-0.019,0.012,6.0
1814,-0.415,-0.367,1.491,-121.215,-0.019,0.011,6.0
1815,-0.415,-0.367,1.491,-122.010,-0.014,0.007,6.0
1816,-0.415,-0.366,1.491,-121.979,-0.007,0.002,6.0
1817,-0.415,-0.366,1.491,-121.747,0.002,-0.003,6.0
1818,-0.415,-0.366,1.491,-121.332,0.009,-0.008,6.0
1819,-0.415,-0.366,1.491,-120.785,0.015,-0.011,6.0
1820,-0.415,-0.366,1.491,-120.136,0.018,-0.013,6.0
1821,-0.415,-0.366,1.491,-119.411,0.019,-0.013,6.0
1822,-0.415,-0.366,1.491,-118.628,0.018,-0.012,6.0
1823,-0.415,-0.366,1.491,-117.816,0.014,-0.008,6.0
1824,-0.415,-0.366,1.491,-117.856,0.007,-0.002,6.0
1825,-0.415,-0.366,1.491,-118.098,-0.001,0.004,6.0
1826,-0.415,-0.366,1.491,-118.522,-0.009,0.009,6.0
1827,-0.415,-0.367,1.491,-119.074,-0.015,0.012,6.0
1828,-0.415,-0.367,1.491,-119.724,-0.018,0.013,6.0
1829,-0.415,-0.367,1.491,-120.444,-0.019,0.012,6.0
1830,-0.415,-0.367,1.491,-121.215,-0.019,0.011,6.0
1831,-0.415,-0.367,1.491,-122.010,-0.014,0.007,6.0
1832,-0.415,-0.366,1.491,-121.979,-0.007,0.002,6.0
1833,-0.415,-0.366,1.491,-121.747,0.002,-0.003,6.0
1834,-0.415,-0.366,1.491,-121.332,0.009,-0.008,6.0
1835,-0.415,-0.366,1.491,-120.785,0.015,-0.011,6.0
1836,-0.415,-0.366,1.491,-120.136,0.018,-0.013,6.0
1837,-0.415,-0.366,1.491,-119.411,0.019,-0.013,6.0
1838,-0.415,-0.366,1.491,-118.628,0.018,-0.012,6.0
1839,-0.415,-0.366,1.491,-117.816,0.014,-0.008,6.0
1840,-0.415,-0.366,1.491,-117.856,0.007,-0.002,6.0
1841,-0.415,-0.366,1.491,-118.098,-0.001,0.004,6.0
1842,-0.415,-0.366,1.491,-118.522,-0.009,0.009,6.0
1843,-0.415,-0.367,1.491,-119.074,-0.015,0.012,6.0
1844,-0.415,-0.367,1.491,-119.724,-0.018,0.013,6.0
1845,-0.415,-0.367,1.491,-120.444,-0.019,0.012,6.0
1846,-0.415,-0.367,1.491,-121.215,-0.019,0.011,6.0
1847,-0.415,-0.367,1.491,-122.010,-0.014,0.007,6.0
1848,-0.415,-0.366,1.491,-121.979,-0.007,0.002,6.0
1849,-0.415,-0.366,1.491,-121.747,0.002,-0.003,6.0
1850,-0.415,-0.366,1.491,-121.332,0.009,-0.008,6.0
1851,-0.415,-0.366,1.491,-120.785,0.015,-0.011,6.0
1852,-0.415,-0.366,1.491,-120.136,0.018,-0.013,6.0
1853,-0.415,-0.366,1.491,-119.411,0.019,-0.013,6.0
1854,-0.415,-0.366,1.491,-118.628,0.018,-0.012,6.0
1855,-0.415,-0.366,1.491,-117.816,0.014,-0.008,6.0
1856,-0.415,-0.366,1.491,-117.856,0.007,-0.002,6.0
1857,-0.415,-0.366,1.491,-118.098,-0.001,0.004,6.0
1858,-0.415,-0.366,1.491,-118.522,-0.009,0.009,6.0
1859,-0.415,-0.367,1.491,-119.074,-0.015,0.012,6.0
1860,-0.415,-0.367,1.491,-119.724,-0.018,0.013,6.0
1861,-0.415,-0.367,1.491,-120.444,-0.019,0.012,6.0
1862,-0.415,-0.367,1.491,-121.215,-0.019,0.011,6.0
1863,-0.415,-0.367,1.491,-122.010,-0.014,0.007,6.0
1864,-0.415,-0.366,1.491,-121.979,-0.007,0.002,6.0
1865,-0.415,-0.366,1.491,-121.747,0.002,-0.003,6.0
1866,-0.415,-0.366,1.491,-121.332,0.009,-0.008,6.0
1867,-0.415,-0.366,1.491,-120.785,0.015,-0.011,6.0
1868,-0.415,-0.366,1.491,-120.136,0.018,-0.013,6.0
1869,-0.415,-0.366,1.491,-119.411,0.019,-0.013,6.0
1870,-0.415,-0.366,1.491,-118.628,0.018,-0.012,6.0
1871,-0.415,-0.366,1.491,-117.816,0.014,-0.008,6.0
1872,-0.415,-0.366,1.491,-117.856,0.007,-0.002,6.0
1873,-0.415,-0.366,1.491,-118.098,-0.001,0.004,6.0
1874,-0.415,-0.366,1.491,-118.522,-0.009,0.009,6.0
1875,-0.415,-0.367,1.491,-119.074,-0.015,0.012,6.0
1876,-0.415,-0.367,1.491,-119.724,-0.018,0.013,6.0
1877,-0.415,-0.367,1.491,-120.444,-0.019,0.012,6.0
1878,-0.415,-0.367,1.491,-121.215,-0.019,0.011,6.0
1879,-0.415,-0.367,1.491,-122.010,-0.014,0.007,6.0
1880,-0.415,-0.366,1.491,-121.979,-0.007,0.002,6.0
1881,-0.415,-0.366,1.491,-121.747,0.002,-0.003,6.0
1882,-0.415,-0.366,1.491,-121.332,0.009,-0.008,6.0
1883,-0.415,-0.366,1.491,-120.785,0.015,-0.011,6.0
1884,-0.415,-0.366,1.491,-120.136,0.018,-0.013,6.0
1885,-0.415,-0.366,1.491,-119.411,0.019,-0.013,6.0
1886,-0.415,-0.366,1.491,-118.628,0.018,-0.012,6.0
1887,-0.415,-0.366,1.491,-117.816,0.014,-0.008,6.0
1888,-0.415,-0.366,1.491,-117.856,0.007,-0.002,6.0
1889,-0.415,-0.366,1.491,-118.098,-0.001,0.004,6.0
1890,-0.415,-0.366,1.491,-118.522,-0.009,0.009,6.0
1891,-0.415,-0.367,1.491,-119.074,-0.015,0.012,6.0
1892,-0.415,-0.367,1.491,-119.724,-0.018,0.013,6.0
1893,-0.415,-0.367,1.491,-120.444,-0.019,0.012,6.0
1894,-0.415,-0.367,1.491,-121.215,-0.019,0.011,6.0
1895,-0.415,-0.367,1.491,-122.010,-0.014,0.007,6.0
1896,-0.415,-0.366,1.491,-121.979,-0.007,0.002,6.0
1897,-0.415,-0.366,1.491,-121.747,0.002,-0.003,6.0
1898,-0.415,-0.366,1.491,-121.332,0.009,-0.008,6.0
1899,-0.415,-0.366,1.491,-120.785,0.015,-0.011,6.0
1900,-0.415,-0.366,1.491,-120.136,0.018,-0.013,6.0
1901,-0.415,-0.366,1.491,-119.411,0.019,-0.013,6.0
1902,-0.415,-0.366,1.491,-118.628,0.018,-0.012,6.0
1903,-0.415,-0.366,1.491,-117.816,0.014,-0.008,6.0
1904,-0.415,-0.366,1.491,-117.856,0.007,-0.002,6.0
1905,-0.415,-0.366,1.491,-118.098,-0.001,0.004,6.0
1906,-0.415,-0.366,1.491,-118.522,-0.009,0.009,6.0
1907,-0.415,-0.367,1.491,-119.074,-0.015,0.012,6.0
1908,-0.415,-0.367,1.491,-119.724,-0.018,0.013,6.0
1909,-0.415,-0.367,1.491,-120.444,-0.019,0.012,6.0
1910,-0.415,-0.367,1.491,-121.215,-0.019,0.011,6.0
1911,-0.415,-0.367,1.491,-122.010,-0.014,0.007,6.0
1912,-0.415,-0.366,1.491,-121.979,-0.007,0.002,6.0
1913,-0.415,-0.366,1.491,-121.747,0.002,-0.003,6.0
1914,-0.415,-0.366,1.491,-121.332,0.009,-0.008,6.0
1915,-0.415,-0.366,1.491,-120.785,0.015,-0.011,6.0
1916,-0.415,-0.366,1.491,-120.136,0.018,-0.013,6.0
1917,-0.415,-0.366,1.491,-119.411,0.019,-0.013,6.0
1918,-0.415,-0.366,1.491,-118.628,0.018,-0.012,6.0
1919,-0.415,-0.366,1.491,-117.816,0.014,-0.008,6.0
1920,-0.415,-0.366,1.491,-117.856,0.007,-0.002,6.0
1921,-0.415,-0.366,1.491,-118.098,-0.001,0.004,6.0
1922,-0.415,-0.366,1.491,-118.522,-0.009,0.009,6.0
1923,-0.415,-0.367,1.491,-119.074,-0.015,0.012,6.0
1924,-0.415,-0.367,1.491,-119.724,-0.018,0.013,6.0
1925,-0.415,-0.367,1.491,-120.444,-0.019,0.012,6.0
1926,-0.415,-0.367,1.491,-121.215,-0.019,0.011,6.0
1927,-0.415,-0.367,1.491,-122.010,-0.014,0.007,6.0
1928,-0.415,-0.366,1.491,-121.979,-0.007,0.002,6.0
1929,-0.415,-0.366,1.491,-121.747,0.002,-0.003,6.0
1930,-0.415,-0.366,1.491,-121.332,0.009,-0.008,6.0
1931,-0.415,-0.366,1.491,-120.785,0.015,-0.011,6.0
1932,-0.415,-0.366,1.491,-120.136,0.018,-0.013,6.0
1933,-0.415,-0.366,1.491,-119.411,0.019,-0.013,6.0
1934,-0.415,-0.366,1.491,-118.628,0.018,-0.012,6.0
1935,-0.415,-0.366,1.491,-117.816,0.014,-0.008,6.0
1936,-0.415,-0.366,1.491,-117.856,0.007,-0.002,6.0
1937,-0.415,-0.366,1.491,-118.098,-0.001,0.004,6.0
1938,-0.415,-0.366,1.491,-118.522,-0.009,0.009,6.0
1939,-0.415,-0.367,1.491,-119.074,-0.015,0.012,6.0
1940,-0.415,-0.367,1.491,-119.724,-0.018,0.013,6.0
1941,-0.415,-0.367,1.491,-120.444,-0.019,0.012,6.0
1942,-0.415,-0.367,1.491,-121.215,-0.019,0.011,6.0
1943,-0.415,-0.367,1.491,-122.010,-0.014,0.007,6.0
1944,-0.415,-0.366,1.491,-121.979,-0.007,0.002,6.0
1945,-0.415,-0.366,1.491,-121.747,0.002,-0.003,6.0
1946,-0.415,-0.366,1.491,-121.332,0.009,-0.008,6.0
1947,-0.415,-0.366,1.491,-120.785,0.015,-0.011,6.0
1948,-0.415,-0.366,1.491,-120.136,0.018,-0.013,6.0
1949,-0.415,-0.366,1.491,-119.411,0.019,-0.013,6.0
1950,-0.415,-0.366,1.491,-118.628,0.018,-0.012,6.0
1951,-0.415,-0.366,1.491,-117.816,0.014,-0.008,6.0
1952,-0.415,-0.366,1.491,-117.856,0.007,-0.002,6.0
1953,-0.415,-0.366,1.491,-118.098,-0.001,0.004,6.0
1954,-0.415,-0.366,1.491,-118.522,-0.009,0.009,6.0
1955,-0.415,-0.367,1.491,-119.074,-0.015,0.012,6.0
1956,-0.415,-0.367,1.491,-119.724,-0.018,0.013,6.0
1957,-0.415,-0.367,1.491,-120.444,-0.019,0.012,6.0
1958,-0.415,-0.367,1.491,-121.215,-0.019,0.011,6.0
1959,-0.415,-0.367,1.491,-122.010,-0.014,0.007,6.0
1960,-0.415,-0.366,1.491,-121.979,-0.007,0.002,6.0
1961,-0.415,-0.366,1.491,-121.747,0.002,-0.003,6.0
1962,-0.415,-0.366,1.491,-121.332,0.009,-0.008,6.0
1963,-0.415,-0.366,1.491,-120.785,0.015,-0.011,6.0
1964,-0.415,-0.366,1.491,-120.136,0.018,-0.013,6.0
1965,-0.415,-0.366,1.491,-119.411,0.019,-0.013,6.0
1966,-0.415,-0.366,1.491,-118.628,0.018,-0.012,6.0
1967,-0.415,-0.366,1.491,-117.816,0.014,-0.008,6.0
1968,-0.415,-0.366,1.491,-117.856,0.007,-0.002,6.0
1969,-0.415,-0.366,1.491,-118.098,-0.001,0.004,6.0
1970,-0.415,-0.366,1.491,-118.522,-0.009,0.009,6.0
1971,-0.415,-0.367,1.491,-119.074,-0.015,0.012,6.0
1972,-0.415,-0.367,1.491,-119.724,-0.018,0.013,6.0
1973,-0.415,-0.367,1.491,-120.444,-0.019,0.012,6.0
1974,-0.415,-0.367,1.491,-121.215,-0.019,0.011,6.0
1975,-0.415,-0.367,1.491,-122.010,-0.014,0.007,6.0
1976,-0.415,-0.366,1.491,-121.979,-0.007,0.002,6.0
1977,-0.415,-0.366,1.491,-121.747,0.002,-0.003,6.0
1978,-0.415,-0.366,1.491,-121.332,0.009,-0.008,6.0
1979,-0.415,-0.366,1.491,-120.785,0.015,-0.011,6.0
1980,-0.415,-0.366,1.491,-120.136,0.018,-0.013,6.0
1981,-0.415,-0.366,1.491,-119.411,0.019,-0.013,6.0
1982,-0.415,-0.366,1.491,-118.628,0.018,-0.012,6.0
1983,-0.415,-0.366,1.491,-117.816,0.014,-0.008,6.0
1984,-0.415,-0.366,1.491,-117.856,0.007,-0.002,6.0
1985,-0.415,-0.366,1.491,-118.098,-0.001,0.004,6.0
1986,-0.415,-0.366,1.491,-118.522,-0.009,0.009,6.0
1987,-0.415,-0.367,1.491,-119.074,-0.015,0.012,6.0
1988,-0.415,-0.367,1.491,-119.724,-0.018,0.013,6.0
1989,-0.415,-0.367,1.491,-120.444,-0.019,0.012,6.0
1990,-0.415,-0.367,1.491,-121.215,-0.019,0.011,6.0
1991,-0.415,-0.367,1.491,-122.010,-0.014,0.007,6.0
1992,-0.415,-0.366,1.491,-121.979,-0.007,0.002,6.0
1993,-0.415,-0.366,1.491,-121.747,0.002,-0.003,6.0
1994,-0.415,-0.366,1.491,-121.332,0.009,-0.008,6.0
1995,-0.415,-0.366,1.491,-120.785,0.015,-0.011,6.0
1996,-0.415,-0.366,1.491,-120.136,0.018,-0.013,6.0
1997,-0.415,-0.366,1.491,-119.411,0.019,-0.013,6.0
1998,-0.415,-0.366,1.491,-118.628,0.018,-0.012,6.0
1999,-0.415,-0.366,1.491,-117.816,0.014,-0.008,6.0
2000,-0.415,-0.366,1.491,-117.856,0.007,-0.002,6.0
2001,-0.415,-0.366,1.491,-118.098,-0.001,0.004,6.0
2002,-0.415,-0.366,1.491,-118.522,-0.009,0.009,6.0
2003,-0.415,-0.367,1.491,-119.074,-0.015,0.012,6.0
2004,-0.415,-0.367,1.491,-119.724,-0.018,0.013,6.0
2005,-0.415,-0.367,1.491,-120.444,-0.019,0.012,6.0
2006,-0.415,-0.367,1.491,-121.215,-0.019,0.011,6.0
2007,-0.415,-0.367,1.491,-122.010,-0.014,0.007,6.0
2008,-0.415,-0.366,1.491,-121.979,-0.007,0.002,6.0
2009,-0.415,-0.366,1.491,-121.747,0.002,-0.003,6.0
2010,-0.415,-0.366,1.491,-121.332,0.009,-0.008,6.0
2011,-0.415,-0.366,1.491,-120.785,0.015,-0.011,6.0
2012,-0.415,-0.366,1.491,-120.136,0.018,-0.013,6.0
2013,-0.415,-0.366,1.491,-119.411,0.019,-0.013,6.0
2014,-0.415,-0.366,1.491,-118.628,0.018,-0.012,6.0
2015,-0.415,-0.366,1.491,-117.816,0.014,-0.008,6.0
2016,-0.415,-0.366,1.491,-117.856,0.007,-0.002,6.0
2017,-0.415,-0.366,1.491,-118.098,-0.001,0.004,6.0
2018,-0.415,-0.366,1.491,-118.522,-0.009,0.009,6.0
2019,-0.415,-0.367,1.491,-119.074,-0.015,0.012,6.0
2020,-0.415,-0.367,1.491,-119.724,-0.018,0.013,6.0
2021,-0.415,-0.367,1.491,-120.444,-0.019,0.012,6.0
2022,-0.415,-0.367,1.491,-121.215,-0.019,0.011,6.0
2023,-0.415,-0.367,1.491,-122.010,-0.014,0.007,6.0
2024,-0.415,-0.366,1.491,-121.979,-0.007,0.002,6.0
2025,-0.415,-0.366,1.491,-121.747,0.002,-0.003,6.0
2026,-0.415,-0.366,1.491,-121.332,0.009,-0.008,6.0
2027,-0.415,-0.366,1.491,-120.785,0.015,-0.011,6.0
2028,-0.415,-0.366,1.491,-120.136,0.018,-0.013,6.0
2029,-0.415,-0.366,1.491,-119.411,0.019,-0.013,6.0
2030,-0.415,-0.366,1.491,-118.628,0.018,-0.012,6.0
2031,-0.415,-0.366,1.491,-117.816,0.014,-0.008,6.0
2032,-0.415,-0.366,1.491,-117.856,0.007,-0.002,6.0
2033,-0.415,-0.366,1.491,-118.098,-0.001,0.004,6.0
2034,-0.415,-0.366,1.491,-118.522,-0.009,0.009,6.0
2035,-0.415,-0.367,1.491,-119.074,-0.015,0.012,6.0
2036,-0.415,-0.367,1.491,-119.724,-0.018,0.013,6.0
2037,-0.415,-0.367,1.491,-120.444,-0.019,0.012,6.0
2038,-0.415,-0.367,1.491,-121.215,-0.019,0.011,6.0
2039,-0.415,-0.367,1.491,-122.010,-0.014,0.007,6.0
2040,-0.415,-0.366,1.491,-121.979,-0.007,0.002,6.0
2041,-0.415,-0.366,1.491,-121.747,0.002,-0.003,6.0
2042,-0.415,-0.366,1.491,-121.332,0.009,-0.008,6.0
2043,-0.415,-0.366,1.491,-120.785,0.015,-0.011,6.0
2044,-0.415,-0.366,1.491,-120.136,0.018,-0.013,6.0
2045,-0.415,-0.366,1.491,-119.411,0.019,-0.013,6.0
2046,-0.415,-0.366,1.491,-118.628,0.018,-0.012,6.0
2047,-0.415,-0.366,1.491,-117.816,0.014,-0.008,6.0
2048,-0.415,-0.366,1.491,-117.856,0.007,-0.002,6.0
2049,-0.415,-0.366,1.491,-118.098,-0.001,0.004,6.0
2050,-0.415,-0.366,1.491,-118.522,-0.009,0.009,6.0
2051,-0.415,-0.367,1.491,-119.074,-0.015,0.012,6.0
2052,-0.415,-0.367,1.491,-119.724,-0.018,0.013,6.0
2053,-0.415,-0.367,1.491,-120.444,-0.019,0.012,6.0
2054,-0.415,-0.367,1.491,-121.215,-0.019,0.011,6.0
2055,-0.415,-0.367,1.491,-122.010,-0.014,0.007,6.0
2056,-0.415,-0.366,1.491,-121.979,-0.007,0.002,6.0
2057,-0.415,-0.366,1.491,-121.747,0.002,-0.003,6.0
2058,-0.415,-0.366,1.491,-121.332,0.009,-0.008,6.0
2059,-0.415,-0.366,1.491,-120.785,0.015,-0.011,6.0
2060,-0.415,-0.366,1.491,-120.136,0.018,-0.013,6.0
2061,-0.415,-0.366,1.491,-119.411,0.019,-0.013,6.0
2062,-0.415,-0.366,1.491,-118.628,0.018,-0.012,6.0
2063,-0.415,-0.366,1.491,-117.816,0.014,-0.008,6.0
2064,-0.415,-0.366,1.491,-117.856,0.007,-0.002,6.0
2065,-0.415,-0.366,1.491,-118.098,-0.001,0.004,6.0
2066,-0.415,-0.366,1.491,-118.522,-0.009,0.009,6.0
2067,-0.415,-0.367,1.491,-119.074,-0.015,0.012,6.0
2068,-0.415,-0.367,1.491,-119.724,-0.018,0.013,6.0
2069,-0.415,-0.367,1.491,-120.444,-0.019,0.012,6.0
2070,-0.415,-0.367,1.491,-121.215,-0.019,0.011,6.0
2071,-0.415,-0.367,1.491,-122.010,-0.014,0.007,6.0
2072,-0.415,-0.366,1.491,-121.979,-0.007,0.002,6.0
2073,-0.415,-0.366,1.491,-121.747,0.002,-0.003,6.0
2074,-0.415,-0.366,1.491,-121.332,0.009,-0.008,6.0
2075,-0.415,-0.366,1.491,-120.785,0.015,-0.011,6.0
2076,-0.415,-0.366,1.491,-120.136,0.018,-0.013,6.0
2077,-0.415,-0.366,1.491,-119.411,0.019,-0.013,6.0
2078,-0.415,-0.366,1.491,-118.628,0.018,-0.012,6.0
2079,-0.415,-0.366,1.491,-117.816,0.014,-0.008,6.0
2080,-0.415,-0.366,1.491,-117.856,0.007,-0.002,6.0
2081,-0.415,-0.366,1.491,-118.098,-0.001,0.004,6.0
2082,-0.415,-0.366,1.491,-118.522,-0.009,0.009,6.0
2083,-0.415,-0.367,1.491,-119.074,-0.015,0.012,6.0
2084,-0.415,-0.367,1.491,-119.724,-0.018,0.013,6.0
2085,-0.415,-0.367,1.491,-120.444,-0.019,0.012,6.0
2086,-0.415,-0.367,1.491,-121.215,-0.019,0.011,6.0
2087,-0.415,-0.367,1.491,-122.010,-0.014,0.007,6.0
2088,-0.415,-0.366,1.491,-121.979,-0.007,0.002,6.0
2089,-0.415,-0.366,1.491,-121.747,0.002,-0.003,6.0
2090,-0.415,-0.366,1.491,-121.332,0.009,-0.008,6.0
2091,-0.415,-0.366,1.491,-120.785,0.015,-0.011,6.0
2092,-0.415,-0.366,1.491,-120.136,0.018,-0.013,6.0
2093,-0.415,-0.366,1.491,-119.411,0.019,-0.013,6.0
2094,-0.415,-0.366,1.491,-118.628,0.018,-0.012,6.0
2095,-0.415,-0.366,1.491,-117.816,0.014,-0.008,6.0
2096,-0.415,-0.366,1.491,-117.856,0.007,-0.002,6.0
2097,-0.415,-0.366,1.491,-118.098,-0.001,0.004,6.0
2098,-0.415,-0.366,1.491,-118.522,-0.009,0.009,6.0
2099,-0.415,-0.367,1.491,-119.074,-0.015,0.012,6.0
2100,-0.415,-0.367,1.491,-119.724,-0.018,0.013,6.0
2101,-0.415,-0.367,1.491,-120.444,-0.019,0.012,6.0
2102,-0.415,-0.367,1.491,-121.215,-0.019,0.011,6.0
2103,-0.415,-0.367,1.491,-122.010,-0.014,0.007,6.0
2104,-0.415,-0.366,1.491,-121.979,-0.007,0.002,6.0
2105,-0.415,-0.366,1.491,-121.747,0.002,-0.003,6.0
2106,-0.415,-0.366,1.491,-121.332,0.009,-0.008,6.0
2107,-0.415,-0.366,1.491,-120.785,0.015,-0.011,6.0
2108,-0.415,-0.366,1.491,-120.136,0.018,-0.013,6.0
2109,-0.415,-0.366,1.491,-119.411,0.019,-0.013,6.0
2110,-0.415,-0.366,1.491,-118.628,0.018,-0.012,6.0
2111,-0.415,-0.366,1.491,-117.816,0.014,-0.008,6.0
2112,-0.415,-0.366,1.491,-117.856,0.007,-0.002,6.0
2113,-0.415,-0.366,1.491,-118.098,-0.001,0.004,6.0
2114,-0.415,-0.366,1.491,-118.522,-0.009,0.009,6.0
2115,-0.415,-0.367,1.491,-119.074,-0.015,0.012,6.0
2116,-0.415,-0.367,1.491,-119.724,-0.018,0.013,6.0
2117,-0.415,-0.367,1.491,-120.444,-0.019,0.012,6.0
2118,-0.415,-0.367,1.491,-121.215,-0.019,0.011,6.0
2119,-0.415,-0.367,1.491,-122.010,-0.014,0.007,6.0
2120,-0.415,-0.366,1.491,-121.979,-0.007,0.002,6.0
2121,-0.415,-0.366,1.491,-121.747,0.002,-0.003,6.0
2122,-0.415,-0.366,1.491,-121.332,0.009,-0.008,6.0
2123,-0.415,-0.366,1.491,-120.785,0.015,-0.011,6.0
2124,-0.415,-0.366,1.491,-120.136,0.018,-0.013,6.0
2125,-0.415,-0.366,1.491,-119.411,0.019,-0.013,6.0
2126,-0.415,-0.366,1.491,-118.628,0.018,-0.012,6.0
2127,-0.415,-0.366,1.491,-117.816,0.014,-0.008,6.0
2128,-0.415,-0.366,1.491,-117.856,0.007,-0.002,6.0
2129,-0.415,-0.366,1.491,-118.098,-0.001,0.004,6.0
2130,-0.415,-0.366,1.491,-118.522,-0.009,0.009,6.0
2131,-0.415,-0.367,1.491,-119.074,-0.015,0.012,6.0
2132,-0.415,-0.367,1.491,-119.724,-0.018,0.013,6.0
2133,-0.415,-0.367,1.491,-120.444,-0.019,0.012,6.0
2134,-0.415,-0.367,1.491,-121.215,-0.019,0.011,6.0
2135,-0.415,-0.367,1.491,-122.010,-0.014,0.007,6.0
2136,-0.415,-0.366,1.491,-121.979,-0.007,0.002,6.0
2137,-0.415,-0.366,1.491,-121.747,0.002,-0.003,6.0
2138,-0.415,-0.366,1.491,-121.332,0.009,-0.008,6.0
2139,-0.415,-0.366,1.491,-120.785,0.015,-0.011,6.0
2140,-0.415,-0.366,1.491,-120.136,0.018,-0.013,6.0
2141,-0.415,-0.366,1.491,-119.411,0.019,-0.013,6.0
2142,-0.415,-0.366,1.491,-118.628,0.018,-0.012,6.0
2143,-0.415,-0.366,1.491,-117.816,0.014,-0.008,6.0
2144,-0.415,-0.366,1.491,-117.856,0.007,-0.002,6.0
2145,-0.415,-0.366,1.491,-118.098,-0.001,0.004,6.0
2146,-0.415,-0.366,1.491,-118.522,-0.009,0.009,6.0
2147,-0.415,-0.367,1.491,-119.074,-0.015,0.012,6.0
2148,-0.415,-0.367,1.491,-119.724,-0.018,0.013,6.0
2149,-0.415,-0.367,1.491,-120.444,-0.019,0.012,6.0
2150,-0.415,-0.367,1.491,-121.215,-0.019,0.011,6.0
2151,-0.415,-0.367,1.491,-122.010,-0.014,0.007,6.0
2152,-0.415,-0.366,1.491,-121.979,-0.007,0.002,6.0
2153,-0.415,-0.366,1.491,-121.747,0.002,-0.003,6.0
2154,-0.415,-0.366,1.491,-121.332,0.009,-0.008,6.0
2155,-0.415,-0.366,1.491,-120.785,0.015,-0.011,6.0
2156,-0.415,-0.366,1.491,-120.136,0.018,-0.013,6.0
2157,-0.415,-0.366,1.491,-119.411,0.019,-0.013,6.0
2158,-0.415,-0.366,1.491,-118.628,0.018,-0.012,6.0
2159,-0.415,-0.366,1.491,-117.816,0.014,-0.008,6.0
2160,-0.415,-0.366,1.491,-117.856,0.007,-0.002,6.0
2161,-0.415,-0.366,1.491,-118.098,-0.001,0.004,6.0
2162,-0.415,-0.366,1.491,-118.522,-0.009,0.009,6.0
2163,-0.415,-0.367,1.491,-119.074,-0.015,0.012,6.0
2164,-0.415,-0.367,1.491,-119.724,-0.018,0.013,6.0
2165,-0.415,-0.367,1.491,-120.444,-0.019,0.012,6.0
2166,-0.415,-0.367,1.491,-121.215,-0.019,0.011,6.0
2167,-0.415,-0.367,1.491,-122.010,-0.014,0.007,6.0
2168,-0.415,-0.366,1.491,-121.979,-0.007,0.002,6.0
2169,-0.415,-0.366,1.491,-121.747,0.002,-0.003,6.0
2170,-0.415,-0.366,1.491,-121.332,0.009,-0.008,6.0
2171,-0.415,-0.366,1.491,-120.785,0.015,-0.011,6.0
2172,-0.415,-0.366,1.491,-120.136,0.018,-0.013,6.0
2173,-0.415,-0.366,1.491,-119.411,0.019,-0.013,6.0
2174,-0.415,-0.366,1.491,-118.628,0.018,-0.012,6.0
2175,-0.415,-0.366,1.491,-117.816,0.014,-0.008,6.0
2176,-0.415,-0.366,1.491,-117.856,0.007,-0.002,6.0
2177,-0.415,-0.366,1.491,-118.098,-0.001,0.004,6.0
2178,-0.415,-0.366,1.491,-118.522,-0.009,0.009,6.0
2179,-0.415,-0.367,1.491,-119.074,-0.015,0.012,6.0
2180,-0.415,-0.367,1.491,-119.724,-0.018,0.013,6.0
2181,-0.415,-0.367,1.491,-120.444,-0.019,0.012,6.0
2182,-0.415,-0.367,1.491,-121.215,-0.019,0.011,6.0
2183,-0.415,-0.367,1.491,-122.010,-0.014,0.007,6.0
2184,-0.415,-0.366,1.491,-121.979,-0.007,0.002,6.0
2185,-0.415,-0.366,1.491,-121.747,0.002,-0.003,6.0
2186,-0.415,-0.366,1.491,-121.332,0.009,-0.008,6.0
2187,-0.415,-0.366,1.491,-120.785,0.015,-0.011,6.0
2188,-0.415,-0.366,1.491,-120.136,0.018,-0.013,6.0
2189,-0.415,-0.366,1.491,-119.411,0.019,-0.013,6.0
2190,-0.415,-0.366,1.491,-118.628,0.018,-0.012,6.0
2191,-0.415,-0.366,1.491,-117.816,0.014,-0.008,6.0
2192,-0.415,-0.366,1.491,-117.856,0.007,-0.002,6.0
2193,-0.415,-0.366,1.491,-118.098,-0.001,0.004,6.0
2194,-0.415,-0.366,1.491,-118.522,-0.009,0.009,6.0
2195,-0.415,-0.367,1.491,-119.074,-0.015,0.012,6.0
2196,-0.415,-0.367,1.491,-119.724,-0.018,0.013,6.0
2197,-0.415,-0.367,1.491,-120.444,-0.019,0.012,6.0
2198,-0.415,-0.367,1.491,-121.215,-0.019,0.011,6.0
2199,-0.415,-0.367,1.491,-122.010,-0.014,0.007,6.0
2200,-0.415,-0.366,1.491,-121.979,-0.007,0.002,6.0
2201,-0.415,-0.366,1.491,-121.747,0.002,-0.003,6.0
2202,-0.415,-0.366,1.491,-121.332,0.009,-0.008,6.0
2203,-0.415,-0.366,1.491,-120.785,0.015,-0.011,6.0
2204,-0.415,-0.366,1.491,-120.136,0.018,-0.013,6.0
2205,-0.415,-0.366,1.491,-119.411,0.019,-0.013,6.0
2206,-0.415,-0.366,1.491,-118.628,0.018,-0.012,6.0
2207,-0.415,-0.366,1.491,-117.816,0.014,-0.008,6.0
2208,-0.415,-0.366,1.491,-117.856,0.007,-0.002,6.0
2209,-0.415,-0.366,1.491,-118.098,-0.001,0.004,6.0
2210,-0.415,-0.366,1.491,-118.522,-0.009,0.009,6.0
2211,-0.415,-0.367,1.491,-119.074,-0.015,0.012,6.0
2212,-0.415,-0.367,1.491,-119.724,-0.018,0.013,6.0
2213,-0.415,-0.367,1.491,-120.444,-0.019,0.012,6.0
2214,-0.415,-0.367,1.491,-121.215,-0.019,0.011,6.0
2215,-0.415,-0.367,1.491,-122.010,-0.014,0.007,6.0
2216,-0.415,-0.366,1.491,-121.979,-0.007,0.002,6.0
2217,-0.415,-0.366,1.491,-121.747,0.002,-0.003,6.0
2218,-0.415,-0.366,1.491,-121.332,0.009,-0.008,6.0
2219,-0.415,-0.366,1.491,-120.785,0.015,-0.011,6.0
2220,-0.415,-0.366,1.491,-120.136,0.018,-0.013,6.0
2221,-0.415,-0.366,1.491,-119.411,0.019,-0.013,6.0
2222,-0.415,-0.366,1.491,-118.628,0.018,-0.012,6.0
2223,-0.415,-0.366,1.491,-117.816,0.014,-0.008,6.0
2224,-0.415,-0.366,1.491,-117.856,0.007,-0.002,6.0
2225,-0.415,-0.366,1.491,-118.098,-0.001,0.004,6.0
2226,-0.415,-0.366,1.491,-118.522,-0.009,0.009,6.0
2227,-0.415,-0.367,1.491,-119.074,-0.015,0.012,6.0
2228,-0.415,-0.367,1.491,-119.724,-0.018,0.013,6.0
2229,-0.415,-0.367,1.491,-120.444,-0.019,0.012,6.0
2230,-0.415,-0.367,1.491,-121.215,-0.019,0.011,6.0
2231,-0.415,-0.367,1.491,-122.010,-0.014,0.007,6.0
2232,-0.415,-0.366,1.491,-121.979,-0.007,0.002,6.0
2233,-0.415,-0.366,1.491,-121.747,0.002,-0.003,6.0
2234,-0.415,-0.366,1.491,-121.332,0.009,-0.008,6.0
2235,-0.415,-0.366,1.491,-120.785,0.015,-0.011,6.0
2236,-0.415,-0.366,1.491,-120.136,0.018,-0.013,6.0
2237,-0.415,-0.366,1.491,-119.411,0.019,-0.013,6.0
2238,-0.415,-0.366,1.491,-118.628,0.018,-0.012,6.0
2239,-0.415,-0.366,1.491,-117.816,0.014,-0.008,6.0
2240,-0.415,-0.366,1.491,-117.856,0.007,-0.002,6.0
2241,-0.415,-0.366,1.491,-118.098,-0.001,0.004,6.0
2242,-0.415,-0.366,1.491,-118.522,-0.009,0.009,6.0
2243,-0.415,-0.367,1.491,-119.074,-0.015,0.012,6.0
2244,-0.415,-0.367,1.491,-119.724,-0.018,0.013,6.0
2245,-0.415,-0.367,1.491,-120.444,-0.019,0.012,6.0
2246,-0.415,-0.367,1.491,-121.215,-0.019,0.011,6.0
2247,-0.415,-0.367,1.491,-122.010,-0.014,0.007,6.0
2248,-0.415,-0.366,1.491,-121.979,-0.007,0.002,6.0
2249,-0.415,-0.366,1.491,-121.747,0.002,-0.003,6.0
2250,-0.415,-0.366,1.491,-121.332,0.009,-0.008,6.0
2251,-0.415,-0.366,1.491,-120.785,0.015,-0.011,6.0
2252,-0.415,-0.366,1.491,-120.136,0.018,-0.013,6.0
2253,-0.415,-0.366,1.491,-119.411,0.019,-0.013,6.0
2254,-0.415,-0.366,1.491,-118.628,0.018,-0.012,6.0
2255,-0.415,-0.366,1.491,-117.816,0.014,-0.008,6.0
2256,-0.415,-0.366,1.491,-117.856,0.007,-0.002,6.0
2257,-0.415,-0.366,1.491,-118.098,-0.001,0.004,6.0
2258,-0.415,-0.366,1.491,-118.522,-0.009,0.009,6.0
2259,-0.415,-0.367,1.491,-119.074,-0.015,0.012,6.0
2260,-0.415,-0.367,1.491,-119.724,-0.018,0.013,6.0
2261,-0.415,-0.367,1.491,-120.444,-0.019,0.012,6.0
2262,-0.415,-0.367,1.491,-121.215,-0.019,0.011,6.0
2263,-0.415,-0.367,1.491,-122.010,-0.014,0.007,6.0
2264,-0.415,-0.366,1.491,-121.979,-0.007,0.002,6.0
2265,-0.415,-0.366,1.491,-121.747,0.002,-0.003,6.0
2266,-0.415,-0.366,1.491,-121.332,0.009,-0.008,6.0
2267,-0.415,-0.366,1.491,-120.785,0.015,-0.011,6.0
2268,-0.415,-0.366,1.491,-120.136,0.018,-0.013,6.0
2269,-0.415,-0.366,1.491,-119.411,0.019,-0.013,6.0
2270,-0.415,-0.366,1.491,-118.628,0.018,-0.012,6.0
2271,-0.415,-0.366,1.491,-117.816,0.014,-0.008,6.0
2272,-0.415,-0.366,1.491,-117.856,0.007,-0.002,6.0
2273,-0.415,-0.366,1.491,-118.098,-0.001,0.004,6.0
2274,-0.415,-0.366,1.491,-118.522,-0.009,0.009,6.0
2275,-0.415,-0.367,1.491,-119.074,-0.015,0.012,6.0
2276,-0.415,-0.367,1.491,-119.724,-0.018,0.013,6.0
2277,-0.415,-0.367,1.491,-120.444,-0.019,0.012,6.0
2278,-0.415,-0.367,1.491,-121.215,-0.019,0.011,6.0
2279,-0.415,-0.367,1.491,-122.010,-0.014,0.007,6.0
2280,-0.415,-0.366,1.491,-121.979,-0.007,0.002,6.0
2281,-0.415,-0.366,1.491,-121.747,0.002,-0.003,6.0
2282,-0.415,-0.366,1.491,-121.332,0.009,-0.008,6.0
2283,-0.415,-0.366,1.491,-120.785,0.015,-0.011,6.0
2284,-0.415,-0.366,1.491,-120.136,0.018,-0.013,6.0
2285,-0.415,-0.366,1.491,-119.411,0.019,-0.013,6.0
2286,-0.415,-0.366,1.491,-118.628,0.018,-0.012,6.0
2287,-0.415,-0.366,1.491,-117.816,0.014,-0.008,6.0
2288,-0.415,-0.366,1.491,-117.856,0.007,-0.002,6.0
2289,-0.415,-0.366,1.491,-118.098,-0.001,0.004,6.0
2290,-0.415,-0.366,1.491,-118.522,-0.009,0.009,6.0
2291,-0.415,-0.367,1.491,-119.074,-0.015,0.012,6.0
2292,-0.415,-0.367,1.491,-119.724,-0.018,0.013,6.0
2293,-0.415,-0.367,1.491,-120.444,-0.019,0.012,6.0
2294,-0.415,-0.367,1.491,-121.215,-0.019,0.011,6.0
2295,-0.415,-0.367,1.491,-122.010,-0.014,0.007,6.0
2296,-0.415,-0.366,1.491,-121.979,-0.007,0.002,6.0
2297,-0.415,-0.366,1.491,-121.747,0.002,-0.003,6.0
2298,-0.415,-0.366,1.491,-121.332,0.009,-0.008,6.0
2299,-0.415,-0.366,1.491,-120.785,0.015,-0.011,6.0
2300,-0.415,-0.366,1.491,-120.136,0.018,-0.013,6.0
2301,-0.415,-0.366,1.491,-119.411,0.019,-0.013,6.0
2302,-0.415,-0.366,1.491,-118.628,0.018,-0.012,6.0
2303,-0.415,-0.366,1.491,-117.816,0.014,-0.008,6.0
2304,-0.415,-0.366,1.491,-117.856,0.007,-0.002,6.0
2305,-0.415,-0.366,1.491,-118.098,-0.001,0.004,6.0
2306,-0.415,-0.366,1.491,-118.522,-0.009,0.009,6.0
2307,-0.415,-0.367,1.491,-119.074,-0.015,0.012,6.0
2308,-0.415,-0.367,1.491,-119.724,-0.018,0.013,6.0
2309,-0.415,-0.367,1.491,-120.444,-0.019,0.012,6.0
2310,-0.415,-0.367,1.491,-121.215,-0.019,0.011,6.0
2311,-0.415,-0.367,1.491,-122.010,-0.014,0.007,6.0
2312,-0.415,-0.366,1.491,-121.979,-0.007,0.002,6.0
2313,-0.415,-0.366,1.491,-121.747,0.002,-0.003,6.0
2314,-0.415,-0.366,1.491,-121.332,0.009,-0.008,6.0
2315,-0.415,-0.366,1.491,-120.785,0.015,-0.011,6.0
2316,-0.415,-0.366,1.491,-120.136,0.018,-0.013,6.0
2317,-0.415,-0.366,1.491,-119.411,0.019,-0.013,6.0
2318,-0.415,-0.366,1.491,-118.628,0.018,-0.012,6.0
2319,-0.415,-0.366,1.491,-117.816,0.014,-0.008,6.0
2320,-0.415,-0.366,1.491,-117.856,0.007,-0.002,6.0
2321,-0.415,-0.366,1.491,-118.098,-0.001,0.004,6.0
2322,-0.415,-0.366,1.491,-118.522,-0.009,0.009,6.0
2323,-0.415,-0.367,1.491,-119.074,-0.015,0.012,6.0
2324,-0.415,-0.367,1.491,-119.724,-0.018,0.013,6.0
2325,-0.415,-0.367,1.491,-120.444,-0.019,0.012,6.0
2326,-0.415,-0.367,1.491,-121.215,-0.019,0.011,6.0
2327,-0.415,-0.367,1.491,-122.010,-0.014,0.007,6.0
2328,-0.415,-0.366,1.491,-121.979,-0.007,0.002,6.0
2329,-0.415,-0.366,1.491,-121.747,0.002,-0.003,6.0
2330,-0.415,-0.366,1.491,-121.332,0.009,-0.008,6.0
2331,-0.415,-0.366,1.491,-120.785,0.015,-0.011,6.0
2332,-0.415,-0.366,1.491,-120.136,0.018,-0.013,6.0
2333,-0.415,-0.366,1.491,-119.411,0.019,-0.013,6.0
2334,-0.415,-0.366,1.491,-118.628,0.018,-0.012,6.0
2335,-0.415,-0.366,1.491,-117.816,0.014,-0.008,6.0
2336,-0.415,-0.366,1.491,-117.856,0.007,-0.002,6.0
2337,-0.415,-0.366,1.491,-118.098,-0.001,0.004,6.0
2338,-0.415,-0.366,1.491,-118.522,-0.009,0.009,6.0
2339,-0.415,-0.367,1.491,-119.074,-0.015,0.012,6.0
2340,-0.415,-0.367,1.491,-119.724,-0.018,0.013,6.0
2341,-0.415,-0.367,1.491,-120.444,-0.019,0.012,6.0
2342,-0.415,-0.367,1.491,-121.215,-0.019,0.011,6.0
2343,-0.415,-0.367,1.491,-122.010,-0.014,0.007,6.0
2344,-0.415,-0.366,1.491,-121.979,-0.007,0.002,6.0
2345,-0.415,-0.366,1.491,-121.747,0.002,-0.003,6.0
2346,-0.415,-0.366,1.491,-121.332,0.009,-0.008,6.0
2347,-0.415,-0.366,1.491,-120.785,0.015,-0.011,6.0
2348,-0.415,-0.366,1.491,-120.136,0.018,-0.013,6.0
2349,-0.415,-0.366,1.491,-119.411,0.019,-0.013,6.0
2350,-0.415,-0.366,1.491,-118.628,0.018,-0.012,6.0
2351,-0.415,-0.366,1.491,-117.816,0.014,-0.008,6.0
2352,-0.415,-0.366,1.491,-117.856,0.007,-0.002,6.0
2353,-0.415,-0.366,1.491,-118.098,-0.001,0.004,6.0
2354,-0.415,-0.366,1.491,-118.522,-0.009,0.009,6.0
2355,-0.415,-0.367,1.491,-119.074,-0.015,0.012,6.0
2356,-0.415,-0.367,1.491,-119.724,-0.018,0.013,6.0
2357,-0.415,-0.367,1.491,-120.444,-0.019,0.012,6.0
2358,-0.415,-0.367,1.491,-121.215,-0.019,0.011,6.0
2359,-0.415,-0.367,1.491,-122.010,-0.014,0.007,6.0
2360,-0.415,-0.366,1.491,-121.979,-0.007,0.002,6.0
2361,-0.415,-0.366,1.491,-121.747,0.002,-0.003,6.0
2362,-0.415,-0.366,1.491,-121.332,0.009,-0.008,6.0
2363,-0.415,-0.366,1.491,-120.785,0.015,-0.011,6.0
2364,-0.415,-0.366,1.491,-120.136,0.018,-0.013,6.0
2365,-0.415,-0.366,1.491,-119.411,0.019,-0.013,6.0
2366,-0.415,-0.366,1.491,-118.628,0.018,-0.012,6.0
2367,-0.415,-0.366,1.491,-117.816,0.014,-0.008,6.0
2368,-0.415,-0.366,1.491,-117.856,0.007,-0.002,6.0
2369,-0.415,-0.366,1.491,-118.098,-0.001,0.004,6.0
2370,-0.415,-0.366,1.491,-118.522,-0.009,0.009,6.0
2371,-0.415,-0.367,1.491,-119.074,-0.015,0.012,6.0
2372,-0.415,-0.367,1.491,-119.724,-0.018,0.013,6.0
2373,-0.415,-0.367,1.491,-120.444,-0.019,0.012,6.0
2374,-0.415,-0.367,1.491,-121.215,-0.019,0.011,6.0
2375,-0.415,-0.367,1.491,-122.010,-0.014,0.007,6.0
2376,-0.415,-0.366,1.491,-121.979,-0.007,0.002,6.0
2377,-0.415,-0.366,1.491,-121.747,0.002,-0.003,6.0
2378,-0.415,-0.366,1.491,-121.332,0.009,-0.008,6.0
2379,-0.415,-0.366,1.491,-120.785,0.015,-0.011,6.0
2380,-0.415,-0.366,1.491,-120.136,0.018,-0.013,6.0
2381,-0.415,-0.366,1.491,-119.411,0.019,-0.013,6.0
2382,-0.415,-0.366,1.491,-118.628,0.018,-0.012,6.0
2383,-0.415,-0.366,1.491,-117.816,0.014,-0.008,6.0
2384,-0.415,-0.366,1.491,-117.856,0.007,-0.002,6.0
2385,-0.415,-0.366,1.491,-118.098,-0.001,0.004,6.0
2386,-0.415,-0.366,1.491,-118.522,-0.009,0.009,6.0
2387,-0.415,-0.367,1.491,-119.074,-0.015,0.012,6.0
2388,-0.415,-0.367,1.491,-119.724,-0.018,0.013,6.0
2389,-0.415,-0.367,1.491,-120.444,-0.019,0.012,6.0
2390,-0.415,-0.367,1.491,-121.215,-0.019,0.011,6.0
2391,-0.415,-0.367,1.491,-122.010,-0.014,0.007,6.0
2392,-0.415,-0.366,1.491,-121.979,-0.007,0.002,6.0
2393,-0.415,-0.366,1.491,-121.747,0.002,-0.003,6.0
2394,-0.415,-0.366,1.491,-121.332,0.009,-0.008,6.0
2395,-0.415,-0.366,1.491,-120.785,0.015,-0.011,6.0
2396,-0.415,-0.366,1.491,-120.136,0.018,-0.013,6.0
2397,-0.415,-0.366,1.491,-119.411,0.019,-0.013,6.0
2398,-0.415,-0.366,1.491,-118.628,0.018,-0.012,6.0
2399,-0.415,-0.366,1.491,-117.816,0.014,-0.008,6.0
2400,-0.415,-0.366,1.491,-117.856,0.007,-0.002,6.0
2401,-0.415,-0.366,1.491,-118.098,-0.001,0.004,6.0
2402,-0.415,-0.366,1.491,-118.522,-0.009,0.009,6.0
2403,-0.415,-0.367,1.491,-119.074,-0.015,0.012,6.0
2404,-0.415,-0.367,1.491,-119.724,-0.018,0.013,6.0
2405,-0.415,-0.367,1.491,-120.444,-0.019,0.012,6.0
2406,-0.415,-0.367,1.491,-121.215,-0.019,0.011,6.0
2407,-0.415,-0.367,1.491,-122.010,-0.014,0.007,6.0
2408,-0.415,-0.366,1.491,-121.979,-0.007,0.002,6.0
2409,-0.415,-0.366,1.491,-121.747,0.002,-0.003,6.0
2410,-0.415,-0.366,1.491,-121.332,0.009,-0.008,6.0
2411,-0.415,-0.366,1.491,-120.785,0.015,-0.011,6.0
2412,-0.415,-0.366,1.491,-120.136,0.018,-0.013,6.0
2413,-0.415,-0.366,1.491,-119.411,0.019,-0.013,6.0
2414,-0.415,-0.366,1.491,-118.628,0.018,-0.012,6.0
2415,-0.415,-0.366,1.491,-117.816,0.014,-0.008,6.0
2416,-0.415,-0.366,1.491,-117.856,0.007,-0.002,6.0
2417,-0.415,-0.366,1.491,-118.098,-0.001,0.004,6.0
2418,-0.415,-0.366,1.491,-118.522,-0.009,0.009,6.0
2419,-0.415,-0.367,1.491,-119.074,-0.015,0.012,6.0
2420,-0.415,-0.367,1.491,-119.724,-0.018,0.013,6.0
2421,-0.415,-0.367,1.491,-120.444,-0.019,0.012,6.0
2422,-0.415,-0.367,1.491,-121.215,-0.019,0.011,6.0
2423,-0.415,-0.367,1.491,-122.010,-0.014,0.007,6.0
2424,-0.415,-0.366,1.491,-121.979,-0.007,0.002,6.0
2425,-0.415,-0.366,1.491,-121.747,0.002,-0.003,6.0
2426,-0.415,-0.366,1.491,-121.332,0.009,-0.008,6.0
2427,-0.415,-0.366,1.491,-120.785,0.015,-0.011,6.0
2428,-0.415,-0.366,1.491,-120.136,0.018,-0.013,6.0
2429,-0.415,-0.366,1.491,-119.411,0.019,-0.013,6.0
2430,-0.415,-0.366,1.491,-118.628,0.018,-0.012,6.0
2431,-0.415,-0.366,1.491,-117.816,0.014,-0.008,6.0
2432,-0.415,-0.366,1.491,-117.856,0.007,-0.002,6.0
2433,-0.415,-0.366,1.491,-118.098,-0.001,0.004,6.0
2434,-0.415,-0.366,1.491,-118.522,-0.009,0.009,6.0
2435,-0.415,-0.367,1.491,-119.074,-0.015,0.012,6.0
2436,-0.415,-0.367,1.491,-119.724,-0.018,0.013,6.0
2437,-0.415,-0.367,1.491,-120.444,-0.019,0.012,6.0
2438,-0.415,-0.367,1.491,-121.215,-0.019,0.011,6.0
2439,-0.415,-0.367,1.491,-122.010,-0.014,0.007,6.0
2440,-0.415,-0.366,1.491,-121.979,-0.007,0.002,6.0
2441,-0.415,-0.366,1.491,-121.747,0.002,-0.003,6.0
2442,-0.415,-0.366,1.491,-121.332,0.009,-0.008,6.0
2443,-0.415,-0.366,1.491,-120.785,0.015,-0.011,6.0
2444,-0.415,-0.366,1.491,-120.136,0.018,-0.013,6.0
2445,-0.415,-0.366,1.491,-119.411,0.019,-0.013,6.0
2446,-0.415,-0.366,1.491,-118.628,0.018,-0.012,6.0
2447,-0.415,-0.366,1.491,-117.816,0.014,-0.008,6.0
2448,-0.415,-0.366,1.491,-117.856,0.007,-0.002,6.0
2449,-0.415,-0.366,1.491,-118.098,-0.001,0.004,6.0
2450,-0.415,-0.366,1.491,-118.522,-0.009,0.009,6.0
2451,-0.415,-0.367,1.491,-119.074,-0.015,0.012,6.0
2452,-0.415,-0.367,1.491,-119.724,-0.018,0.013,6.0
2453,-0.415,-0.367,1.491,-120.444,-0.019,0.012,6.0
2454,-0.415,-0.367,1.491,-121.215,-0.019,0.011,6.0
2455,-0.415,-0.367,1.491,-122.010,-0.014,0.007,6.0
2456,-0.415,-0.366,1.491,-121.979,-0.007,0.002,6.0
2457,-0.415,-0.366,1.491,-121.747,0.002,-0.003,6.0
2458,-0.415,-0.366,1.491,-121.332,0.009,-0.008,6.0
2459,-0.415,-0.366,1.491,-120.785,0.015,-0.011,6.0
2460,-0.415,-0.366,1.491,-120.136,0.018,-0.013,6.0
2461,-0.415,-0.366,1.491,-119.411,0.019,-0.013,6.0
2462,-0.415,-0.366,1.491,-118.628,0.018,-0.012,6.0
2463,-0.415,-0.366,1.491,-117.816,0.014,-0.008,6.0
2464,-0.415,-0.366,1.491,-117.856,0.007,-0.002,6.0
2465,-0.415,-0.366,1.491,-118.098,-0.001,0.004,6.0
2466,-0.415,-0.366,1.491,-118.522,-0.009,0.009,6.0
2467,-0.415,-0.367,1.491,-119.074,-0.015,0.012,6.0
2468,-0.415,-0.367,1.491,-119.724,-0.018,0.013,6.0
2469,-0.415,-0.367,1.491,-120.444,-0.019,0.012,6.0
2470,-0.415,-0.367,1.491,-121.215,-0.019,0.011,6.0
2471,-0.415,-0.367,1.491,-122.010,-0.014,0.007,6.0
2472,-0.415,-0.366,1.491,-121.979,-0.007,0.002,6.0
2473,-0.415,-0.366,1.491,-121.747,0.002,-0.003,6.0
2474,-0.415,-0.366,1.491,-121.332,0.009,-0.008,6.0
2475,-0.415,-0.366,1.491,-120.785,0.015,-0.011,6.0
2476,-0.415,-0.366,1.491,-120.136,0.018,-0.013,6.0
2477,-0.415,-0.366,1.491,-119.411,0.019,-0.013,6.0
2478,-0.415,-0.366,1.491,-118.628,0.018,-0.012,6.0
2479,-0.415,-0.366,1.491,-117.816,0.014,-0.008,6.0
2480,-0.415,-0.366,1.491,-117.856,0.007,-0.002,6.0
2481,-0.415,-0.366,1.491,-118.098,-0.001,0.004,6.0
2482,-0.415,-0.366,1.491,-118.522,-0.009,0.009,6.0
2483,-0.415,-0.367,1.491,-119.074,-0.015,0.012,6.0
2484,-0.415,-0.367,1.491,-119.724,-0.018,0.013,6.0
2485,-0.415,-0.367,1.491,-120.444,-0.019,0.012,6.0
2486,-0.415,-0.367,1.491,-121.215,-0.019,0.011,6.0
2487,-0.415,-0.367,1.491,-122.010,-0.014,0.007,6.0
2488,-0.415,-0.366,1.491,-121.979,-0.007,0.002,6.0
2489,-0.415,-0.366,1.491,-121.747,0.002,-0.003,6.0
2490,-0.415,-0.366,1.491,-121.332,0.009,-0.008,6.0
2491,-0.415,-0.366,1.491,-120.785,0.015,-0.011,6.0
2492,-0.415,-0.366,1.491,-120.136,0.018,-0.013,6.0
2493,-0.415,-0.366,1.491,-119.411,0.019,-0.013,6.0
2494,-0.415,-0.366,1.491,-118.628,0.018,-0.012,6.0
2495,-0.415,-0.366,1.491,-117.816,0.014,-0.008,6.0
2496,-0.415,-0.366,1.491,-117.856,0.007,-0.002,6.0
2497,-0.415,-0.366,1.491,-118.098,-0.001,0.004,6.0
2498,-0.415,-0.366,1.491,-118.522,-0.009,0.009,6.0
2499,-0.415,-0.367,1.491,-119.074,-0.015,0.012,6.0
2500,-0.415,-0.367,1.491,-119.724,-0.018,0.013,6.0
