1,0.288,-0.814,0.000,-146.316,-0.004,-0.006,-1
2,0.288,-0.814,0.000,-146.316,-0.005,-0.008,-1
3,0.288,-0.814,0.000,-146.316,-0.004,-0.005,-1
4,0.288,-0.814,0.000,-146.316,-0.003,-0.004,-1
5,0.288,-0.814,0.000,-146.316,-0.004,-0.005,-1
6,0.288,-0.814,0.000,-146.316,-0.005,-0.005,-1
7,0.288,-0.814,0.000,-146.317,-0.005,-0.004,-1
8,0.288,-0.814,0.000,-146.317,-0.006,-0.004,-1
9,0.288,-0.814,0.000,-146.317,-0.006,-0.003,-1
10,0.290,-0.812,0.000,-146.311,-0.018,0.004,-1
11,0.296,-0.807,0.000,-146.292,-0.048,0.024,-1
12,0.301,-0.804,0.000,-146.259,-0.073,0.042,-1
13,0.305,-0.802,0.000,-146.212,-0.094,0.055,-1
14,0.308,-0.800,0.000,-146.155,-0.109,0.066,-1
15,0.310,-0.799,0.000,-146.089,-0.123,0.075,-1
16,0.312,-0.797,0.000,-146.015,-0.137,0.085,-1
17,0.315,-0.796,0.000,-145.932,-0.151,0.094,-1
18,0.317,-0.794,0.000,-145.841,-0.165,0.104,-1
19,0.319,-0.793,0.000,-145.742,-0.180,0.115,-1
20,0.321,-0.791,0.000,-145.634,-0.195,0.126,-1
21,0.323,-0.790,0.000,-145.519,-0.211,0.137,-1
22,0.325,-0.788,0.000,-145.396,-0.228,0.150,-1
23,0.327,-0.787,0.000,-145.265,-0.247,0.163,-1
24,0.329,-0.785,0.000,-145.126,-0.266,0.178,-1
25,0.332,-0.784,0.000,-144.980,-0.286,0.193,-1
26,0.334,-0.782,0.000,-144.826,-0.308,0.209,-1
27,0.336,-0.781,0.000,-144.664,-0.331,0.227,-1
28,0.338,-0.779,0.000,-144.495,-0.355,0.245,-1
29,0.340,-0.778,0.000,-144.318,-0.380,0.265,-1
30,0.343,-0.776,0.000,-144.135,-0.407,0.287,-1
31,0.345,-0.775,0.000,-143.944,-0.436,0.310,-1
32,0.347,-0.773,0.000,-143.746,-0.466,0.335,-1
33,0.349,-0.771,0.000,-143.541,-0.499,0.360,-1
34,0.351,-0.770,0.000,-143.331,-0.519,0.406,-1
35,0.354,-0.768,0.000,-143.117,-0.562,0.430,-1
36,0.356,-0.766,0.000,-142.898,-0.603,0.459,-1
37,0.358,-0.764,0.000,-142.672,-0.641,0.496,-1
38,0.361,-0.763,0.000,-142.440,-0.683,0.535,-1
39,0.363,-0.761,0.000,-142.202,-0.730,0.574,-1
40,0.365,-0.759,0.000,-141.956,-0.778,0.616,-1
41,0.368,-0.757,0.000,-141.705,-0.829,0.663,-1
42,0.370,-0.755,0.000,-141.447,-0.883,0.712,-1
43,0.372,-0.754,0.000,-141.182,-0.941,0.765,-1
44,0.374,-0.752,0.000,-140.911,-1.003,0.816,-1
45,0.376,-0.751,0.000,-140.636,-1.055,0.886,-1
46,0.378,-0.750,0.000,-140.356,-1.129,0.939,-1
47,0.380,-0.749,0.000,-140.072,-1.198,1.006,-1
48,0.382,-0.748,0.000,-139.779,-1.268,1.082,-1
49,0.384,-0.747,0.000,-139.478,-1.346,1.160,-1
50,0.385,-0.746,0.000,-139.167,-1.430,1.243,-1
51,0.387,-0.744,0.000,-138.846,-1.518,1.330,-1
52,0.387,-0.744,0.000,-138.532,-1.510,1.334,-1
53,0.388,-0.744,0.000,-138.222,-1.430,1.282,-1
54,0.390,-0.743,0.000,-137.908,-1.363,1.235,-1
55,0.391,-0.742,0.000,-137.590,-1.303,1.197,-1
56,0.393,-0.741,0.000,-137.267,-1.245,1.168,-1
57,0.395,-0.740,0.000,-136.938,-1.209,1.131,-1
58,0.397,-0.738,0.000,-136.599,-1.168,1.110,-1
59,0.398,-0.737,0.000,-136.247,-1.140,1.103,-1
60,0.400,-0.736,0.000,-135.885,-1.149,1.094,-1
61,0.402,-0.735,0.000,-135.515,-1.151,1.119,-1
62,0.404,-0.734,0.000,-135.135,-1.170,1.161,-1
63,0.405,-0.733,0.000,-134.740,-1.208,1.212,-1
64,0.407,-0.732,0.000,-134.333,-1.258,1.277,-1
65,0.409,-0.730,0.000,-133.911,-1.318,1.359,-1
66,0.410,-0.729,0.000,-133.476,-1.378,1.457,-1
67,0.410,-0.729,0.000,-133.042,-1.352,1.447,-1
68,0.411,-0.728,0.000,-132.606,-1.290,1.398,-1
69,0.413,-0.727,0.000,-132.156,-1.249,1.367,-1
70,0.415,-0.725,0.000,-131.692,-1.218,1.356,-1
71,0.417,-0.724,0.000,-131.215,-1.200,1.362,-1
72,0.419,-0.723,0.000,-130.724,-1.197,1.382,-1
73,0.420,-0.721,0.000,-130.222,-1.208,1.418,-1
74,0.422,-0.720,0.000,-129.707,-1.225,1.464,-1
75,0.424,-0.718,0.000,-129.181,-1.246,1.518,-1
76,0.422,-0.720,0.000,-128.679,-1.238,1.548,-1
77,0.416,-0.727,0.000,-128.218,-1.214,1.534,-1
78,0.412,-0.732,0.000,-127.804,-1.199,1.529,-1
79,0.407,-0.738,0.000,-127.442,-1.185,1.536,-1
80,0.403,-0.744,0.000,-127.130,-1.179,1.547,-1
81,0.399,-0.750,0.000,-126.869,-1.179,1.562,-1
82,0.395,-0.756,0.000,-126.658,-1.188,1.584,-1
83,0.395,-0.758,0.000,-126.473,-1.191,1.616,-1
84,0.397,-0.757,0.000,-126.281,-1.175,1.585,-1
85,0.399,-0.755,0.000,-126.076,-1.142,1.553,-1
86,0.401,-0.753,0.000,-125.857,-1.113,1.531,-1
87,0.403,-0.752,0.000,-125.627,-1.093,1.515,-1
88,0.406,-0.750,0.000,-125.386,-1.079,1.507,-1
89,0.408,-0.747,0.000,-125.134,-1.069,1.507,-1
90,0.411,-0.745,0.000,-124.873,-1.063,1.514,-1
91,0.413,-0.743,0.000,-124.601,-1.063,1.529,-1
92,0.415,-0.741,0.000,-124.321,-1.067,1.553,-1
93,0.418,-0.739,0.000,-124.030,-1.085,1.596,-1
94,0.420,-0.737,0.000,-123.728,-1.116,1.661,-1
95,0.422,-0.735,0.000,-123.421,-1.104,1.662,-1
96,0.424,-0.734,0.000,-123.112,-1.057,1.623,-1
97,0.426,-0.732,0.000,-122.795,-1.039,1.600,-1
98,0.428,-0.730,0.000,-122.469,-1.031,1.605,-1
99,0.431,-0.728,0.000,-122.134,-1.035,1.637,-1
100,0.433,-0.726,0.000,-121.792,-1.047,1.689,-1
101,0.435,-0.724,0.000,-121.446,-1.053,1.705,-1
102,0.437,-0.722,0.000,-121.095,-1.038,1.699,-1
103,0.439,-0.719,0.000,-120.737,-1.017,1.706,-1
104,0.442,-0.717,0.000,-120.374,-1.004,1.720,-1
105,0.444,-0.714,0.000,-120.006,-0.998,1.735,-1
106,0.446,-0.711,0.000,-119.635,-0.980,1.740,-1
107,0.448,-0.708,0.000,-119.261,-0.971,1.747,-1
108,0.450,-0.705,0.000,-118.883,-0.960,1.751,-1
109,0.452,-0.703,0.000,-118.501,-0.951,1.731,-1
110,0.454,-0.702,0.000,-118.118,-0.896,1.702,-1
111,0.456,-0.700,0.000,-117.731,-0.865,1.670,-1
112,0.455,-0.702,0.000,-117.362,-0.834,1.612,-1
113,0.453,-0.703,0.000,-117.015,-0.758,1.491,-1
114,0.452,-0.707,0.000,-116.683,-0.667,1.317,-1
115,0.448,-0.713,0.000,-116.373,-0.576,1.137,-1
116,0.446,-0.719,0.000,-116.083,-0.477,0.983,-1
117,0.441,-0.727,0.000,-115.812,-0.397,0.836,-1
118,0.441,-0.730,0.000,-115.546,-0.369,0.708,-1
119,0.443,-0.730,0.000,-115.286,-0.285,0.648,-1
120,0.445,-0.727,0.000,-115.022,-0.295,0.592,-1
121,0.447,-0.725,0.000,-114.756,-0.271,0.588,-1
122,0.450,-0.722,0.000,-114.487,-0.279,0.607,-1
123,0.452,-0.719,0.000,-114.216,-0.294,0.635,-1
124,0.454,-0.716,0.000,-113.944,-0.305,0.668,-1
125,0.457,-0.714,0.000,-113.671,-0.313,0.702,-1
126,0.459,-0.711,0.000,-113.396,-0.329,0.742,-1
127,0.461,-0.709,0.000,-113.121,-0.323,0.790,-1
128,0.464,-0.706,0.000,-112.840,-0.341,0.834,-1
129,0.466,-0.705,0.000,-112.554,-0.382,0.870,-1
130,0.468,-0.702,0.000,-112.271,-0.384,0.928,-1
131,0.470,-0.700,0.000,-111.989,-0.400,0.987,-1
132,0.473,-0.698,0.000,-111.707,-0.425,1.047,-1
133,0.475,-0.695,0.000,-111.428,-0.446,1.114,-1
134,0.477,-0.693,0.000,-111.151,-0.466,1.188,-1
135,0.479,-0.691,0.000,-110.877,-0.488,1.265,-1
136,0.481,-0.688,0.000,-110.604,-0.514,1.349,-1
137,0.484,-0.685,0.000,-110.335,-0.541,1.440,-1
138,0.484,-0.684,0.000,-110.071,-0.567,1.528,-1
139,0.484,-0.684,0.000,-109.810,-0.589,1.618,-1
140,0.484,-0.684,0.000,-109.552,-0.615,1.714,-1
141,0.485,-0.681,0.000,-109.275,-0.646,1.830,-1
142,0.486,-0.679,0.000,-108.966,-0.647,1.912,-1
143,0.487,-0.677,0.000,-108.654,-0.632,1.839,-1
144,0.489,-0.673,0.000,-108.304,-0.595,1.780,-1
145,0.491,-0.667,0.000,-107.915,-0.566,1.737,-1
146,0.493,-0.660,0.000,-107.486,-0.542,1.701,-1
147,0.495,-0.655,0.000,-107.021,-0.501,1.677,-1
148,0.497,-0.648,0.000,-106.524,-0.485,1.660,-1
149,0.499,-0.641,0.000,-105.991,-0.469,1.651,-1
150,0.501,-0.635,0.000,-105.422,-0.450,1.650,-1
151,0.502,-0.628,0.000,-104.819,-0.431,1.659,-1
152,0.504,-0.621,0.000,-104.181,-0.415,1.674,-1
153,0.506,-0.615,0.000,-103.509,-0.402,1.697,-1
154,0.507,-0.608,0.000,-102.805,-0.387,1.728,-1
155,0.509,-0.601,0.000,-102.070,-0.372,1.768,-1
156,0.510,-0.594,0.000,-101.304,-0.360,1.813,-1
157,0.512,-0.587,0.000,-100.520,-0.338,1.870,-1
158,0.513,-0.581,0.000,-99.709,-0.323,1.933,-1
159,0.514,-0.575,0.000,-98.876,-0.321,1.969,-1
160,0.515,-0.571,0.000,-98.037,-0.276,1.911,-1
161,0.516,-0.566,0.000,-97.185,-0.222,1.870,-1
162,0.517,-0.559,0.000,-96.320,-0.197,1.841,-1
163,0.518,-0.553,0.000,-95.436,-0.169,1.820,-1
164,0.518,-0.545,0.000,-94.535,-0.158,1.811,-1
165,0.519,-0.538,0.000,-93.633,-0.095,1.810,-1
166,0.519,-0.531,0.000,-92.726,-0.088,1.819,-1
167,0.520,-0.523,0.000,-91.817,-0.055,1.835,-1
168,0.520,-0.515,0.000,-90.905,-0.029,1.862,-1
169,0.520,-0.508,0.000,-89.993,0.011,1.894,-1
170,0.520,-0.500,0.000,-89.076,0.025,1.936,-1
171,0.520,-0.493,0.000,-88.159,0.081,1.982,-1
172,0.519,-0.487,0.000,-87.247,0.082,1.967,-1
173,0.519,-0.481,0.000,-86.342,0.145,1.935,-1
174,0.518,-0.474,0.000,-85.435,0.152,1.924,-1
175,0.517,-0.466,0.000,-84.528,0.187,1.921,-1
176,0.516,-0.458,0.000,-83.620,0.228,1.926,-1
177,0.515,-0.450,0.000,-82.706,0.257,1.942,-1
178,0.514,-0.442,0.000,-81.785,0.288,1.967,-1
179,0.513,-0.435,0.000,-80.857,0.314,1.979,-1
180,0.512,-0.428,0.000,-79.931,0.355,1.954,-1
181,0.510,-0.421,0.000,-79.007,0.363,1.925,-1
182,0.508,-0.414,0.000,-78.084,0.389,1.902,-1
183,0.507,-0.406,0.000,-77.163,0.431,1.886,-1
184,0.505,-0.398,0.000,-76.243,0.475,1.879,-1
185,0.503,-0.390,0.000,-75.324,0.493,1.890,-1
186,0.500,-0.381,0.000,-74.408,0.519,1.907,-1
187,0.498,-0.374,0.000,-73.494,0.573,1.891,-1
188,0.498,-0.370,0.000,-72.600,0.572,1.854,-1
189,0.498,-0.370,0.000,-71.741,0.585,1.802,-1
190,0.499,-0.371,0.000,-70.927,0.599,1.750,-1
191,0.500,-0.373,0.000,-70.158,0.610,1.705,-1
192,0.500,-0.375,0.000,-69.436,0.620,1.670,-1
193,0.501,-0.377,0.000,-68.758,0.631,1.642,-1
194,0.498,-0.374,0.000,-68.104,0.654,1.650,-1
195,0.495,-0.367,0.000,-67.450,0.692,1.681,-1
196,0.491,-0.359,0.000,-66.797,0.733,1.724,-1
197,0.488,-0.351,0.000,-66.145,0.788,1.771,-1
198,0.484,-0.343,0.000,-65.496,0.832,1.831,-1
199,0.481,-0.337,0.000,-64.847,0.860,1.792,-1
200,0.477,-0.331,0.000,-64.198,0.851,1.752,-1
201,0.473,-0.323,0.000,-63.553,0.859,1.721,-1
202,0.469,-0.315,0.000,-62.912,0.857,1.706,-1
203,0.465,-0.307,0.000,-62.276,0.905,1.675,-1
204,0.461,-0.300,0.000,-61.644,0.904,1.681,-1
205,0.457,-0.292,0.000,-61.017,0.934,1.679,-1
206,0.453,-0.284,0.000,-60.396,0.969,1.685,-1
207,0.448,-0.277,0.000,-59.781,1.001,1.703,-1
208,0.444,-0.269,0.000,-59.172,1.028,1.726,-1
209,0.440,-0.264,0.000,-58.566,1.014,1.661,-1
210,0.436,-0.258,0.000,-57.963,0.996,1.593,-1
211,0.431,-0.251,0.000,-57.367,0.976,1.541,-1
212,0.427,-0.244,0.000,-56.780,0.968,1.494,-1
213,0.422,-0.236,0.000,-56.201,0.967,1.453,-1
214,0.417,-0.229,0.000,-55.631,0.966,1.421,-1
215,0.412,-0.222,0.000,-55.071,0.970,1.396,-1
216,0.407,-0.215,0.000,-54.518,0.971,1.382,-1
217,0.402,-0.208,0.000,-53.973,0.994,1.364,-1
218,0.397,-0.201,0.000,-53.437,1.004,1.364,-1
219,0.392,-0.195,0.000,-52.912,1.022,1.367,-1
220,0.387,-0.188,0.000,-52.398,1.050,1.373,-1
221,0.382,-0.181,0.000,-51.895,1.088,1.382,-1
222,0.377,-0.175,0.000,-51.402,1.115,1.406,-1
223,0.372,-0.169,0.000,-50.919,1.159,1.429,-1
224,0.367,-0.162,0.000,-50.448,1.201,1.464,-1
225,0.361,-0.156,0.000,-49.990,1.264,1.493,-1
226,0.357,-0.150,0.000,-49.530,1.279,1.524,-1
227,0.357,-0.151,0.000,-49.054,1.269,1.430,-1
228,0.354,-0.147,0.000,-48.559,1.233,1.406,-1
229,0.352,-0.145,0.000,-48.047,1.230,1.347,-1
230,0.349,-0.142,0.000,-47.512,1.219,1.315,-1
231,0.348,-0.140,0.000,-46.942,1.206,1.285,-1
232,0.344,-0.136,0.000,-46.362,1.216,1.269,-1
233,0.338,-0.131,0.000,-45.799,1.239,1.263,-1
234,0.333,-0.125,0.000,-45.254,1.266,1.267,-1
235,0.328,-0.120,0.000,-44.727,1.298,1.277,-1
236,0.322,-0.114,0.000,-44.219,1.336,1.290,-1
237,0.317,-0.109,0.000,-43.731,1.380,1.311,-1
238,0.311,-0.104,0.000,-43.260,1.415,1.353,-1
239,0.306,-0.099,0.000,-42.804,1.477,1.370,-1
240,0.303,-0.096,0.000,-42.355,1.445,1.324,-1
241,0.299,-0.093,0.000,-41.924,1.412,1.275,12.0
242,0.296,-0.090,0.000,-41.517,1.382,1.232,12.0
243,0.292,-0.087,0.000,-41.135,1.358,1.195,12.0
244,0.289,-0.084,0.000,-40.776,1.340,1.164,12.0
245,0.285,-0.081,0.000,-40.439,1.344,1.125,12.0
246,0.283,-0.078,0.000,-40.118,1.316,1.127,12.0
247,0.279,-0.075,0.000,-39.816,1.325,1.106,12.0
248,0.275,-0.072,0.000,-39.535,1.336,1.094,12.0
249,0.272,-0.070,0.000,-39.278,1.348,1.090,12.0
250,0.269,-0.067,0.000,-39.044,1.361,1.095,12.0
251,0.266,-0.065,0.000,-38.834,1.382,1.105,12.0
252,0.263,-0.062,0.000,-38.649,1.409,1.119,12.0
253,0.259,-0.059,0.000,-38.489,1.436,1.132,12.0
254,0.254,-0.055,0.000,-38.362,1.413,1.112,12.0
255,0.249,-0.052,0.000,-38.264,1.359,1.078,12.0
256,0.242,-0.047,0.000,-38.184,1.308,1.023,12.0
257,0.237,-0.043,0.000,-38.118,1.241,0.993,12.0
258,0.230,-0.038,0.000,-38.069,1.201,0.951,12.0
259,0.225,-0.035,0.000,-38.041,1.153,0.906,12.0
260,0.222,-0.032,0.000,-38.036,1.101,0.868,12.0
261,0.219,-0.030,0.000,-38.054,1.052,0.833,12.0
262,0.216,-0.028,0.000,-38.094,1.010,0.801,12.0
263,0.213,-0.025,0.000,-38.156,0.974,0.772,12.0
264,0.210,-0.023,0.000,-38.240,0.941,0.749,12.0
265,0.207,-0.021,0.000,-38.347,0.912,0.730,12.0
266,0.204,-0.018,0.000,-38.474,0.888,0.714,12.0
267,0.201,-0.016,0.000,-38.623,0.869,0.702,12.0
268,0.198,-0.014,0.000,-38.794,0.853,0.694,12.0
269,0.195,-0.011,0.000,-38.985,0.841,0.689,12.0
270,0.192,-0.009,0.000,-39.197,0.833,0.688,12.0
271,0.190,-0.007,0.000,-39.429,0.829,0.690,12.0
272,0.187,-0.004,0.000,-39.681,0.829,0.696,12.0
273,0.184,-0.002,0.000,-39.953,0.832,0.705,12.0
274,0.181,0.000,0.000,-40.245,0.839,0.718,12.0
275,0.178,0.003,0.000,-40.556,0.849,0.735,12.0
276,0.175,0.005,0.000,-40.886,0.863,0.755,12.0
277,0.173,0.008,0.000,-41.235,0.880,0.780,12.0
278,0.170,0.010,0.000,-41.604,0.901,0.808,12.0
279,0.167,0.012,0.000,-41.990,0.925,0.841,12.0
280,0.164,0.015,0.000,-42.395,0.953,0.878,12.0
281,0.162,0.018,0.000,-42.817,0.984,0.920,12.0
282,0.159,0.020,0.000,-43.257,1.019,0.967,12.0
283,0.156,0.023,0.000,-43.714,1.057,1.019,12.0
284,0.153,0.025,0.000,-44.188,1.099,1.077,12.0
285,0.151,0.028,0.000,-44.678,1.144,1.140,12.0
286,0.148,0.031,0.000,-45.185,1.193,1.210,12.0
287,0.145,0.033,0.000,-45.708,1.246,1.286,12.0
288,0.142,0.036,0.000,-46.246,1.302,1.369,12.0
289,0.140,0.039,0.000,-46.799,1.363,1.456,12.0
290,0.137,0.042,0.000,-47.345,1.321,1.453,12.0
291,0.132,0.047,0.000,-47.887,1.266,1.398,12.0
292,0.127,0.052,0.000,-48.425,1.195,1.371,12.0
293,0.122,0.057,0.000,-48.963,1.151,1.331,12.0
294,0.118,0.062,0.000,-49.500,1.106,1.299,12.0
295,0.113,0.067,0.000,-50.036,1.062,1.277,12.0
296,0.108,0.072,0.000,-50.572,1.024,1.258,12.0
297,0.103,0.077,0.000,-51.107,0.993,1.241,12.0
298,0.099,0.083,0.000,-51.643,0.965,1.229,12.0
299,0.094,0.088,0.000,-52.179,0.940,1.222,12.0
300,0.090,0.093,0.000,-52.716,0.920,1.219,12.0
301,0.085,0.099,0.000,-53.253,0.903,1.220,12.0
302,0.081,0.104,0.000,-53.791,0.890,1.225,12.0
303,0.076,0.109,0.000,-54.332,0.879,1.235,12.0
304,0.072,0.115,0.000,-54.876,0.871,1.248,12.0
305,0.068,0.120,0.000,-55.423,0.865,1.266,12.0
306,0.064,0.125,0.000,-55.973,0.863,1.289,12.0
307,0.060,0.131,0.000,-56.529,0.863,1.316,12.0
308,0.056,0.136,0.000,-57.089,0.865,1.348,12.0
309,0.053,0.141,0.000,-57.656,0.867,1.381,12.0
310,0.051,0.145,0.000,-58.234,0.870,1.418,12.0
311,0.048,0.149,0.000,-58.819,0.876,1.460,12.0
312,0.046,0.154,0.000,-59.413,0.878,1.497,12.0
313,0.044,0.158,0.000,-60.017,0.880,1.537,12.0
314,0.042,0.161,0.000,-60.631,0.884,1.583,12.0
315,0.039,0.165,0.000,-61.256,0.890,1.636,12.0
316,0.037,0.169,0.000,-61.891,0.900,1.697,12.0
317,0.035,0.173,0.000,-62.536,0.912,1.767,12.0
318,0.035,0.174,0.000,-63.180,0.902,1.785,12.0
319,0.033,0.176,0.000,-63.820,0.861,1.758,12.0
320,0.031,0.179,0.000,-64.468,0.825,1.743,12.0
321,0.030,0.183,0.000,-65.125,0.796,1.735,12.0
322,0.028,0.187,0.000,-65.790,0.774,1.735,12.0
323,0.026,0.191,0.000,-66.462,0.754,1.744,12.0
324,0.023,0.196,0.000,-67.144,0.739,1.763,12.0
325,0.020,0.201,0.000,-67.844,0.725,1.796,12.0
326,0.017,0.206,0.000,-68.561,0.713,1.835,12.0
327,0.014,0.212,0.000,-69.295,0.703,1.872,12.0
328,0.011,0.216,0.000,-70.040,0.668,1.864,12.0
329,0.008,0.221,0.000,-70.803,0.640,1.857,12.0
330,0.005,0.226,0.000,-71.583,0.633,1.852,12.0
331,0.003,0.232,0.000,-72.373,0.594,1.861,12.0
332,0.002,0.238,0.000,-73.161,0.547,1.851,12.0
333,0.000,0.243,0.000,-73.952,0.520,1.837,12.0
334,-0.001,0.248,0.000,-74.746,0.495,1.829,12.0
335,-0.002,0.253,0.000,-75.542,0.466,1.830,12.0
336,-0.003,0.257,0.000,-76.342,0.440,1.839,12.0
337,-0.004,0.262,0.000,-77.143,0.436,1.852,12.0
338,-0.005,0.266,0.000,-77.941,0.382,1.883,12.0
339,-0.006,0.271,0.000,-78.738,0.387,1.913,12.0
340,-0.007,0.276,0.000,-79.534,0.366,1.956,12.0
341,-0.008,0.279,0.000,-80.327,0.325,1.956,12.0
342,-0.009,0.282,0.000,-81.114,0.290,1.908,12.0
343,-0.009,0.286,0.000,-81.903,0.261,1.874,12.0
344,-0.010,0.291,0.000,-82.691,0.232,1.851,12.0
345,-0.011,0.296,0.000,-83.478,0.203,1.837,12.0
346,-0.011,0.301,0.000,-84.265,0.177,1.831,12.0
347,-0.012,0.305,0.000,-85.050,0.153,1.833,12.0
348,-0.012,0.310,0.000,-85.833,0.128,1.844,12.0
349,-0.012,0.315,0.000,-86.614,0.104,1.864,12.0
350,-0.013,0.320,0.000,-87.392,0.080,1.892,12.0
351,-0.013,0.325,0.000,-88.168,0.077,1.927,12.0
352,-0.013,0.330,0.000,-88.936,0.014,1.972,12.0
353,-0.013,0.334,0.000,-89.700,0.027,1.977,12.0
354,-0.013,0.337,0.000,-90.454,-0.040,1.945,12.0
355,-0.013,0.341,0.000,-91.207,-0.035,1.927,12.0
356,-0.013,0.346,0.000,-91.951,-0.073,1.919,12.0
357,-0.013,0.350,0.000,-92.691,-0.102,1.921,12.0
358,-0.012,0.355,0.000,-93.426,-0.121,1.933,12.0
359,-0.012,0.360,0.000,-94.156,-0.146,1.953,12.0
360,-0.012,0.365,0.000,-94.880,-0.170,1.979,12.0
361,-0.011,0.369,0.000,-95.598,-0.206,1.958,12.0
362,-0.011,0.373,0.000,-96.311,-0.222,1.941,12.0
363,-0.010,0.378,0.000,-97.017,-0.242,1.935,12.0
364,-0.009,0.383,0.000,-97.718,-0.252,1.940,12.0
365,-0.009,0.388,0.000,-98.410,-0.306,1.949,12.0
366,-0.008,0.393,0.000,-99.097,-0.307,1.953,12.0
367,-0.007,0.397,0.000,-99.775,-0.352,1.945,12.0
368,-0.006,0.402,0.000,-100.446,-0.364,1.943,12.0
369,-0.005,0.406,0.000,-101.109,-0.384,1.940,12.0
370,-0.004,0.411,0.000,-101.763,-0.408,1.934,12.0
371,-0.003,0.416,0.000,-102.408,-0.430,1.930,12.0
372,-0.002,0.420,0.000,-103.043,-0.453,1.925,12.0
373,-0.001,0.425,0.000,-103.668,-0.473,1.920,12.0
374,0.000,0.430,0.000,-104.284,-0.494,1.915,12.0
375,0.002,0.435,0.000,-104.890,-0.514,1.910,12.0
376,0.003,0.439,0.000,-105.485,-0.534,1.904,12.0
377,0.004,0.444,0.000,-106.070,-0.553,1.899,12.0
378,0.006,0.449,0.000,-106.644,-0.572,1.893,12.0
379,0.007,0.453,0.000,-107.207,-0.591,1.887,12.0
380,0.009,0.458,0.000,-107.759,-0.609,1.881,12.0
381,0.010,0.462,0.000,-108.300,-0.627,1.876,12.0
382,0.012,0.467,0.000,-108.830,-0.644,1.870,12.0
383,0.014,0.471,0.000,-109.347,-0.661,1.864,12.0
384,0.015,0.476,0.000,-109.853,-0.677,1.858,12.0
385,0.017,0.480,0.000,-110.350,-0.680,1.857,12.0
386,0.019,0.485,0.000,-110.838,-0.713,1.839,12.0
387,0.021,0.489,0.000,-111.319,-0.729,1.835,12.0
388,0.022,0.493,0.000,-111.789,-0.737,1.838,12.0
389,0.024,0.498,0.000,-112.247,-0.753,1.825,12.0
390,0.026,0.502,0.000,-112.692,-0.768,1.820,12.0
391,0.028,0.507,0.000,-113.124,-0.777,1.820,12.0
392,0.030,0.511,0.000,-113.546,-0.786,1.811,12.0
393,0.032,0.515,0.000,-113.955,-0.797,1.810,12.0
394,0.034,0.519,0.000,-114.353,-0.810,1.805,12.0
395,0.036,0.524,0.000,-114.739,-0.821,1.797,12.0
396,0.038,0.528,0.000,-115.112,-0.836,1.793,12.0
397,0.040,0.532,0.000,-115.474,-0.844,1.787,12.0
398,0.042,0.536,0.000,-115.824,-0.857,1.783,12.0
399,0.044,0.541,0.000,-116.161,-0.866,1.777,12.0
400,0.047,0.545,0.000,-116.486,-0.878,1.772,12.0
401,0.049,0.549,0.000,-116.800,-0.896,1.761,12.0
402,0.051,0.553,0.000,-117.100,-0.909,1.753,12.0
403,0.053,0.557,0.000,-117.387,-0.918,1.757,12.0
404,0.055,0.561,0.000,-117.659,-0.929,1.762,12.0
405,0.057,0.565,0.000,-117.916,-0.934,1.750,12.0
406,0.059,0.569,0.000,-118.159,-0.939,1.740,12.0
407,0.061,0.573,0.000,-118.389,-0.948,1.739,12.0
408,0.064,0.577,0.000,-118.604,-0.959,1.745,12.0
409,0.066,0.581,0.000,-118.804,-0.963,1.737,12.0
410,0.068,0.584,0.000,-118.990,-0.968,1.733,12.0
411,0.070,0.588,0.000,-119.162,-0.975,1.735,12.0
412,0.073,0.592,0.000,-119.319,-0.979,1.729,12.0
413,0.075,0.596,0.000,-119.462,-0.984,1.729,12.0
414,0.077,0.600,0.000,-119.590,-0.987,1.725,12.0
415,0.079,0.604,0.000,-119.705,-0.991,1.724,12.0
416,0.081,0.608,0.000,-119.805,-0.994,1.722,12.0
417,0.084,0.611,0.000,-119.891,-0.985,1.720,12.0
418,0.086,0.615,0.000,-119.965,-0.977,1.697,12.0
419,0.088,0.618,0.000,-120.025,-0.968,1.688,12.0
420,0.090,0.622,0.000,-120.072,-0.967,1.686,12.0
421,0.093,0.626,0.000,-120.106,-0.973,1.690,12.0
422,0.095,0.630,0.000,-120.126,-0.982,1.703,12.0
423,0.097,0.634,0.000,-120.134,-0.996,1.716,12.0
424,0.099,0.638,0.000,-120.135,-0.981,1.711,12.0
425,0.102,0.641,0.000,-120.124,-0.982,1.708,12.0
426,0.104,0.645,0.000,-120.099,-0.988,1.713,12.0
427,0.106,0.649,0.000,-120.064,-0.988,1.714,12.0
428,0.109,0.653,0.000,-120.016,-0.984,1.713,12.0
429,0.111,0.657,0.000,-119.956,-0.984,1.717,12.0
430,0.113,0.661,0.000,-119.885,-0.979,1.717,12.0
431,0.116,0.665,0.000,-119.801,-0.979,1.719,12.0
432,0.118,0.668,0.000,-119.706,-0.974,1.720,12.0
433,0.120,0.672,0.000,-119.599,-0.972,1.722,12.0
434,0.122,0.676,0.000,-119.481,-0.968,1.724,12.0
435,0.125,0.680,0.000,-119.351,-0.965,1.726,12.0
436,0.127,0.684,0.000,-119.210,-0.960,1.729,12.0
437,0.129,0.688,0.000,-119.057,-0.956,1.731,12.0
438,0.131,0.692,0.000,-118.894,-0.951,1.734,12.0
439,0.134,0.695,0.000,-118.720,-0.945,1.737,12.0
440,0.136,0.699,0.000,-118.535,-0.940,1.740,12.0
441,0.138,0.703,0.000,-118.339,-0.934,1.743,12.0
442,0.140,0.707,0.000,-118.133,-0.927,1.747,12.0
443,0.142,0.711,0.000,-117.916,-0.924,1.757,12.0
444,0.144,0.715,0.000,-117.687,-0.925,1.774,12.0
445,0.146,0.719,0.000,-117.451,-0.914,1.775,12.0
446,0.148,0.722,0.000,-117.205,-0.908,1.774,12.0
447,0.151,0.726,0.000,-116.949,-0.902,1.784,12.0
448,0.153,0.730,0.000,-116.684,-0.891,1.788,12.0
449,0.155,0.734,0.000,-116.410,-0.883,1.791,12.0
450,0.157,0.738,0.000,-116.125,-0.877,1.796,12.0
451,0.159,0.742,0.000,-115.833,-0.865,1.800,12.0
452,0.161,0.746,0.000,-115.530,-0.857,1.805,12.0
453,0.162,0.749,0.000,-115.219,-0.846,1.809,12.0
454,0.164,0.753,0.000,-114.899,-0.837,1.815,12.0
455,0.166,0.757,0.000,-114.571,-0.826,1.819,12.0
456,0.168,0.761,0.000,-114.235,-0.815,1.824,12.0
457,0.170,0.765,0.000,-113.890,-0.804,1.829,12.0
458,0.172,0.769,0.000,-113.537,-0.793,1.834,12.0
459,0.174,0.773,0.000,-113.177,-0.781,1.839,12.0
460,0.176,0.777,0.000,-112.809,-0.770,1.844,12.0
461,0.177,0.781,0.000,-112.434,-0.758,1.849,12.0
462,0.179,0.785,0.000,-112.051,-0.745,1.854,12.0
463,0.181,0.789,0.000,-111.662,-0.733,1.859,12.0
464,0.182,0.793,0.000,-111.265,-0.720,1.864,12.0
465,0.184,0.798,0.000,-110.862,-0.707,1.869,12.0
466,0.186,0.801,0.000,-110.456,-0.695,1.833,12.0
467,0.187,0.805,0.000,-110.046,-0.660,1.796,12.0
468,0.189,0.809,0.000,-109.631,-0.627,1.770,12.0
469,0.191,0.814,0.000,-109.210,-0.600,1.752,12.0
470,0.192,0.818,0.000,-108.783,-0.584,1.740,12.0
471,0.194,0.823,0.000,-108.348,-0.571,1.736,12.0
472,0.195,0.827,0.000,-107.908,-0.557,1.741,12.0
473,0.196,0.831,0.000,-107.463,-0.559,1.749,12.0
474,0.198,0.836,0.000,-107.019,-0.531,1.776,12.0
475,0.199,0.841,0.000,-106.573,-0.526,1.806,12.0
476,0.201,0.845,0.000,-106.124,-0.530,1.841,12.0
477,0.202,0.850,0.000,-105.670,-0.525,1.888,12.0
478,0.203,0.854,0.000,-105.211,-0.524,1.940,12.0
479,0.204,0.857,0.000,-104.754,-0.493,1.925,12.0
480,0.206,0.860,0.000,-104.294,-0.485,1.900,12.0
481,0.207,0.864,0.000,-103.833,-0.461,1.892,12.0
482,0.208,0.869,0.000,-103.368,-0.441,1.894,12.0
483,0.209,0.874,0.000,-102.899,-0.429,1.904,12.0
484,0.210,0.878,0.000,-102.425,-0.419,1.923,12.0
485,0.211,0.883,0.000,-101.948,-0.407,1.952,12.0
486,0.212,0.887,0.000,-101.471,-0.397,1.961,12.0
487,0.213,0.891,0.000,-100.995,-0.375,1.950,12.0
488,0.214,0.895,0.000,-100.516,-0.354,1.952,12.0
489,0.215,0.900,0.000,-100.034,-0.340,1.963,12.0
490,0.216,0.904,0.000,-99.550,-0.332,1.974,12.0
491,0.216,0.909,0.000,-99.066,-0.307,1.970,12.0
492,0.217,0.913,0.000,-98.581,-0.290,1.974,12.0
493,0.218,0.918,0.000,-98.094,-0.279,1.980,12.0
494,0.218,0.922,0.000,-97.608,-0.258,1.979,12.0
495,0.219,0.927,0.000,-97.120,-0.243,1.984,12.0
496,0.220,0.931,0.000,-96.633,-0.224,1.985,12.0
497,0.220,0.936,0.000,-96.145,-0.209,1.987,12.0
498,0.221,0.941,0.000,-95.658,-0.191,1.988,12.0
499,0.221,0.945,0.000,-95.171,-0.175,1.990,12.0
500,0.222,0.950,0.000,-94.684,-0.158,1.992,12.0
501,0.222,0.955,0.000,-94.199,-0.142,1.993,12.0
502,0.222,0.959,0.000,-93.714,-0.132,1.991,12.0
503,0.223,0.963,0.000,-93.230,-0.115,1.983,12.0
504,0.223,0.967,0.000,-92.743,-0.106,1.936,12.0
505,0.223,0.972,0.000,-92.259,-0.081,1.903,12.0
506,0.223,0.976,0.000,-91.777,-0.062,1.880,12.0
507,0.223,0.981,0.000,-91.296,-0.048,1.867,12.0
508,0.223,0.986,0.000,-90.817,-0.034,1.863,12.0
509,0.223,0.991,0.000,-90.341,-0.018,1.868,12.0
510,0.223,0.996,0.000,-89.867,-0.001,1.881,12.0
511,0.223,1.001,0.000,-89.396,0.014,1.903,12.0
512,0.223,1.006,0.000,-88.928,0.030,1.933,12.0
513,0.223,1.011,0.000,-88.463,0.046,1.973,12.0
514,0.223,1.015,0.000,-88.000,0.068,1.978,12.0
515,0.223,1.019,0.000,-87.540,0.091,1.951,12.0
516,0.223,1.024,0.000,-87.084,0.100,1.937,12.0
517,0.222,1.028,0.000,-86.631,0.129,1.933,12.0
518,0.222,1.033,0.000,-86.182,0.134,1.940,12.0
519,0.222,1.038,0.000,-85.736,0.149,1.955,12.0
520,0.221,1.043,0.000,-85.294,0.170,1.979,12.0
521,0.221,1.048,0.000,-84.856,0.178,1.998,12.0
522,0.220,1.051,0.000,-84.425,0.202,1.976,12.0
523,0.220,1.056,0.000,-83.998,0.216,1.968,12.0
524,0.219,1.061,0.000,-83.575,0.227,1.970,12.0
525,0.219,1.066,0.000,-83.157,0.243,1.981,12.0
526,0.218,1.070,0.000,-82.745,0.255,1.983,12.0
527,0.217,1.075,0.000,-82.339,0.271,1.974,12.0
528,0.217,1.080,0.000,-81.938,0.288,1.976,12.0
529,0.216,1.084,0.000,-81.543,0.299,1.977,12.0
530,0.215,1.089,0.000,-81.155,0.313,1.971,12.0
531,0.215,1.094,0.000,-80.772,0.325,1.973,12.0
532,0.214,1.098,0.000,-80.397,0.340,1.968,12.0
533,0.213,1.103,0.000,-80.027,0.351,1.967,12.0
534,0.212,1.107,0.000,-79.664,0.364,1.964,12.0
535,0.211,1.112,0.000,-79.309,0.376,1.962,12.0
536,0.210,1.117,0.000,-78.960,0.388,1.959,12.0
537,0.209,1.121,0.000,-78.618,0.400,1.957,12.0
538,0.208,1.126,0.000,-78.284,0.411,1.955,12.0
539,0.207,1.130,0.000,-77.957,0.422,1.953,12.0
540,0.206,1.134,0.000,-77.637,0.433,1.950,12.0
541,0.205,1.139,0.000,-77.325,0.444,1.948,12.0
542,0.204,1.143,0.000,-77.021,0.454,1.945,12.0
543,0.203,1.147,0.000,-76.724,0.464,1.943,12.0
544,0.202,1.151,0.000,-76.435,0.474,1.941,12.0
545,0.201,1.155,0.000,-76.154,0.484,1.938,12.0
546,0.200,1.159,0.000,-75.881,0.493,1.936,12.0
547,0.199,1.163,0.000,-75.615,0.502,1.934,12.0
548,0.198,1.167,0.000,-75.358,0.511,1.931,12.0
549,0.197,1.170,0.000,-75.108,0.519,1.929,12.0
550,0.196,1.174,0.000,-74.867,0.527,1.927,12.0
551,0.195,1.178,0.000,-74.634,0.535,1.925,12.0
552,0.194,1.181,0.000,-74.409,0.543,1.923,12.0
553,0.193,1.185,0.000,-74.192,0.550,1.921,12.0
554,0.192,1.188,0.000,-73.983,0.557,1.919,12.0
555,0.191,1.192,0.000,-73.782,0.564,1.917,12.0
556,0.190,1.195,0.000,-73.589,0.570,1.915,12.0
557,0.189,1.198,0.000,-73.405,0.576,1.913,12.0
558,0.188,1.201,0.000,-73.228,0.582,1.911,12.0
559,0.187,1.205,0.000,-73.060,0.588,1.909,12.0
560,0.186,1.208,0.000,-72.899,0.593,1.908,12.0
561,0.185,1.211,0.000,-72.745,0.598,1.906,12.0
562,0.184,1.214,0.000,-72.599,0.603,1.905,12.0
563,0.183,1.217,0.000,-72.460,0.608,1.903,12.0
564,0.182,1.220,0.000,-72.329,0.612,1.902,12.0
565,0.181,1.223,0.000,-72.204,0.616,1.900,12.0
566,0.180,1.225,0.000,-72.087,0.620,1.899,12.0
567,0.179,1.228,0.000,-71.976,0.624,1.898,12.0
568,0.178,1.231,0.000,-71.872,0.627,1.897,12.0
569,0.177,1.234,0.000,-71.776,0.630,1.896,12.0
570,0.176,1.236,0.000,-71.686,0.633,1.895,12.0
571,0.175,1.239,0.000,-71.603,0.636,1.894,12.0
572,0.174,1.241,0.000,-71.526,0.639,1.893,12.0
573,0.173,1.244,0.000,-71.457,0.641,1.892,12.0
574,0.173,1.246,0.000,-71.395,0.643,1.892,12.0
575,0.172,1.249,0.000,-71.339,0.645,1.891,12.0
576,0.171,1.251,0.000,-71.290,0.646,1.890,12.0
577,0.170,1.253,0.000,-71.249,0.648,1.890,12.0
578,0.169,1.256,0.000,-71.215,0.649,1.890,12.0
579,0.168,1.258,0.000,-71.188,0.650,1.889,12.0
580,0.167,1.260,0.000,-71.168,0.650,1.889,12.0
581,0.167,1.263,0.000,-71.156,0.651,1.889,12.0
582,0.166,1.265,0.000,-71.152,0.651,1.889,12.0
583,0.165,1.267,0.000,-71.154,0.651,1.889,12.0
584,0.164,1.269,0.000,-71.164,0.651,1.889,12.0
585,0.163,1.271,0.000,-71.181,0.650,1.889,12.0
586,0.163,1.273,0.000,-71.206,0.649,1.889,12.0
587,0.162,1.275,0.000,-71.237,0.648,1.890,12.0
588,0.161,1.278,0.000,-71.276,0.647,1.890,12.0
589,0.160,1.280,0.000,-71.321,0.645,1.891,12.0
590,0.160,1.282,0.000,-71.374,0.644,1.891,12.0
591,0.159,1.284,0.000,-71.433,0.642,1.892,12.0
592,0.158,1.285,0.000,-71.499,0.639,1.893,12.0
593,0.157,1.287,0.000,-71.572,0.637,1.894,12.0
594,0.157,1.289,0.000,-71.651,0.634,1.894,12.0
595,0.156,1.291,0.000,-71.737,0.632,1.895,12.0
596,0.155,1.293,0.000,-71.830,0.629,1.896,12.0
597,0.155,1.295,0.000,-71.928,0.625,1.897,12.0
598,0.154,1.297,0.000,-72.034,0.622,1.899,12.0
599,0.154,1.298,0.000,-72.145,0.618,1.900,12.0
600,0.153,1.300,0.000,-72.263,0.614,1.901,12.0
601,0.152,1.302,0.000,-72.386,0.610,1.902,12.0
602,0.152,1.304,0.000,-72.516,0.606,1.904,12.0
603,0.151,1.305,0.000,-72.652,0.601,1.905,12.0
604,0.151,1.307,0.000,-72.794,0.597,1.907,12.0
605,0.150,1.309,0.000,-72.941,0.592,1.908,12.0
606,0.149,1.310,0.000,-73.094,0.587,1.910,12.0
607,0.149,1.312,0.000,-73.254,0.581,1.911,12.0
608,0.148,1.313,0.000,-73.419,0.576,1.913,12.0
609,0.148,1.315,0.000,-73.590,0.570,1.915,12.0
610,0.147,1.316,0.000,-73.767,0.564,1.917,12.0
611,0.147,1.318,0.000,-73.950,0.558,1.918,12.0
612,0.146,1.320,0.000,-74.139,0.552,1.920,12.0
613,0.146,1.321,0.000,-74.333,0.545,1.922,12.0
614,0.145,1.323,0.000,-74.532,0.538,1.924,12.0
615,0.145,1.324,0.000,-74.737,0.532,1.926,12.0
616,0.145,1.325,0.000,-74.947,0.524,1.928,12.0
617,0.144,1.327,0.000,-75.162,0.517,1.930,12.0
618,0.144,1.328,0.000,-75.382,0.510,1.932,12.0
619,0.143,1.330,0.000,-75.607,0.502,1.934,12.0
620,0.143,1.331,0.000,-75.837,0.494,1.936,12.0
621,0.143,1.332,0.000,-76.072,0.486,1.938,12.0
622,0.142,1.334,0.000,-76.311,0.478,1.940,12.0
623,0.142,1.335,0.000,-76.555,0.470,1.942,12.0
624,0.141,1.337,0.000,-76.804,0.462,1.944,12.0
625,0.141,1.338,0.000,-77.057,0.453,1.946,12.0
626,0.141,1.339,0.000,-77.314,0.444,1.948,12.0
627,0.140,1.341,0.000,-77.576,0.435,1.950,12.0
628,0.140,1.342,0.000,-77.842,0.426,1.952,12.0
629,0.140,1.343,0.000,-78.113,0.417,1.954,12.0
630,0.140,1.344,0.000,-78.387,0.408,1.956,12.0
631,0.139,1.346,0.000,-78.665,0.398,1.958,12.0
632,0.139,1.347,0.000,-78.947,0.389,1.960,12.0
633,0.139,1.348,0.000,-79.234,0.379,1.962,12.0
634,0.138,1.349,0.000,-79.524,0.369,1.963,12.0
635,0.138,1.351,0.000,-79.817,0.359,1.965,12.0
636,0.138,1.352,0.000,-80.114,0.349,1.967,12.0
637,0.138,1.353,0.000,-80.416,0.338,1.969,12.0
638,0.137,1.354,0.000,-80.721,0.328,1.971,12.0
639,0.137,1.355,0.000,-81.029,0.317,1.972,12.0
640,0.137,1.357,0.000,-81.341,0.306,1.974,12.0
641,0.137,1.358,0.000,-81.657,0.296,1.976,12.0
642,0.137,1.359,0.000,-81.976,0.284,1.977,12.0
643,0.137,1.360,0.000,-82.299,0.273,1.979,12.0
644,0.136,1.361,0.000,-82.624,0.262,1.981,12.0
645,0.136,1.362,0.000,-82.953,0.251,1.982,12.0
646,0.136,1.363,0.000,-83.285,0.239,1.983,12.0
647,0.136,1.364,0.000,-83.619,0.228,1.985,12.0
648,0.136,1.366,0.000,-83.956,0.216,1.986,12.0
649,0.136,1.367,0.000,-84.296,0.204,1.987,12.0
650,0.136,1.368,0.000,-84.639,0.192,1.989,12.0
651,0.135,1.369,0.000,-84.984,0.180,1.990,12.0
652,0.135,1.370,0.000,-85.331,0.168,1.991,12.0
653,0.135,1.371,0.000,-85.680,0.156,1.992,12.0
654,0.135,1.372,0.000,-86.032,0.144,1.993,12.0
655,0.135,1.373,0.000,-86.386,0.132,1.993,12.0
656,0.135,1.374,0.000,-86.741,0.119,1.994,12.0
657,0.135,1.375,0.000,-87.098,0.107,1.995,12.0
658,0.135,1.376,0.000,-87.457,0.094,1.996,12.0
659,0.135,1.377,0.000,-87.817,0.082,1.996,12.0
660,0.135,1.378,0.000,-88.178,0.069,1.997,12.0
661,0.135,1.379,0.000,-88.540,0.057,1.997,12.0
662,0.135,1.380,0.000,-88.902,0.044,1.997,12.0
663,0.135,1.381,0.000,-89.264,0.031,1.998,12.0
664,0.135,1.382,0.000,-89.627,0.019,1.998,12.0
665,0.135,1.383,0.000,-89.989,0.006,1.998,12.0
666,0.135,1.384,0.000,-90.350,-0.007,1.998,12.0
667,0.135,1.385,0.000,-90.712,-0.019,1.998,12.0
668,0.135,1.385,0.000,-91.073,-0.032,1.998,12.0
669,0.135,1.386,0.000,-91.434,-0.044,1.997,12.0
670,0.135,1.387,0.000,-91.795,-0.057,1.997,12.0
671,0.135,1.388,0.000,-92.157,-0.070,1.997,12.0
672,0.135,1.389,0.000,-92.520,-0.082,1.996,12.0
673,0.135,1.390,0.000,-92.884,-0.095,1.996,12.0
674,0.135,1.391,0.000,-93.248,-0.108,1.995,12.0
675,0.135,1.392,0.000,-93.614,-0.120,1.994,12.0
676,0.135,1.393,0.000,-93.980,-0.133,1.993,12.0
677,0.135,1.393,0.000,-94.347,-0.146,1.992,12.0
678,0.135,1.394,0.000,-94.716,-0.159,1.991,12.0
679,0.136,1.395,0.000,-95.085,-0.172,1.990,12.0
680,0.136,1.396,0.000,-95.455,-0.184,1.989,12.0
681,0.136,1.397,0.000,-95.826,-0.197,1.988,12.0
682,0.136,1.397,0.000,-96.197,-0.210,1.987,12.0
683,0.136,1.398,0.000,-96.570,-0.223,1.985,12.0
684,0.136,1.399,0.000,-96.943,-0.236,1.984,12.0
685,0.136,1.400,0.000,-97.316,-0.249,1.982,12.0
686,0.136,1.400,0.000,-97.691,-0.262,1.981,12.0
687,0.136,1.401,0.000,-98.066,-0.275,1.979,12.0
688,0.137,1.402,0.000,-98.441,-0.288,1.977,12.0
689,0.137,1.403,0.000,-98.817,-0.301,1.975,12.0
690,0.137,1.403,0.000,-99.193,-0.314,1.973,12.0
691,0.137,1.404,0.000,-99.569,-0.327,1.971,12.0
692,0.137,1.405,0.000,-99.946,-0.340,1.969,12.0
693,0.137,1.405,0.000,-100.323,-0.353,1.966,12.0
694,0.138,1.406,0.000,-100.700,-0.366,1.964,12.0
695,0.138,1.407,0.000,-101.077,-0.379,1.962,12.0
696,0.138,1.407,0.000,-101.455,-0.391,1.959,12.0
697,0.138,1.408,0.000,-101.832,-0.404,1.956,12.0
698,0.138,1.409,0.000,-102.209,-0.417,1.954,12.0
699,0.139,1.409,0.000,-102.586,-0.430,1.951,12.0
700,0.139,1.410,0.000,-102.962,-0.443,1.948,12.0
701,0.139,1.410,0.000,-103.339,-0.456,1.945,12.0
702,0.139,1.411,0.000,-103.715,-0.468,1.942,12.0
703,0.139,1.412,0.000,-104.090,-0.481,1.939,12.0
704,0.140,1.412,0.000,-104.465,-0.494,1.936,12.0
705,0.140,1.413,0.000,-104.840,-0.506,1.933,12.0
706,0.140,1.413,0.000,-105.214,-0.519,1.929,12.0
707,0.140,1.414,0.000,-105.587,-0.532,1.926,12.0
708,0.141,1.414,0.000,-105.960,-0.544,1.922,12.0
709,0.141,1.415,0.000,-106.333,-0.557,1.919,12.0
710,0.141,1.415,0.000,-106.705,-0.569,1.915,12.0
711,0.141,1.416,0.000,-107.077,-0.582,1.911,12.0
712,0.141,1.417,0.000,-107.449,-0.594,1.907,12.0
713,0.142,1.417,0.000,-107.820,-0.606,1.904,12.0
714,0.142,1.418,0.000,-108.190,-0.619,1.900,12.0
715,0.142,1.418,0.000,-108.560,-0.631,1.896,12.0
716,0.143,1.419,0.000,-108.930,-0.643,1.891,12.0
717,0.143,1.419,0.000,-109.299,-0.655,1.887,12.0
718,0.143,1.419,0.000,-109.667,-0.667,1.883,12.0
719,0.143,1.420,0.000,-110.034,-0.679,1.879,12.0
720,0.144,1.420,0.000,-110.400,-0.691,1.874,12.0
721,0.144,1.421,0.000,-110.766,-0.703,1.870,12.0
722,0.144,1.421,0.000,-111.131,-0.715,1.865,12.0
723,0.144,1.422,0.000,-111.494,-0.727,1.861,12.0
724,0.145,1.422,0.000,-111.857,-0.739,1.856,12.0
725,0.145,1.422,0.000,-112.218,-0.751,1.851,12.0
726,0.145,1.423,0.000,-112.579,-0.762,1.847,12.0
727,0.145,1.423,0.000,-112.938,-0.774,1.842,12.0
728,0.146,1.424,0.000,-113.296,-0.785,1.837,12.0
729,0.146,1.424,0.000,-113.653,-0.797,1.832,12.0
730,0.146,1.424,0.000,-114.009,-0.808,1.827,12.0
731,0.146,1.425,0.000,-114.363,-0.819,1.822,12.0
732,0.147,1.425,0.000,-114.716,-0.831,1.817,12.0
733,0.147,1.425,0.000,-115.067,-0.842,1.812,12.0
734,0.147,1.426,0.000,-115.418,-0.853,1.807,12.0
735,0.148,1.426,0.000,-115.766,-0.864,1.802,12.0
736,0.148,1.426,0.000,-116.114,-0.875,1.796,12.0
737,0.148,1.426,0.000,-116.459,-0.885,1.791,12.0
738,0.148,1.427,0.000,-116.804,-0.896,1.786,12.0
739,0.149,1.427,0.000,-117.146,-0.907,1.780,12.0
740,0.149,1.427,0.000,-117.487,-0.917,1.775,12.0
741,0.149,1.428,0.000,-117.827,-0.928,1.769,12.0
742,0.149,1.428,0.000,-118.164,-0.938,1.764,12.0
743,0.150,1.428,0.000,-118.500,-0.949,1.758,12.0
744,0.150,1.428,0.000,-118.834,-0.959,1.753,12.0
745,0.150,1.429,0.000,-119.166,-0.969,1.747,12.0
746,0.150,1.429,0.000,-119.497,-0.979,1.741,12.0
747,0.151,1.429,0.000,-119.825,-0.989,1.736,12.0
748,0.151,1.429,0.000,-120.152,-0.999,1.730,12.0
749,0.151,1.429,0.000,-120.478,-1.009,1.724,12.0
750,0.151,1.430,0.000,-120.802,-1.019,1.719,12.0
751,0.152,1.430,0.000,-121.124,-1.028,1.713,12.0
752,0.152,1.430,0.000,-121.445,-1.038,1.707,12.0
753,0.152,1.430,0.000,-121.765,-1.047,1.701,12.0
754,0.153,1.431,0.000,-122.083,-1.057,1.696,12.0
755,0.153,1.431,0.000,-122.400,-1.066,1.690,12.0
756,0.153,1.431,0.000,-122.715,-1.075,1.684,12.0
757,0.153,1.431,0.000,-123.028,-1.085,1.678,12.0
758,0.154,1.431,0.000,-123.340,-1.094,1.672,12.0
759,0.154,1.431,0.000,-123.650,-1.103,1.666,12.0
760,0.154,1.432,0.000,-123.959,-1.112,1.660,12.0
761,0.154,1.432,0.000,-124.265,-1.120,1.654,12.0
762,0.155,1.432,0.000,-124.571,-1.129,1.648,12.0
763,0.155,1.432,0.000,-124.874,-1.138,1.642,12.0
764,0.155,1.432,0.000,-125.176,-1.147,1.636,12.0
765,0.155,1.432,0.000,-125.475,-1.155,1.630,12.0
766,0.156,1.432,0.000,-125.773,-1.164,1.624,12.0
767,0.156,1.433,0.000,-126.069,-1.172,1.618,12.0
768,0.156,1.433,0.000,-126.364,-1.180,1.612,12.0
769,0.156,1.433,0.000,-126.656,-1.189,1.606,12.0
770,0.157,1.433,0.000,-126.946,-1.197,1.600,12.0
771,0.157,1.433,0.000,-127.235,-1.205,1.594,12.0
772,0.157,1.433,0.000,-127.521,-1.213,1.588,12.0
773,0.157,1.433,0.000,-127.805,-1.220,1.582,12.0
774,0.158,1.433,0.000,-128.088,-1.228,1.576,12.0
775,0.158,1.433,0.000,-128.368,-1.236,1.570,12.0
776,0.158,1.433,0.000,-128.646,-1.244,1.564,12.0
777,0.158,1.434,0.000,-128.922,-1.251,1.558,12.0
778,0.158,1.434,0.000,-129.196,-1.259,1.552,12.0
779,0.159,1.434,0.000,-129.468,-1.266,1.546,12.0
780,0.159,1.434,0.000,-129.738,-1.273,1.540,12.0
781,0.159,1.434,0.000,-130.006,-1.280,1.534,12.0
782,0.159,1.434,0.000,-130.272,-1.287,1.528,12.0
783,0.160,1.434,0.000,-130.535,-1.294,1.522,12.0
784,0.160,1.434,0.000,-130.797,-1.301,1.516,12.0
785,0.160,1.434,0.000,-131.056,-1.308,1.510,12.0
786,0.160,1.434,0.000,-131.313,-1.315,1.504,12.0
787,0.160,1.434,0.000,-131.568,-1.322,1.498,12.0
788,0.161,1.434,0.000,-131.821,-1.328,1.492,12.0
789,0.161,1.434,0.000,-132.072,-1.335,1.487,12.0
790,0.161,1.434,0.000,-132.322,-1.341,1.481,12.0
791,0.161,1.434,0.000,-132.569,-1.348,1.475,12.0
792,0.162,1.434,0.000,-132.816,-1.354,1.469,12.0
793,0.162,1.435,0.000,-133.060,-1.360,1.463,12.0
794,0.162,1.435,0.000,-133.303,-1.366,1.458,12.0
795,0.162,1.435,0.000,-133.545,-1.373,1.452,12.0
796,0.162,1.435,0.000,-133.785,-1.379,1.446,12.0
797,0.163,1.435,0.000,-134.023,-1.385,1.440,12.0
798,0.163,1.435,0.000,-134.260,-1.391,1.435,12.0
799,0.163,1.435,0.000,-134.495,-1.396,1.429,12.0
800,0.163,1.435,0.000,-134.728,-1.402,1.423,12.0
801,0.163,1.435,0.000,-134.959,-1.408,1.417,12.0
802,0.164,1.435,0.000,-135.189,-1.414,1.412,12.0
803,0.164,1.435,0.000,-135.417,-1.419,1.406,12.0
804,0.164,1.435,0.000,-135.643,-1.425,1.401,12.0
805,0.164,1.435,0.000,-135.867,-1.430,1.395,12.0
806,0.164,1.435,0.000,-136.090,-1.436,1.389,12.0
807,0.165,1.435,0.000,-136.310,-1.441,1.384,12.0
808,0.165,1.435,0.000,-136.529,-1.446,1.378,12.0
809,0.165,1.435,0.000,-136.746,-1.451,1.373,12.0
810,0.165,1.435,0.000,-136.961,-1.457,1.367,12.0
811,0.165,1.435,0.000,-137.174,-1.462,1.362,12.0
812,0.165,1.435,0.000,-137.386,-1.467,1.357,12.0
813,0.166,1.435,0.000,-137.595,-1.472,1.351,12.0
814,0.166,1.435,0.000,-137.803,-1.477,1.346,12.0
815,0.166,1.435,0.000,-138.008,-1.481,1.341,12.0
816,0.166,1.435,0.000,-138.212,-1.486,1.335,12.0
817,0.166,1.435,0.000,-138.414,-1.491,1.330,12.0
818,0.167,1.435,0.000,-138.614,-1.495,1.325,12.0
819,0.167,1.435,0.000,-138.812,-1.500,1.320,12.0
820,0.167,1.435,0.000,-139.009,-1.505,1.314,12.0
821,0.167,1.435,0.000,-139.203,-1.509,1.309,12.0
822,0.167,1.435,0.000,-139.396,-1.513,1.304,12.0
823,0.167,1.435,0.000,-139.586,-1.518,1.299,12.0
824,0.168,1.435,0.000,-139.775,-1.522,1.294,12.0
825,0.168,1.435,0.000,-139.962,-1.526,1.289,12.0
826,0.168,1.435,0.000,-140.146,-1.530,1.284,12.0
827,0.168,1.435,0.000,-140.330,-1.534,1.279,12.0
828,0.168,1.435,0.000,-140.511,-1.538,1.275,12.0
829,0.168,1.435,0.000,-140.692,-1.543,1.270,12.0
830,0.169,1.435,0.000,-140.871,-1.546,1.265,12.0
831,0.169,1.435,0.000,-141.049,-1.550,1.260,12.0
832,0.169,1.435,0.000,-141.225,-1.554,1.255,12.0
833,0.169,1.435,0.000,-141.400,-1.558,1.251,12.0
834,0.169,1.435,0.000,-141.573,-1.562,1.246,12.0
835,0.169,1.435,0.000,-141.746,-1.566,1.241,12.0
836,0.170,1.435,0.000,-141.916,-1.569,1.236,12.0
837,0.170,1.435,0.000,-142.086,-1.573,1.232,12.0
838,0.170,1.435,0.000,-142.254,-1.577,1.227,12.0
839,0.170,1.435,0.000,-142.420,-1.580,1.223,12.0
840,0.170,1.435,0.000,-142.585,-1.584,1.218,12.0
841,0.170,1.435,0.000,-142.748,-1.587,1.214,12.0
842,0.170,1.435,0.000,-142.910,-1.590,1.209,12.0
843,0.171,1.435,0.000,-143.070,-1.594,1.205,12.0
844,0.171,1.435,0.000,-143.229,-1.597,1.200,12.0
845,0.171,1.435,0.000,-143.386,-1.600,1.196,12.0
846,0.171,1.435,0.000,-143.542,-1.604,1.191,12.0
847,0.171,1.435,0.000,-143.696,-1.607,1.187,12.0
848,0.171,1.435,0.000,-143.848,-1.610,1.183,12.0
849,0.171,1.435,0.000,-143.999,-1.613,1.179,12.0
850,0.171,1.435,0.000,-144.149,-1.616,1.174,12.0
851,0.172,1.435,0.000,-144.296,-1.619,1.170,12.0
852,0.172,1.435,0.000,-144.442,-1.622,1.166,12.0
853,0.172,1.435,0.000,-144.587,-1.625,1.162,12.0
854,0.172,1.435,0.000,-144.730,-1.628,1.158,12.0
855,0.172,1.435,0.000,-144.871,-1.631,1.154,12.0
856,0.172,1.435,0.000,-145.011,-1.634,1.150,12.0
857,0.172,1.435,0.000,-145.149,-1.636,1.146,12.0
858,0.172,1.435,0.000,-145.286,-1.639,1.142,12.0
859,0.173,1.435,0.000,-145.420,-1.642,1.138,12.0
860,0.173,1.435,0.000,-145.554,-1.645,1.134,12.0
861,0.173,1.435,0.000,-145.685,-1.647,1.131,12.0
862,0.173,1.435,0.000,-145.815,-1.650,1.127,12.0
863,0.173,1.435,0.000,-145.944,-1.652,1.123,12.0
864,0.173,1.435,0.000,-146.072,-1.655,1.120,12.0
865,0.173,1.435,0.000,-146.198,-1.657,1.116,12.0
866,0.173,1.435,0.000,-146.324,-1.660,1.112,12.0
867,0.174,1.435,0.000,-146.448,-1.662,1.109,12.0
868,0.174,1.435,0.000,-146.571,-1.664,1.105,12.0
869,0.174,1.435,0.000,-146.693,-1.667,1.102,12.0
870,0.174,1.435,0.000,-146.813,-1.669,1.098,12.0
871,0.174,1.435,0.000,-146.932,-1.671,1.095,12.0
872,0.174,1.435,0.000,-147.050,-1.674,1.091,12.0
873,0.174,1.435,0.000,-147.167,-1.676,1.088,12.0
874,0.174,1.435,0.000,-147.282,-1.678,1.084,12.0
875,0.174,1.435,0.000,-147.396,-1.680,1.081,12.0
876,0.175,1.435,0.000,-147.508,-1.682,1.078,12.0
877,0.175,1.435,0.000,-147.619,-1.684,1.074,12.0
878,0.175,1.435,0.000,-147.729,-1.686,1.071,12.0
879,0.175,1.435,0.000,-147.838,-1.688,1.068,12.0
880,0.175,1.435,0.000,-147.945,-1.690,1.065,12.0
881,0.175,1.435,0.000,-148.051,-1.692,1.062,12.0
882,0.175,1.435,0.000,-148.155,-1.694,1.059,12.0
883,0.175,1.435,0.000,-148.258,-1.696,1.056,12.0
884,0.175,1.435,0.000,-148.359,-1.698,1.053,12.0
885,0.175,1.435,0.000,-148.459,-1.700,1.050,12.0
886,0.175,1.435,0.000,-148.558,-1.702,1.047,12.0
887,0.176,1.435,0.000,-148.655,-1.703,1.044,12.0
888,0.176,1.435,0.000,-148.750,-1.705,1.041,12.0
889,0.176,1.435,0.000,-148.844,-1.707,1.038,12.0
890,0.176,1.435,0.000,-148.937,-1.709,1.035,12.0
891,0.176,1.435,0.000,-149.028,-1.710,1.033,12.0
892,0.176,1.435,0.000,-149.118,-1.712,1.030,12.0
893,0.176,1.435,0.000,-149.207,-1.713,1.027,12.0
894,0.176,1.435,0.000,-149.295,-1.715,1.025,12.0
895,0.176,1.435,0.000,-149.382,-1.717,1.022,12.0
896,0.176,1.435,0.000,-149.467,-1.718,1.020,12.0
897,0.176,1.435,0.000,-149.552,-1.720,1.017,12.0
898,0.177,1.435,0.000,-149.635,-1.721,1.015,12.0
899,0.177,1.435,0.000,-149.717,-1.723,1.012,12.0
900,0.177,1.435,0.000,-149.798,-1.724,1.010,12.0
901,0.177,1.435,0.000,-149.878,-1.725,1.007,12.0
902,0.177,1.435,0.000,-149.957,-1.727,1.005,12.0
903,0.177,1.435,0.000,-150.034,-1.728,1.003,12.0
904,0.177,1.435,0.000,-150.110,-1.729,1.000,12.0
905,0.177,1.435,0.000,-150.185,-1.731,0.998,12.0
906,0.177,1.435,0.000,-150.258,-1.732,0.996,12.0
907,0.177,1.435,0.000,-150.331,-1.733,0.994,12.0
908,0.177,1.435,0.000,-150.402,-1.734,0.991,12.0
909,0.177,1.435,0.000,-150.472,-1.736,0.989,12.0
910,0.177,1.435,0.000,-150.540,-1.737,0.987,12.0
911,0.178,1.435,0.000,-150.607,-1.738,0.985,12.0
912,0.178,1.435,0.000,-150.673,-1.739,0.983,12.0
913,0.178,1.435,0.000,-150.738,-1.740,0.981,12.0
914,0.178,1.435,0.000,-150.801,-1.741,0.979,12.0
915,0.178,1.435,0.000,-150.863,-1.742,0.977,12.0
916,0.178,1.435,0.000,-150.924,-1.743,0.976,12.0
917,0.178,1.435,0.000,-150.984,-1.744,0.974,12.0
918,0.178,1.435,0.000,-151.042,-1.745,0.972,12.0
919,0.178,1.436,0.000,-151.100,-1.746,0.970,12.0
920,0.178,1.436,0.000,-151.157,-1.747,0.969,12.0
921,0.178,1.436,0.000,-151.212,-1.748,0.967,12.0
922,0.178,1.436,0.000,-151.267,-1.749,0.965,12.0
923,0.178,1.436,0.000,-151.320,-1.750,0.964,12.0
924,0.178,1.436,0.000,-151.373,-1.751,0.962,12.0
925,0.178,1.436,0.000,-151.424,-1.752,0.960,12.0
926,0.178,1.436,0.000,-151.474,-1.753,0.959,12.0
927,0.179,1.436,0.000,-151.524,-1.754,0.957,12.0
928,0.179,1.436,0.000,-151.572,-1.754,0.956,12.0
929,0.179,1.436,0.000,-151.619,-1.755,0.954,12.0
930,0.179,1.436,0.000,-151.664,-1.756,0.953,12.0
931,0.179,1.436,0.000,-151.709,-1.757,0.952,12.0
932,0.179,1.436,0.000,-151.753,-1.757,0.950,12.0
933,0.179,1.436,0.000,-151.795,-1.758,0.949,12.0
934,0.179,1.436,0.000,-151.836,-1.759,0.948,12.0
935,0.179,1.436,0.000,-151.877,-1.759,0.946,12.0
936,0.179,1.436,0.000,-151.916,-1.760,0.945,12.0
937,0.179,1.436,0.000,-151.954,-1.761,0.944,12.0
938,0.179,1.436,0.000,-151.991,-1.761,0.943,12.0
939,0.179,1.436,0.000,-152.027,-1.762,0.942,12.0
940,0.179,1.436,0.000,-152.063,-1.762,0.941,12.0
941,0.179,1.436,0.000,-152.097,-1.763,0.940,12.0
942,0.179,1.436,0.000,-152.131,-1.764,0.939,12.0
943,0.179,1.436,0.000,-152.163,-1.764,0.938,12.0
944,0.179,1.436,0.000,-152.195,-1.765,0.937,12.0
945,0.179,1.436,0.000,-152.225,-1.765,0.936,12.0
946,0.179,1.436,0.000,-152.255,-1.766,0.935,12.0
947,0.179,1.436,0.000,-152.284,-1.766,0.934,12.0
948,0.179,1.436,0.000,-152.312,-1.767,0.933,12.0
949,0.179,1.436,0.000,-152.338,-1.767,0.932,12.0
950,0.180,1.436,0.000,-152.364,-1.767,0.931,12.0
951,0.180,1.436,0.000,-152.389,-1.768,0.931,12.0
952,0.180,1.436,0.000,-152.412,-1.768,0.930,12.0
953,0.180,1.436,0.000,-152.435,-1.769,0.929,12.0
954,0.180,1.436,0.000,-152.457,-1.769,0.929,12.0
955,0.180,1.436,0.000,-152.478,-1.769,0.928,12.0
956,0.180,1.436,0.000,-152.498,-1.770,0.927,12.0
957,0.180,1.436,0.000,-152.518,-1.770,0.927,12.0
958,0.180,1.436,0.000,-152.537,-1.770,0.926,12.0
959,0.180,1.436,0.000,-152.554,-1.770,0.926,12.0
960,0.180,1.436,0.000,-152.571,-1.771,0.925,12.0
961,0.180,1.436,0.000,-152.587,-1.771,0.925,12.0
962,0.180,1.436,0.000,-152.602,-1.771,0.924,12.0
963,0.180,1.436,0.000,-152.617,-1.772,0.924,12.0
964,0.180,1.436,0.000,-152.630,-1.772,0.923,12.0
965,0.180,1.436,0.000,-152.643,-1.772,0.923,12.0
966,0.180,1.436,0.000,-152.654,-1.772,0.923,12.0
967,0.180,1.436,0.000,-152.665,-1.772,0.922,12.0
968,0.180,1.436,0.000,-152.675,-1.772,0.922,12.0
969,0.180,1.436,0.000,-152.684,-1.773,0.922,12.0
970,0.180,1.436,0.000,-152.693,-1.773,0.921,12.0
971,0.180,1.436,0.000,-152.700,-1.773,0.921,12.0
972,0.180,1.436,0.000,-152.707,-1.773,0.921,12.0
973,0.180,1.437,0.000,-152.714,-1.773,0.921,12.0
974,0.180,1.437,0.000,-152.719,-1.773,0.921,12.0
975,0.180,1.437,0.000,-152.724,-1.773,0.920,12.0
976,0.180,1.437,0.000,-152.728,-1.773,0.920,12.0
977,0.180,1.437,0.000,-152.731,-1.773,0.920,12.0
978,0.180,1.437,0.000,-152.733,-1.773,0.920,12.0
979,0.180,1.437,0.000,-152.734,-1.773,0.920,12.0
980,0.180,1.437,0.000,-152.735,-1.773,0.920,12.0
981,0.180,1.437,0.000,-152.735,-1.773,0.920,12.0
982,0.180,1.437,0.000,-152.735,-1.773,0.920,12.0
983,0.180,1.437,0.000,-152.734,-1.773,0.920,12.0
984,0.180,1.437,0.000,-152.732,-1.773,0.920,12.0
985,0.180,1.437,0.000,-152.729,-1.773,0.920,12.0
986,0.180,1.437,0.000,-152.726,-1.773,0.920,12.0
987,0.180,1.437,0.000,-152.722,-1.773,0.920,12.0
988,0.180,1.437,0.000,-152.717,-1.773,0.921,12.0
989,0.180,1.437,0.000,-152.712,-1.773,0.921,12.0
990,0.180,1.437,0.000,-152.706,-1.773,0.921,12.0
991,0.180,1.437,0.000,-152.699,-1.773,0.921,12.0
992,0.180,1.437,0.000,-152.692,-1.773,0.921,12.0
993,0.181,1.437,0.000,-152.684,-1.773,0.922,12.0
994,0.181,1.437,0.000,-152.676,-1.772,0.922,12.0
995,0.181,1.437,0.000,-152.667,-1.772,0.922,12.0
996,0.181,1.437,0.000,-152.657,-1.772,0.922,12.0
997,0.181,1.437,0.000,-152.647,-1.772,0.923,12.0
998,0.181,1.437,0.000,-152.636,-1.772,0.923,12.0
999,0.181,1.437,0.000,-152.624,-1.772,0.923,12.0
1000,0.181,1.437,0.000,-152.612,-1.771,0.924,12.0
1001,0.181,1.437,0.000,-152.600,-1.771,0.924,12.0
1002,0.181,1.437,0.000,-152.587,-1.771,0.925,12.0
1003,0.181,1.437,0.000,-152.573,-1.771,0.925,12.0
1004,0.181,1.437,0.000,-152.559,-1.771,0.925,12.0
1005,0.181,1.437,0.000,-152.544,-1.770,0.926,12.0
1006,0.181,1.437,0.000,-152.528,-1.770,0.926,12.0
1007,0.181,1.437,0.000,-152.513,-1.770,0.927,12.0
1008,0.181,1.437,0.000,-152.496,-1.770,0.927,12.0
1009,0.181,1.437,0.000,-152.479,-1.769,0.928,12.0
1010,0.181,1.437,0.000,-152.462,-1.769,0.928,12.0
1011,0.181,1.437,0.000,-152.444,-1.769,0.929,12.0
1012,0.181,1.438,0.000,-152.426,-1.768,0.930,12.0
1013,0.181,1.438,0.000,-152.407,-1.768,0.930,12.0
1014,0.181,1.438,0.000,-152.388,-1.768,0.931,12.0
1015,0.181,1.438,0.000,-152.368,-1.767,0.931,12.0
1016,0.181,1.438,0.000,-152.348,-1.767,0.932,12.0
1017,0.181,1.438,0.000,-152.327,-1.767,0.933,12.0
1018,0.181,1.438,0.000,-152.306,-1.766,0.933,12.0
1019,0.181,1.438,0.000,-152.285,-1.766,0.934,12.0
1020,0.181,1.438,0.000,-152.263,-1.766,0.935,12.0
1021,0.181,1.438,0.000,-152.241,-1.765,0.935,12.0
1022,0.181,1.438,0.000,-152.218,-1.765,0.936,12.0
1023,0.181,1.438,0.000,-152.195,-1.765,0.937,12.0
1024,0.181,1.438,0.000,-152.171,-1.764,0.937,12.0
1025,0.181,1.438,0.000,-152.147,-1.764,0.938,12.0
1026,0.181,1.438,0.000,-152.123,-1.763,0.939,12.0
1027,0.181,1.438,0.000,-152.098,-1.763,0.940,12.0
1028,0.181,1.438,0.000,-152.073,-1.763,0.940,12.0
1029,0.181,1.438,0.000,-152.048,-1.762,0.941,12.0
1030,0.181,1.438,0.000,-152.022,-1.762,0.942,12.0
1031,0.181,1.438,0.000,-151.996,-1.761,0.943,12.0
1032,0.181,1.438,0.000,-151.970,-1.761,0.944,12.0
1033,0.181,1.438,0.000,-151.943,-1.761,0.944,12.0
1034,0.181,1.438,0.000,-151.916,-1.760,0.945,12.0
1035,0.181,1.438,0.000,-151.889,-1.760,0.946,12.0
1036,0.181,1.438,0.000,-151.861,-1.759,0.947,12.0
1037,0.181,1.438,0.000,-151.833,-1.759,0.948,12.0
1038,0.181,1.438,0.000,-151.805,-1.758,0.949,12.0
1039,0.181,1.438,0.000,-151.777,-1.758,0.950,12.0
1040,0.181,1.438,0.000,-151.748,-1.757,0.950,12.0
1041,0.181,1.438,0.000,-151.719,-1.757,0.951,12.0
1042,0.181,1.438,0.000,-151.690,-1.756,0.952,12.0
1043,0.181,1.438,0.000,-151.660,-1.756,0.953,12.0
1044,0.181,1.438,0.000,-151.630,-1.755,0.954,12.0
1045,0.181,1.438,0.000,-151.600,-1.755,0.955,12.0
1046,0.181,1.439,0.000,-151.570,-1.754,0.956,12.0
1047,0.181,1.439,0.000,-151.539,-1.754,0.957,12.0
1048,0.181,1.439,0.000,-151.509,-1.753,0.958,12.0
1049,0.181,1.439,0.000,-151.478,-1.753,0.959,12.0
1050,0.181,1.439,0.000,-151.447,-1.752,0.960,12.0
1051,0.181,1.439,0.000,-151.415,-1.752,0.961,12.0
1052,0.181,1.439,0.000,-151.384,-1.751,0.962,12.0
1053,0.181,1.439,0.000,-151.352,-1.751,0.963,12.0
1054,0.181,1.439,0.000,-151.320,-1.750,0.964,12.0
1055,0.181,1.439,0.000,-151.288,-1.750,0.965,12.0
1056,0.181,1.439,0.000,-151.255,-1.749,0.965,12.0
1057,0.181,1.439,0.000,-151.223,-1.749,0.966,12.0
1058,0.181,1.439,0.000,-151.190,-1.748,0.967,12.0
1059,0.181,1.439,0.000,-151.157,-1.747,0.968,12.0
1060,0.181,1.439,0.000,-151.124,-1.747,0.969,12.0
1061,0.181,1.439,0.000,-151.091,-1.746,0.970,12.0
1062,0.181,1.439,0.000,-151.058,-1.746,0.972,12.0
1063,0.181,1.439,0.000,-151.025,-1.745,0.973,12.0
1064,0.181,1.439,0.000,-150.991,-1.745,0.974,12.0
1065,0.181,1.439,0.000,-150.957,-1.744,0.975,12.0
1066,0.181,1.439,0.000,-150.923,-1.743,0.976,12.0
1067,0.181,1.439,0.000,-150.889,-1.743,0.977,12.0
1068,0.181,1.439,0.000,-150.855,-1.742,0.978,12.0
1069,0.181,1.439,0.000,-150.821,-1.742,0.979,12.0
1070,0.181,1.439,0.000,-150.787,-1.741,0.980,12.0
1071,0.181,1.439,0.000,-150.752,-1.741,0.981,12.0
1072,0.181,1.439,0.000,-150.718,-1.740,0.982,12.0
1073,0.181,1.439,0.000,-150.683,-1.739,0.983,12.0
1074,0.181,1.439,0.000,-150.648,-1.739,0.984,12.0
1075,0.181,1.439,0.000,-150.613,-1.738,0.985,12.0
1076,0.181,1.439,0.000,-150.578,-1.738,0.986,12.0
1077,0.181,1.440,0.000,-150.543,-1.737,0.987,12.0
1078,0.181,1.440,0.000,-150.508,-1.736,0.988,12.0
1079,0.181,1.440,0.000,-150.473,-1.736,0.989,12.0
1080,0.181,1.440,0.000,-150.438,-1.735,0.990,12.0
1081,0.181,1.440,0.000,-150.402,-1.735,0.991,12.0
1082,0.181,1.440,0.000,-150.367,-1.734,0.992,12.0
1083,0.180,1.440,0.000,-150.331,-1.733,0.994,12.0
1084,0.180,1.440,0.000,-150.296,-1.733,0.995,12.0
1085,0.180,1.440,0.000,-150.260,-1.732,0.996,12.0
1086,0.180,1.440,0.000,-150.224,-1.731,0.997,12.0
1087,0.180,1.440,0.000,-150.188,-1.731,0.998,12.0
1088,0.180,1.440,0.000,-150.152,-1.730,0.999,12.0
1089,0.180,1.440,0.000,-150.117,-1.730,1.000,12.0
1090,0.180,1.440,0.000,-150.081,-1.729,1.001,12.0
1091,0.180,1.440,0.000,-150.045,-1.728,1.002,12.0
1092,0.180,1.440,0.000,-150.009,-1.728,1.003,12.0
1093,0.180,1.440,0.000,-149.972,-1.727,1.004,12.0
1094,0.180,1.440,0.000,-149.936,-1.726,1.005,12.0
1095,0.180,1.440,0.000,-149.900,-1.726,1.007,12.0
1096,0.180,1.440,0.000,-149.864,-1.725,1.008,12.0
1097,0.180,1.440,0.000,-149.828,-1.724,1.009,12.0
1098,0.180,1.440,0.000,-149.792,-1.724,1.010,12.0
1099,0.180,1.440,0.000,-149.755,-1.723,1.011,12.0
1100,0.180,1.440,0.000,-149.719,-1.723,1.012,12.0
1101,0.180,1.440,0.000,-149.683,-1.722,1.013,12.0
1102,0.180,1.440,0.000,-149.647,-1.721,1.014,12.0
1103,0.180,1.440,0.000,-149.610,-1.721,1.015,12.0
1104,0.180,1.440,0.000,-149.574,-1.720,1.016,12.0
1105,0.180,1.440,0.000,-149.538,-1.719,1.017,12.0
1106,0.180,1.441,0.000,-149.502,-1.719,1.019,12.0
1107,0.180,1.441,0.000,-149.465,-1.718,1.020,12.0
1108,0.180,1.441,0.000,-149.429,-1.717,1.021,12.0
1109,0.180,1.441,0.000,-149.393,-1.717,1.022,12.0
1110,0.180,1.441,0.000,-149.357,-1.716,1.023,12.0
1111,0.180,1.441,0.000,-149.320,-1.715,1.024,12.0
1112,0.180,1.441,0.000,-149.284,-1.715,1.025,12.0
1113,0.180,1.441,0.000,-149.248,-1.714,1.026,12.0
1114,0.180,1.441,0.000,-149.212,-1.714,1.027,12.0
1115,0.180,1.441,0.000,-149.176,-1.713,1.028,12.0
1116,0.180,1.441,0.000,-149.139,-1.712,1.029,12.0
1117,0.180,1.441,0.000,-149.103,-1.712,1.030,12.0
1118,0.180,1.441,0.000,-149.067,-1.711,1.032,12.0
1119,0.180,1.441,0.000,-149.031,-1.710,1.033,12.0
1120,0.180,1.441,0.000,-148.995,-1.710,1.034,12.0
1121,0.180,1.441,0.000,-148.959,-1.709,1.035,12.0
1122,0.180,1.441,0.000,-148.923,-1.708,1.036,12.0
1123,0.180,1.441,0.000,-148.888,-1.708,1.037,12.0
1124,0.180,1.441,0.000,-148.852,-1.707,1.038,12.0
1125,0.180,1.441,0.000,-148.816,-1.706,1.039,12.0
1126,0.180,1.441,0.000,-148.780,-1.706,1.040,12.0
1127,0.180,1.441,0.000,-148.745,-1.705,1.041,12.0
1128,0.180,1.441,0.000,-148.709,-1.704,1.042,12.0
1129,0.180,1.441,0.000,-148.673,-1.704,1.043,12.0
1130,0.180,1.441,0.000,-148.638,-1.703,1.044,12.0
1131,0.180,1.441,0.000,-148.603,-1.703,1.045,12.0
1132,0.180,1.441,0.000,-148.567,-1.702,1.046,12.0
1133,0.180,1.441,0.000,-148.532,-1.701,1.047,12.0
1134,0.180,1.441,0.000,-148.497,-1.701,1.049,12.0
1135,0.180,1.441,0.000,-148.462,-1.700,1.050,12.0
1136,0.180,1.442,0.000,-148.427,-1.699,1.051,12.0
1137,0.180,1.442,0.000,-148.392,-1.699,1.052,12.0
1138,0.180,1.442,0.000,-148.357,-1.698,1.053,12.0
1139,0.180,1.442,0.000,-148.322,-1.697,1.054,12.0
1140,0.180,1.442,0.000,-148.287,-1.697,1.055,12.0
1141,0.180,1.442,0.000,-148.252,-1.696,1.056,12.0
1142,0.180,1.442,0.000,-148.218,-1.695,1.057,12.0
1143,0.180,1.442,0.000,-148.183,-1.695,1.058,12.0
1144,0.180,1.442,0.000,-148.149,-1.694,1.059,12.0
1145,0.180,1.442,0.000,-148.114,-1.694,1.060,12.0
1146,0.180,1.442,0.000,-148.080,-1.693,1.061,12.0
1147,0.180,1.442,0.000,-148.046,-1.692,1.062,12.0
1148,0.180,1.442,0.000,-148.012,-1.692,1.063,12.0
1149,0.180,1.442,0.000,-147.978,-1.691,1.064,12.0
1150,0.180,1.442,0.000,-147.944,-1.690,1.065,12.0
1151,0.180,1.442,0.000,-147.910,-1.690,1.066,12.0
1152,0.180,1.442,0.000,-147.877,-1.689,1.067,12.0
1153,0.180,1.442,0.000,-147.843,-1.689,1.068,12.0
1154,0.180,1.442,0.000,-147.810,-1.688,1.069,12.0
1155,0.180,1.442,0.000,-147.776,-1.687,1.070,12.0
1156,0.180,1.442,0.000,-147.743,-1.687,1.071,12.0
1157,0.180,1.442,0.000,-147.710,-1.686,1.072,12.0
1158,0.180,1.442,0.000,-147.677,-1.685,1.073,12.0
1159,0.180,1.442,0.000,-147.644,-1.685,1.074,12.0
1160,0.180,1.442,0.000,-147.611,-1.684,1.075,12.0
1161,0.180,1.442,0.000,-147.579,-1.684,1.076,12.0
1162,0.180,1.442,0.000,-147.546,-1.683,1.077,12.0
1163,0.180,1.442,0.000,-147.514,-1.682,1.078,12.0
1164,0.180,1.442,0.000,-147.481,-1.682,1.079,12.0
1165,0.180,1.442,0.000,-147.449,-1.681,1.079,12.0
1166,0.180,1.442,0.000,-147.417,-1.681,1.080,12.0
1167,0.180,1.443,0.000,-147.385,-1.680,1.081,12.0
1168,0.180,1.443,0.000,-147.353,-1.679,1.082,12.0
1169,0.180,1.443,0.000,-147.321,-1.679,1.083,12.0
1170,0.180,1.443,0.000,-147.290,-1.678,1.084,12.0
1171,0.180,1.443,0.000,-147.258,-1.678,1.085,12.0
1172,0.180,1.443,0.000,-147.227,-1.677,1.086,12.0
1173,0.180,1.443,0.000,-147.196,-1.676,1.087,12.0
1174,0.180,1.443,0.000,-147.165,-1.676,1.088,12.0
1175,0.180,1.443,0.000,-147.134,-1.675,1.089,12.0
1176,0.180,1.443,0.000,-147.103,-1.675,1.090,12.0
1177,0.180,1.443,0.000,-147.072,-1.674,1.090,12.0
1178,0.180,1.443,0.000,-147.042,-1.673,1.091,12.0
1179,0.180,1.443,0.000,-147.011,-1.673,1.092,12.0
1180,0.180,1.443,0.000,-146.981,-1.672,1.093,12.0
1181,0.180,1.443,0.000,-146.951,-1.672,1.094,12.0
1182,0.180,1.443,0.000,-146.921,-1.671,1.095,12.0
1183,0.180,1.443,0.000,-146.891,-1.671,1.096,12.0
1184,0.180,1.443,0.000,-146.861,-1.670,1.097,12.0
1185,0.180,1.443,0.000,-146.832,-1.669,1.098,12.0
1186,0.180,1.443,0.000,-146.802,-1.669,1.098,12.0
1187,0.180,1.443,0.000,-146.773,-1.668,1.099,12.0
1188,0.180,1.443,0.000,-146.744,-1.668,1.100,12.0
1189,0.180,1.443,0.000,-146.715,-1.667,1.101,12.0
1190,0.180,1.443,0.000,-146.686,-1.667,1.102,12.0
1191,0.180,1.443,0.000,-146.657,-1.666,1.103,12.0
1192,0.180,1.443,0.000,-146.628,-1.666,1.103,12.0
1193,0.180,1.443,0.000,-146.600,-1.665,1.104,12.0
1194,0.180,1.443,0.000,-146.572,-1.664,1.105,12.0
1195,0.180,1.443,0.000,-146.543,-1.664,1.106,12.0
1196,0.180,1.443,0.000,-146.515,-1.663,1.107,12.0
1197,0.180,1.443,0.000,-146.488,-1.663,1.108,12.0
1198,0.180,1.443,0.000,-146.460,-1.662,1.108,12.0
1199,0.180,1.443,0.000,-146.432,-1.662,1.109,12.0
1200,0.180,1.444,0.000,-146.405,-1.661,1.110,12.0
1201,0.180,1.444,0.000,-146.378,-1.661,1.111,12.0
1202,0.180,1.444,0.000,-146.350,-1.660,1.111,12.0
1203,0.180,1.444,0.000,-146.323,-1.660,1.112,12.0
1204,0.180,1.444,0.000,-146.297,-1.659,1.113,12.0
1205,0.180,1.444,0.000,-146.270,-1.659,1.114,12.0
1206,0.180,1.444,0.000,-146.243,-1.658,1.115,12.0
1207,0.180,1.444,0.000,-146.217,-1.658,1.115,12.0
1208,0.180,1.444,0.000,-146.191,-1.657,1.116,12.0
1209,0.180,1.444,0.000,-146.165,-1.657,1.117,12.0
1210,0.180,1.444,0.000,-146.139,-1.656,1.118,12.0
1211,0.180,1.444,0.000,-146.113,-1.656,1.118,12.0
1212,0.180,1.444,0.000,-146.088,-1.655,1.119,12.0
1213,0.180,1.444,0.000,-146.062,-1.655,1.120,12.0
1214,0.180,1.444,0.000,-146.037,-1.654,1.121,12.0
1215,0.180,1.444,0.000,-146.012,-1.654,1.121,12.0
1216,0.180,1.444,0.000,-145.987,-1.653,1.122,12.0
1217,0.180,1.444,0.000,-145.962,-1.653,1.123,12.0
1218,0.180,1.444,0.000,-145.937,-1.652,1.123,12.0
1219,0.180,1.444,0.000,-145.913,-1.652,1.124,12.0
1220,0.180,1.444,0.000,-145.888,-1.651,1.125,12.0
1221,0.180,1.444,0.000,-145.864,-1.651,1.126,12.0
1222,0.180,1.444,0.000,-145.840,-1.650,1.126,12.0
1223,0.180,1.444,0.000,-145.816,-1.650,1.127,12.0
1224,0.180,1.444,0.000,-145.792,-1.649,1.128,12.0
1225,0.180,1.444,0.000,-145.769,-1.649,1.128,12.0
1226,0.180,1.444,0.000,-145.745,-1.648,1.129,12.0
1227,0.180,1.444,0.000,-145.722,-1.648,1.130,12.0
1228,0.180,1.444,0.000,-145.699,-1.647,1.130,12.0
1229,0.180,1.444,0.000,-145.676,-1.647,1.131,12.0
1230,0.180,1.444,0.000,-145.653,-1.646,1.132,12.0
1231,0.180,1.444,0.000,-145.631,-1.646,1.132,12.0
1232,0.180,1.444,0.000,-145.608,-1.646,1.133,12.0
1233,0.180,1.444,0.000,-145.586,-1.645,1.134,12.0
1234,0.180,1.444,0.000,-145.563,-1.645,1.134,12.0
1235,0.180,1.444,0.000,-145.541,-1.644,1.135,12.0
1236,0.180,1.444,0.000,-145.520,-1.644,1.135,12.0
1237,0.180,1.444,0.000,-145.498,-1.643,1.136,12.0
1238,0.180,1.444,0.000,-145.476,-1.643,1.137,12.0
1239,0.180,1.444,0.000,-145.455,-1.643,1.137,12.0
1240,0.180,1.445,0.000,-145.434,-1.642,1.138,12.0
1241,0.180,1.445,0.000,-145.413,-1.642,1.139,12.0
1242,0.180,1.445,0.000,-145.392,-1.641,1.139,12.0
1243,0.180,1.445,0.000,-145.371,-1.641,1.140,12.0
1244,0.180,1.445,0.000,-145.350,-1.640,1.140,12.0
1245,0.180,1.445,0.000,-145.330,-1.640,1.141,12.0
1246,0.180,1.445,0.000,-145.309,-1.640,1.141,12.0
1247,0.180,1.445,0.000,-145.289,-1.639,1.142,12.0
1248,0.180,1.445,0.000,-145.269,-1.639,1.143,12.0
1249,0.180,1.445,0.000,-145.249,-1.638,1.143,12.0
1250,0.180,1.445,0.000,-145.230,-1.638,1.144,12.0
1251,0.180,1.445,0.000,-145.210,-1.638,1.144,12.0
1252,0.180,1.445,0.000,-145.191,-1.637,1.145,12.0
1253,0.180,1.445,0.000,-145.172,-1.637,1.145,12.0
1254,0.180,1.445,0.000,-145.152,-1.637,1.146,12.0
1255,0.180,1.445,0.000,-145.134,-1.636,1.146,12.0
1256,0.180,1.445,0.000,-145.115,-1.636,1.147,12.0
1257,0.180,1.445,0.000,-145.096,-1.635,1.148,12.0
1258,0.180,1.445,0.000,-145.078,-1.635,1.148,12.0
1259,0.180,1.445,0.000,-145.059,-1.635,1.149,12.0
1260,0.180,1.445,0.000,-145.041,-1.634,1.149,12.0
1261,0.180,1.445,0.000,-145.023,-1.634,1.150,12.0
1262,0.180,1.445,0.000,-145.005,-1.634,1.150,12.0
1263,0.180,1.445,0.000,-144.988,-1.633,1.151,12.0
1264,0.180,1.445,0.000,-144.970,-1.633,1.151,12.0
1265,0.180,1.445,0.000,-144.953,-1.633,1.152,12.0
1266,0.180,1.445,0.000,-144.935,-1.632,1.152,12.0
1267,0.180,1.445,0.000,-144.918,-1.632,1.153,12.0
1268,0.180,1.445,0.000,-144.901,-1.632,1.153,12.0
1269,0.180,1.445,0.000,-144.885,-1.631,1.154,12.0
1270,0.180,1.445,0.000,-144.868,-1.631,1.154,12.0
1271,0.180,1.445,0.000,-144.851,-1.631,1.155,12.0
1272,0.180,1.445,0.000,-144.835,-1.630,1.155,12.0
1273,0.180,1.445,0.000,-144.819,-1.630,1.155,12.0
1274,0.180,1.445,0.000,-144.803,-1.630,1.156,12.0
1275,0.180,1.445,0.000,-144.787,-1.629,1.156,12.0
1276,0.180,1.445,0.000,-144.771,-1.629,1.157,12.0
1277,0.180,1.445,0.000,-144.756,-1.629,1.157,12.0
1278,0.180,1.445,0.000,-144.740,-1.628,1.158,12.0
1279,0.180,1.445,0.000,-144.725,-1.628,1.158,12.0
1280,0.180,1.445,0.000,-144.710,-1.628,1.159,12.0
1281,0.180,1.445,0.000,-144.695,-1.627,1.159,12.0
1282,0.180,1.445,0.000,-144.680,-1.627,1.159,12.0
1283,0.180,1.445,0.000,-144.665,-1.627,1.160,12.0
1284,0.180,1.445,0.000,-144.650,-1.626,1.160,12.0
1285,0.180,1.445,0.000,-144.636,-1.626,1.161,12.0
1286,0.180,1.445,0.000,-144.622,-1.626,1.161,12.0
1287,0.180,1.445,0.000,-144.607,-1.626,1.161,12.0
1288,0.180,1.445,0.000,-144.593,-1.625,1.162,12.0
1289,0.180,1.445,0.000,-144.579,-1.625,1.162,12.0
1290,0.180,1.445,0.000,-144.566,-1.625,1.163,12.0
1291,0.180,1.446,0.000,-144.552,-1.624,1.163,12.0
1292,0.180,1.446,0.000,-144.539,-1.624,1.163,12.0
1293,0.180,1.446,0.000,-144.525,-1.624,1.164,12.0
1294,0.180,1.446,0.000,-144.512,-1.624,1.164,12.0
1295,0.180,1.446,0.000,-144.499,-1.623,1.165,12.0
1296,0.180,1.446,0.000,-144.486,-1.623,1.165,12.0
1297,0.180,1.446,0.000,-144.473,-1.623,1.165,12.0
1298,0.180,1.446,0.000,-144.461,-1.623,1.166,12.0
1299,0.180,1.446,0.000,-144.448,-1.622,1.166,12.0
1300,0.180,1.446,0.000,-144.436,-1.622,1.166,12.0
1301,0.180,1.446,0.000,-144.424,-1.622,1.167,12.0
1302,0.180,1.446,0.000,-144.412,-1.622,1.167,12.0
1303,0.180,1.446,0.000,-144.400,-1.621,1.167,12.0
1304,0.180,1.446,0.000,-144.388,-1.621,1.168,12.0
1305,0.180,1.446,0.000,-144.376,-1.621,1.168,12.0
1306,0.180,1.446,0.000,-144.365,-1.621,1.168,12.0
1307,0.180,1.446,0.000,-144.353,-1.620,1.169,12.0
1308,0.180,1.446,0.000,-144.342,-1.620,1.169,12.0
1309,0.180,1.446,0.000,-144.331,-1.620,1.169,12.0
1310,0.180,1.446,0.000,-144.320,-1.620,1.170,12.0
1311,0.180,1.446,0.000,-144.309,-1.620,1.170,12.0
1312,0.180,1.446,0.000,-144.298,-1.619,1.170,12.0
1313,0.180,1.446,0.000,-144.287,-1.619,1.171,12.0
1314,0.180,1.446,0.000,-144.277,-1.619,1.171,12.0
1315,0.180,1.446,0.000,-144.267,-1.619,1.171,12.0
1316,0.180,1.446,0.000,-144.256,-1.618,1.171,12.0
1317,0.180,1.446,0.000,-144.246,-1.618,1.172,12.0
1318,0.180,1.446,0.000,-144.236,-1.618,1.172,12.0
1319,0.180,1.446,0.000,-144.226,-1.618,1.172,12.0
1320,0.180,1.446,0.000,-144.216,-1.618,1.173,12.0
1321,0.180,1.446,0.000,-144.207,-1.617,1.173,12.0
1322,0.180,1.446,0.000,-144.197,-1.617,1.173,12.0
1323,0.180,1.446,0.000,-144.188,-1.617,1.173,12.0
1324,0.180,1.446,0.000,-144.179,-1.617,1.174,12.0
1325,0.180,1.446,0.000,-144.169,-1.617,1.174,12.0
1326,0.180,1.446,0.000,-144.160,-1.616,1.174,12.0
1327,0.180,1.446,0.000,-144.151,-1.616,1.174,12.0
1328,0.180,1.446,0.000,-144.143,-1.616,1.175,12.0
1329,0.180,1.446,0.000,-144.134,-1.616,1.175,12.0
1330,0.180,1.446,0.000,-144.125,-1.616,1.175,12.0
1331,0.180,1.446,0.000,-144.117,-1.616,1.175,12.0
1332,0.180,1.446,0.000,-144.109,-1.615,1.176,12.0
1333,0.180,1.446,0.000,-144.100,-1.615,1.176,12.0
1334,0.180,1.446,0.000,-144.092,-1.615,1.176,12.0
1335,0.180,1.446,0.000,-144.084,-1.615,1.176,12.0
1336,0.180,1.446,0.000,-144.076,-1.615,1.176,12.0
1337,0.180,1.446,0.000,-144.069,-1.615,1.177,12.0
1338,0.180,1.446,0.000,-144.061,-1.614,1.177,12.0
1339,0.180,1.446,0.000,-144.053,-1.614,1.177,12.0
1340,0.180,1.446,0.000,-144.046,-1.614,1.177,12.0
1341,0.180,1.446,0.000,-144.039,-1.614,1.178,12.0
1342,0.180,1.446,0.000,-144.031,-1.614,1.178,12.0
1343,0.180,1.446,0.000,-144.024,-1.614,1.178,12.0
1344,0.180,1.446,0.000,-144.017,-1.614,1.178,12.0
1345,0.180,1.446,0.000,-144.010,-1.613,1.178,12.0
1346,0.180,1.446,0.000,-144.003,-1.613,1.179,12.0
1347,0.180,1.446,0.000,-143.997,-1.613,1.179,12.0
1348,0.180,1.446,0.000,-143.990,-1.613,1.179,12.0
1349,0.180,1.446,0.000,-143.984,-1.613,1.179,12.0
1350,0.180,1.446,0.000,-143.977,-1.613,1.179,12.0
1351,0.180,1.446,0.000,-143.971,-1.613,1.179,12.0
1352,0.180,1.446,0.000,-143.965,-1.612,1.180,12.0
1353,0.180,1.446,0.000,-143.959,-1.612,1.180,12.0
1354,0.180,1.446,0.000,-143.953,-1.612,1.180,12.0
1355,0.180,1.446,0.000,-143.947,-1.612,1.180,12.0
1356,0.180,1.446,0.000,-143.941,-1.612,1.180,12.0
1357,0.180,1.446,0.000,-143.935,-1.612,1.180,12.0
1358,0.180,1.446,0.000,-143.930,-1.612,1.181,12.0
1359,0.180,1.446,0.000,-143.924,-1.612,1.181,12.0
1360,0.180,1.446,0.000,-143.919,-1.612,1.181,12.0
1361,0.180,1.446,0.000,-143.914,-1.611,1.181,12.0
1362,0.180,1.446,0.000,-143.908,-1.611,1.181,12.0
1363,0.180,1.446,0.000,-143.903,-1.611,1.181,12.0
1364,0.180,1.446,0.000,-143.898,-1.611,1.181,12.0
1365,0.180,1.446,0.000,-143.893,-1.611,1.182,12.0
1366,0.180,1.446,0.000,-143.889,-1.611,1.182,12.0
1367,0.180,1.446,0.000,-143.884,-1.611,1.182,12.0
1368,0.180,1.446,0.000,-143.879,-1.611,1.182,12.0
1369,0.180,1.446,0.000,-143.875,-1.611,1.182,12.0
1370,0.180,1.446,0.000,-143.870,-1.611,1.182,12.0
1371,0.180,1.446,0.000,-143.866,-1.610,1.182,12.0
1372,0.180,1.446,0.000,-143.861,-1.610,1.183,12.0
1373,0.180,1.446,0.000,-143.857,-1.610,1.183,12.0
1374,0.180,1.446,0.000,-143.853,-1.610,1.183,12.0
1375,0.180,1.446,0.000,-143.849,-1.610,1.183,12.0
1376,0.180,1.446,0.000,-143.845,-1.610,1.183,12.0
1377,0.180,1.446,0.000,-143.841,-1.610,1.183,12.0
1378,0.180,1.447,0.000,-143.837,-1.610,1.183,12.0
1379,0.180,1.447,0.000,-143.834,-1.610,1.183,12.0
1380,0.180,1.447,0.000,-143.830,-1.610,1.183,12.0
1381,0.180,1.447,0.000,-143.827,-1.610,1.183,12.0
1382,0.180,1.447,0.000,-143.823,-1.610,1.184,12.0
1383,0.180,1.447,0.000,-143.820,-1.609,1.184,12.0
1384,0.180,1.447,0.000,-143.817,-1.609,1.184,12.0
1385,0.180,1.447,0.000,-143.813,-1.609,1.184,12.0
1386,0.180,1.447,0.000,-143.810,-1.609,1.184,12.0
1387,0.180,1.447,0.000,-143.807,-1.609,1.184,12.0
1388,0.180,1.447,0.000,-143.804,-1.609,1.184,12.0
1389,0.180,1.447,0.000,-143.801,-1.609,1.184,12.0
1390,0.180,1.447,0.000,-143.799,-1.609,1.184,12.0
1391,0.180,1.447,0.000,-143.796,-1.609,1.184,12.0
1392,0.180,1.447,0.000,-143.793,-1.609,1.184,12.0
1393,0.180,1.447,0.000,-143.791,-1.609,1.185,12.0
1394,0.180,1.447,0.000,-143.788,-1.609,1.185,12.0
1395,0.180,1.447,0.000,-143.786,-1.609,1.185,12.0
1396,0.180,1.447,0.000,-143.784,-1.609,1.185,12.0
1397,0.180,1.447,0.000,-143.781,-1.609,1.185,12.0
1398,0.180,1.447,0.000,-143.779,-1.609,1.185,12.0
1399,0.180,1.447,0.000,-143.777,-1.609,1.185,12.0
1400,0.180,1.447,0.000,-143.775,-1.609,1.185,12.0
1401,0.180,1.447,0.000,-143.773,-1.608,1.185,12.0
1402,0.180,1.447,0.000,-143.771,-1.608,1.185,12.0
1403,0.180,1.447,0.000,-143.769,-1.608,1.185,12.0
1404,0.180,1.447,0.000,-143.768,-1.608,1.185,12.0
1405,0.180,1.447,0.000,-143.766,-1.608,1.185,12.0
1406,0.180,1.447,0.000,-143.764,-1.608,1.185,12.0
1407,0.180,1.447,0.000,-143.763,-1.608,1.185,12.0
1408,0.180,1.447,0.000,-143.762,-1.608,1.185,12.0
1409,0.180,1.447,0.000,-143.760,-1.608,1.185,12.0
1410,0.180,1.447,0.000,-143.759,-1.608,1.185,12.0
1411,0.180,1.447,0.000,-143.758,-1.608,1.185,12.0
1412,0.180,1.447,0.000,-143.757,-1.608,1.185,12.0
1413,0.180,1.447,0.000,-143.756,-1.608,1.185,12.0
1414,0.180,1.447,0.000,-143.755,-1.608,1.186,12.0
1415,0.180,1.447,0.000,-143.754,-1.608,1.186,12.0
1416,0.180,1.447,0.000,-143.753,-1.608,1.186,12.0
1417,0.180,1.447,0.000,-143.752,-1.608,1.186,12.0
1418,0.180,1.447,0.000,-143.752,-1.608,1.186,12.0
1419,0.180,1.447,0.000,-143.751,-1.608,1.186,12.0
1420,0.180,1.447,0.000,-143.750,-1.608,1.186,12.0
1421,0.180,1.447,0.000,-143.750,-1.608,1.186,12.0
1422,0.180,1.447,0.000,-143.750,-1.608,1.186,12.0
1423,0.180,1.447,0.000,-143.749,-1.608,1.186,12.0
1424,0.180,1.447,0.000,-143.749,-1.608,1.186,12.0
1425,0.180,1.447,0.000,-143.749,-1.608,1.186,12.0
1426,0.180,1.447,0.000,-143.749,-1.608,1.186,12.0
1427,0.180,1.447,0.000,-143.749,-1.608,1.186,12.0
1428,0.180,1.447,0.000,-143.749,-1.608,1.186,12.0
1429,0.180,1.447,0.000,-143.749,-1.608,1.186,12.0
1430,0.180,1.447,0.000,-143.749,-1.608,1.186,12.0
1431,0.180,1.447,0.000,-143.749,-1.608,1.186,12.0
1432,0.180,1.447,0.000,-143.749,-1.608,1.186,12.0
1433,0.180,1.447,0.000,-143.750,-1.608,1.186,12.0
1434,0.180,1.447,0.000,-143.750,-1.608,1.186,12.0
1435,0.180,1.447,0.000,-143.751,-1.608,1.186,12.0
1436,0.180,1.447,0.000,-143.751,-1.608,1.186,12.0
1437,0.180,1.447,0.000,-143.752,-1.608,1.186,12.0
1438,0.180,1.447,0.000,-143.752,-1.608,1.186,12.0
1439,0.180,1.447,0.000,-143.753,-1.608,1.186,12.0
1440,0.180,1.447,0.000,-143.754,-1.608,1.186,12.0
1441,0.180,1.447,0.000,-143.754,-1.608,1.186,12.0
1442,0.180,1.447,0.000,-143.755,-1.608,1.186,12.0
1443,0.180,1.447,0.000,-143.756,-1.608,1.185,12.0
1444,0.180,1.447,0.000,-143.757,-1.608,1.185,12.0
1445,0.180,1.447,0.000,-143.758,-1.608,1.185,12.0
1446,0.180,1.447,0.000,-143.759,-1.608,1.185,12.0
1447,0.180,1.447,0.000,-143.760,-1.608,1.185,12.0
1448,0.180,1.447,0.000,-143.761,-1.608,1.185,12.0
1449,0.180,1.447,0.000,-143.762,-1.608,1.185,12.0
1450,0.180,1.447,0.000,-143.764,-1.608,1.185,12.0
1451,0.180,1.447,0.000,-143.765,-1.608,1.185,12.0
1452,0.180,1.447,0.000,-143.766,-1.608,1.185,12.0
1453,0.180,1.447,0.000,-143.768,-1.608,1.185,12.0
1454,0.180,1.447,0.000,-143.769,-1.608,1.185,12.0
1455,0.180,1.447,0.000,-143.770,-1.608,1.185,12.0
1456,0.180,1.447,0.000,-143.772,-1.608,1.185,12.0
1457,0.180,1.447,0.000,-143.773,-1.609,1.185,12.0
1458,0.180,1.447,0.000,-143.775,-1.609,1.185,12.0
1459,0.180,1.447,0.000,-143.777,-1.609,1.185,12.0
1460,0.180,1.447,0.000,-143.778,-1.609,1.185,12.0
1461,0.180,1.447,0.000,-143.780,-1.609,1.185,12.0
1462,0.180,1.447,0.000,-143.782,-1.609,1.185,12.0
1463,0.180,1.447,0.000,-143.783,-1.609,1.185,12.0
1464,0.180,1.447,0.000,-143.785,-1.609,1.185,12.0
1465,0.180,1.447,0.000,-143.787,-1.609,1.185,12.0
1466,0.180,1.447,0.000,-143.789,-1.609,1.185,12.0
1467,0.180,1.447,0.000,-143.791,-1.609,1.185,12.0
1468,0.180,1.447,0.000,-143.793,-1.609,1.184,12.0
1469,0.180,1.447,0.000,-143.795,-1.609,1.184,12.0
1470,0.180,1.447,0.000,-143.797,-1.609,1.184,12.0
1471,0.180,1.447,0.000,-143.799,-1.609,1.184,12.0
1472,0.180,1.447,0.000,-143.801,-1.609,1.184,12.0
1473,0.180,1.447,0.000,-143.803,-1.609,1.184,12.0
1474,0.181,1.447,0.000,-143.805,-1.609,1.184,12.0
1475,0.181,1.447,0.000,-143.807,-1.609,1.184,12.0
1476,0.181,1.447,0.000,-143.809,-1.609,1.184,12.0
1477,0.181,1.447,0.000,-143.811,-1.609,1.184,12.0
1478,0.181,1.447,0.000,-143.814,-1.609,1.184,12.0
1479,0.181,1.447,0.000,-143.816,-1.609,1.184,12.0
1480,0.181,1.447,0.000,-143.818,-1.609,1.184,12.0
1481,0.181,1.447,0.000,-143.820,-1.609,1.184,12.0
1482,0.181,1.447,0.000,-143.823,-1.610,1.184,12.0
1483,0.181,1.447,0.000,-143.825,-1.610,1.184,12.0
1484,0.181,1.447,0.000,-143.827,-1.610,1.183,12.0
1485,0.181,1.447,0.000,-143.830,-1.610,1.183,12.0
1486,0.181,1.447,0.000,-143.832,-1.610,1.183,12.0
1487,0.181,1.447,0.000,-143.835,-1.610,1.183,12.0
1488,0.181,1.447,0.000,-143.837,-1.610,1.183,12.0
1489,0.181,1.447,0.000,-143.839,-1.610,1.183,12.0
1490,0.181,1.447,0.000,-143.842,-1.610,1.183,12.0
1491,0.181,1.447,0.000,-143.844,-1.610,1.183,12.0
1492,0.181,1.447,0.000,-143.847,-1.610,1.183,12.0
1493,0.181,1.447,0.000,-143.849,-1.610,1.183,12.0
1494,0.181,1.447,0.000,-143.852,-1.610,1.183,12.0
1495,0.181,1.447,0.000,-143.854,-1.610,1.183,12.0
1496,0.181,1.447,0.000,-143.857,-1.610,1.183,12.0
1497,0.181,1.447,0.000,-143.860,-1.610,1.183,12.0
1498,0.181,1.447,0.000,-143.862,-1.610,1.183,12.0
1499,0.181,1.447,0.000,-143.865,-1.610,1.182,12.0
1500,0.181,1.447,0.000,-143.867,-1.610,1.182,12.0
1501,0.181,1.447,0.000,-143.870,-1.611,1.182,12.0
1502,0.181,1.447,0.000,-143.873,-1.611,1.182,12.0
1503,0.181,1.447,0.000,-143.875,-1.611,1.182,12.0
1504,0.181,1.447,0.000,-143.878,-1.611,1.182,12.0
1505,0.181,1.447,0.000,-143.881,-1.611,1.182,12.0
1506,0.181,1.447,0.000,-143.883,-1.611,1.182,12.0
1507,0.181,1.447,0.000,-143.886,-1.611,1.182,12.0
1508,0.181,1.447,0.000,-143.889,-1.611,1.182,12.0
1509,0.181,1.447,0.000,-143.892,-1.611,1.182,12.0
1510,0.181,1.447,0.000,-143.894,-1.611,1.182,12.0
1511,0.181,1.447,0.000,-143.897,-1.611,1.182,12.0
1512,0.181,1.447,0.000,-143.900,-1.611,1.181,12.0
1513,0.181,1.447,0.000,-143.902,-1.611,1.181,12.0
1514,0.181,1.447,0.000,-143.905,-1.611,1.181,12.0
1515,0.181,1.447,0.000,-143.908,-1.611,1.181,12.0
1516,0.181,1.447,0.000,-143.911,-1.611,1.181,12.0
1517,0.181,1.447,0.000,-143.913,-1.611,1.181,12.0
1518,0.181,1.447,0.000,-143.916,-1.611,1.181,12.0
1519,0.181,1.447,0.000,-143.919,-1.612,1.181,12.0
1520,0.181,1.447,0.000,-143.922,-1.612,1.181,12.0
1521,0.181,1.447,0.000,-143.925,-1.612,1.181,12.0
1522,0.181,1.447,0.000,-143.927,-1.612,1.181,12.0
1523,0.181,1.447,0.000,-143.930,-1.612,1.181,12.0
1524,0.181,1.447,0.000,-143.933,-1.612,1.181,12.0
1525,0.181,1.447,0.000,-143.936,-1.612,1.180,12.0
1526,0.181,1.447,0.000,-143.938,-1.612,1.180,12.0
1527,0.181,1.447,0.000,-143.941,-1.612,1.180,12.0
1528,0.181,1.447,0.000,-143.944,-1.612,1.180,12.0
1529,0.181,1.447,0.000,-143.947,-1.612,1.180,12.0
1530,0.181,1.447,0.000,-143.950,-1.612,1.180,12.0
1531,0.181,1.447,0.000,-143.952,-1.612,1.180,12.0
1532,0.181,1.447,0.000,-143.955,-1.612,1.180,12.0
1533,0.181,1.447,0.000,-143.958,-1.612,1.180,12.0
1534,0.181,1.447,0.000,-143.961,-1.612,1.180,12.0
1535,0.181,1.447,0.000,-143.964,-1.612,1.180,12.0
1536,0.181,1.447,0.000,-143.966,-1.612,1.180,12.0
1537,0.181,1.447,0.000,-143.969,-1.613,1.179,12.0
1538,0.181,1.447,0.000,-143.972,-1.613,1.179,12.0
1539,0.181,1.447,0.000,-143.975,-1.613,1.179,12.0
1540,0.181,1.447,0.000,-143.977,-1.613,1.179,12.0
1541,0.181,1.447,0.000,-143.980,-1.613,1.179,12.0
1542,0.181,1.447,0.000,-143.983,-1.613,1.179,12.0
1543,0.181,1.447,0.000,-143.986,-1.613,1.179,12.0
1544,0.181,1.447,0.000,-143.988,-1.613,1.179,12.0
1545,0.181,1.447,0.000,-143.991,-1.613,1.179,12.0
1546,0.181,1.447,0.000,-143.994,-1.613,1.179,12.0
1547,0.181,1.447,0.000,-143.997,-1.613,1.179,12.0
1548,0.181,1.447,0.000,-143.999,-1.613,1.179,12.0
1549,0.181,1.447,0.000,-144.002,-1.613,1.179,12.0
1550,0.181,1.447,0.000,-144.005,-1.613,1.178,12.0
1551,0.181,1.447,0.000,-144.007,-1.613,1.178,12.0
1552,0.181,1.447,0.000,-144.010,-1.613,1.178,12.0
1553,0.181,1.447,0.000,-144.013,-1.613,1.178,12.0
1554,0.181,1.447,0.000,-144.015,-1.613,1.178,12.0
1555,0.181,1.447,0.000,-144.018,-1.614,1.178,12.0
1556,0.181,1.447,0.000,-144.021,-1.614,1.178,12.0
1557,0.181,1.447,0.000,-144.023,-1.614,1.178,12.0
1558,0.181,1.447,0.000,-144.026,-1.614,1.178,12.0
1559,0.181,1.447,0.000,-144.029,-1.614,1.178,12.0
1560,0.181,1.447,0.000,-144.031,-1.614,1.178,12.0
1561,0.181,1.447,0.000,-144.034,-1.614,1.178,12.0
1562,0.181,1.447,0.000,-144.036,-1.614,1.178,12.0
1563,0.181,1.447,0.000,-144.039,-1.614,1.178,12.0
1564,0.181,1.447,0.000,-144.042,-1.614,1.177,12.0
1565,0.181,1.447,0.000,-144.044,-1.614,1.177,12.0
1566,0.181,1.447,0.000,-144.047,-1.614,1.177,12.0
1567,0.181,1.447,0.000,-144.049,-1.614,1.177,12.0
1568,0.181,1.447,0.000,-144.052,-1.614,1.177,12.0
1569,0.181,1.447,0.000,-144.054,-1.614,1.177,12.0
1570,0.181,1.447,0.000,-144.057,-1.614,1.177,12.0
1571,0.181,1.447,0.000,-144.059,-1.614,1.177,12.0
1572,0.181,1.447,0.000,-144.062,-1.614,1.177,12.0
1573,0.181,1.447,0.000,-144.064,-1.614,1.177,12.0
1574,0.181,1.447,0.000,-144.067,-1.615,1.177,12.0
1575,0.181,1.447,0.000,-144.069,-1.615,1.177,12.0
1576,0.181,1.447,0.000,-144.072,-1.615,1.177,12.0
1577,0.181,1.447,0.000,-144.074,-1.615,1.177,12.0
1578,0.181,1.447,0.000,-144.077,-1.615,1.176,12.0
1579,0.181,1.447,0.000,-144.079,-1.615,1.176,12.0
1580,0.181,1.447,0.000,-144.081,-1.615,1.176,12.0
1581,0.181,1.447,0.000,-144.084,-1.615,1.176,12.0
1582,0.181,1.447,0.000,-144.086,-1.615,1.176,12.0
1583,0.181,1.447,0.000,-144.088,-1.615,1.176,12.0
1584,0.181,1.447,0.000,-144.091,-1.615,1.176,12.0
1585,0.181,1.447,0.000,-144.093,-1.615,1.176,12.0
1586,0.181,1.447,0.000,-144.095,-1.615,1.176,12.0
1587,0.181,1.447,0.000,-144.098,-1.615,1.176,12.0
1588,0.181,1.447,0.000,-144.100,-1.615,1.176,12.0
1589,0.181,1.447,0.000,-144.102,-1.615,1.176,12.0
1590,0.181,1.447,0.000,-144.104,-1.615,1.176,12.0
1591,0.181,1.447,0.000,-144.107,-1.615,1.176,12.0
1592,0.181,1.447,0.000,-144.109,-1.615,1.176,12.0
1593,0.181,1.447,0.000,-144.111,-1.615,1.175,12.0
1594,0.181,1.447,0.000,-144.113,-1.616,1.175,12.0
1595,0.181,1.447,0.000,-144.115,-1.616,1.175,12.0
1596,0.181,1.447,0.000,-144.117,-1.616,1.175,12.0
1597,0.181,1.447,0.000,-144.120,-1.616,1.175,12.0
1598,0.181,1.447,0.000,-144.122,-1.616,1.175,12.0
1599,0.181,1.447,0.000,-144.124,-1.616,1.175,12.0
1600,0.181,1.447,0.000,-144.126,-1.616,1.175,12.0
1601,0.181,1.447,0.000,-144.128,-1.616,1.175,12.0
1602,0.181,1.447,0.000,-144.130,-1.616,1.175,12.0
1603,0.181,1.447,0.000,-144.132,-1.616,1.175,12.0
1604,0.181,1.447,0.000,-144.134,-1.616,1.175,12.0
1605,0.181,1.447,0.000,-144.136,-1.616,1.175,12.0
1606,0.181,1.447,0.000,-144.138,-1.616,1.175,12.0
1607,0.181,1.447,0.000,-144.140,-1.616,1.175,12.0
1608,0.181,1.447,0.000,-144.142,-1.616,1.175,12.0
1609,0.181,1.447,0.000,-144.144,-1.616,1.175,12.0
1610,0.181,1.447,0.000,-144.146,-1.616,1.175,12.0
1611,0.181,1.447,0.000,-144.148,-1.616,1.174,12.0
1612,0.181,1.447,0.000,-144.150,-1.616,1.174,12.0
1613,0.181,1.447,0.000,-144.152,-1.616,1.174,12.0
1614,0.181,1.447,0.000,-144.154,-1.616,1.174,12.0
1615,0.181,1.447,0.000,-144.156,-1.616,1.174,12.0
1616,0.181,1.447,0.000,-144.157,-1.616,1.174,12.0
1617,0.181,1.447,0.000,-144.159,-1.616,1.174,12.0
1618,0.181,1.447,0.000,-144.161,-1.616,1.174,12.0
1619,0.181,1.447,0.000,-144.163,-1.617,1.174,12.0
1620,0.181,1.447,0.000,-144.165,-1.617,1.174,12.0
1621,0.181,1.447,0.000,-144.166,-1.617,1.174,12.0
1622,0.181,1.447,0.000,-144.168,-1.617,1.174,12.0
1623,0.181,1.447,0.000,-144.170,-1.617,1.174,12.0
1624,0.181,1.447,0.000,-144.172,-1.617,1.174,12.0
1625,0.181,1.447,0.000,-144.173,-1.617,1.174,12.0
1626,0.181,1.447,0.000,-144.175,-1.617,1.174,12.0
1627,0.181,1.447,0.000,-144.177,-1.617,1.174,12.0
1628,0.181,1.447,0.000,-144.178,-1.617,1.174,12.0
1629,0.181,1.447,0.000,-144.180,-1.617,1.174,12.0
1630,0.181,1.447,0.000,-144.182,-1.617,1.174,12.0
1631,0.181,1.447,0.000,-144.183,-1.617,1.173,12.0
1632,0.181,1.447,0.000,-144.185,-1.617,1.173,12.0
1633,0.181,1.447,0.000,-144.186,-1.617,1.173,12.0
1634,0.181,1.447,0.000,-144.188,-1.617,1.173,12.0
1635,0.181,1.447,0.000,-144.190,-1.617,1.173,12.0
1636,0.181,1.447,0.000,-144.191,-1.617,1.173,12.0
1637,0.181,1.447,0.000,-144.193,-1.617,1.173,12.0
1638,0.181,1.447,0.000,-144.194,-1.617,1.173,12.0
1639,0.181,1.447,0.000,-144.196,-1.617,1.173,12.0
1640,0.181,1.447,0.000,-144.197,-1.617,1.173,12.0
1641,0.181,1.447,0.000,-144.199,-1.617,1.173,12.0
1642,0.181,1.447,0.000,-144.200,-1.617,1.173,12.0
1643,0.181,1.447,0.000,-144.201,-1.617,1.173,12.0
1644,0.181,1.447,0.000,-144.203,-1.617,1.173,12.0
1645,0.181,1.447,0.000,-144.204,-1.617,1.173,12.0
1646,0.181,1.447,0.000,-144.206,-1.617,1.173,12.0
1647,0.181,1.447,0.000,-144.207,-1.617,1.173,12.0
1648,0.181,1.447,0.000,-144.208,-1.617,1.173,12.0
1649,0.181,1.447,0.000,-144.210,-1.617,1.173,12.0
1650,0.181,1.447,0.000,-144.211,-1.618,1.173,12.0
1651,0.181,1.447,0.000,-144.212,-1.618,1.173,12.0
1652,0.181,1.447,0.000,-144.214,-1.618,1.173,12.0
1653,0.181,1.447,0.000,-144.215,-1.618,1.173,12.0
1654,0.181,1.447,0.000,-144.216,-1.618,1.173,12.0
1655,0.181,1.447,0.000,-144.217,-1.618,1.172,12.0
1656,0.181,1.447,0.000,-144.219,-1.618,1.172,12.0
1657,0.181,1.447,0.000,-144.220,-1.618,1.172,12.0
1658,0.181,1.447,0.000,-144.221,-1.618,1.172,12.0
1659,0.181,1.447,0.000,-144.222,-1.618,1.172,12.0
1660,0.181,1.447,0.000,-144.223,-1.618,1.172,12.0
1661,0.181,1.447,0.000,-144.225,-1.618,1.172,12.0
1662,0.181,1.447,0.000,-144.226,-1.618,1.172,12.0
1663,0.181,1.447,0.000,-144.227,-1.618,1.172,12.0
1664,0.181,1.447,0.000,-144.228,-1.618,1.172,12.0
1665,0.181,1.447,0.000,-144.229,-1.618,1.172,12.0
1666,0.181,1.447,0.000,-144.230,-1.618,1.172,12.0
1667,0.181,1.447,0.000,-144.231,-1.618,1.172,12.0
1668,0.181,1.447,0.000,-144.232,-1.618,1.172,12.0
1669,0.181,1.447,0.000,-144.233,-1.618,1.172,12.0
1670,0.181,1.447,0.000,-144.234,-1.618,1.172,12.0
1671,0.181,1.447,0.000,-144.235,-1.618,1.172,12.0
1672,0.181,1.447,0.000,-144.236,-1.618,1.172,12.0
1673,0.181,1.447,0.000,-144.237,-1.618,1.172,12.0
1674,0.181,1.447,0.000,-144.238,-1.618,1.172,12.0
1675,0.181,1.447,0.000,-144.239,-1.618,1.172,12.0
1676,0.181,1.447,0.000,-144.240,-1.618,1.172,12.0
1677,0.181,1.447,0.000,-144.241,-1.618,1.172,12.0
1678,0.181,1.447,0.000,-144.242,-1.618,1.172,12.0
1679,0.181,1.447,0.000,-144.243,-1.618,1.172,12.0
1680,0.181,1.447,0.000,-144.243,-1.618,1.172,12.0
1681,0.181,1.447,0.000,-144.244,-1.618,1.172,12.0
1682,0.181,1.447,0.000,-144.245,-1.618,1.172,12.0
1683,0.181,1.447,0.000,-144.246,-1.618,1.172,12.0
1684,0.181,1.447,0.000,-144.247,-1.618,1.172,12.0
1685,0.181,1.447,0.000,-144.247,-1.618,1.172,12.0
1686,0.181,1.447,0.000,-144.248,-1.618,1.172,12.0
1687,0.181,1.447,0.000,-144.249,-1.618,1.172,12.0
1688,0.181,1.447,0.000,-144.250,-1.618,1.172,12.0
1689,0.181,1.447,0.000,-144.250,-1.618,1.172,12.0
1690,0.181,1.447,0.000,-144.251,-1.618,1.172,12.0
1691,0.181,1.447,0.000,-144.252,-1.618,1.172,12.0
1692,0.181,1.447,0.000,-144.252,-1.618,1.172,12.0
1693,0.181,1.447,0.000,-144.253,-1.618,1.171,12.0
1694,0.181,1.447,0.000,-144.253,-1.618,1.171,12.0
1695,0.181,1.447,0.000,-144.254,-1.618,1.171,12.0
1696,0.181,1.447,0.000,-144.255,-1.618,1.171,12.0
1697,0.181,1.447,0.000,-144.255,-1.618,1.171,12.0
1698,0.181,1.447,0.000,-144.256,-1.618,1.171,12.0
1699,0.181,1.447,0.000,-144.256,-1.618,1.171,12.0
1700,0.181,1.447,0.000,-144.257,-1.618,1.171,12.0
1701,0.181,1.447,0.000,-144.257,-1.618,1.171,12.0
1702,0.181,1.447,0.000,-144.258,-1.618,1.171,12.0
1703,0.181,1.447,0.000,-144.258,-1.618,1.171,12.0
1704,0.181,1.447,0.000,-144.259,-1.618,1.171,12.0
1705,0.181,1.447,0.000,-144.259,-1.618,1.171,12.0
1706,0.181,1.447,0.000,-144.260,-1.619,1.171,12.0
1707,0.181,1.447,0.000,-144.260,-1.619,1.171,12.0
1708,0.181,1.447,0.000,-144.261,-1.619,1.171,12.0
1709,0.181,1.447,0.000,-144.261,-1.619,1.171,12.0
1710,0.181,1.447,0.000,-144.261,-1.619,1.171,12.0
1711,0.181,1.447,0.000,-144.262,-1.619,1.171,12.0
1712,0.181,1.447,0.000,-144.262,-1.619,1.171,12.0
1713,0.181,1.447,0.000,-144.262,-1.619,1.171,12.0
1714,0.181,1.447,0.000,-144.263,-1.619,1.171,12.0
1715,0.181,1.447,0.000,-144.263,-1.619,1.171,12.0
1716,0.181,1.447,0.000,-144.263,-1.619,1.171,12.0
1717,0.181,1.447,0.000,-144.263,-1.619,1.171,12.0
1718,0.181,1.447,0.000,-144.264,-1.619,1.171,12.0
1719,0.181,1.447,0.000,-144.264,-1.619,1.171,12.0
1720,0.181,1.447,0.000,-144.264,-1.619,1.171,12.0
1721,0.181,1.447,0.000,-144.264,-1.619,1.171,12.0
1722,0.181,1.447,0.000,-144.265,-1.619,1.171,12.0
1723,0.181,1.447,0.000,-144.265,-1.619,1.171,12.0
1724,0.181,1.447,0.000,-144.265,-1.619,1.171,12.0
1725,0.181,1.447,0.000,-144.265,-1.619,1.171,12.0
1726,0.181,1.447,0.000,-144.265,-1.619,1.171,12.0
1727,0.181,1.447,0.000,-144.265,-1.619,1.171,12.0
1728,0.181,1.447,0.000,-144.265,-1.619,1.171,12.0
1729,0.181,1.447,0.000,-144.265,-1.619,1.171,12.0
1730,0.181,1.447,0.000,-144.266,-1.619,1.171,12.0
1731,0.181,1.447,0.000,-144.266,-1.619,1.171,12.0
1732,0.181,1.447,0.000,-144.266,-1.619,1.171,12.0
1733,0.181,1.447,0.000,-144.266,-1.619,1.171,12.0
1734,0.181,1.447,0.000,-144.266,-1.619,1.171,12.0
1735,0.181,1.447,0.000,-144.266,-1.619,1.171,12.0
1736,0.181,1.447,0.000,-144.266,-1.619,1.171,12.0
1737,0.181,1.447,0.000,-144.266,-1.619,1.171,12.0
1738,0.181,1.447,0.000,-144.266,-1.619,1.171,12.0
1739,0.181,1.447,0.000,-144.266,-1.619,1.171,12.0
1740,0.181,1.447,0.000,-144.266,-1.619,1.171,12.0
1741,0.181,1.447,0.000,-144.266,-1.619,1.171,12.0
1742,0.181,1.447,0.000,-144.265,-1.619,1.171,12.0
1743,0.181,1.447,0.000,-144.265,-1.619,1.171,12.0
1744,0.181,1.447,0.000,-144.265,-1.619,1.171,12.0
1745,0.181,1.447,0.000,-144.265,-1.619,1.171,12.0
1746,0.181,1.447,0.000,-144.265,-1.619,1.171,12.0
1747,0.181,1.447,0.000,-144.265,-1.619,1.171,12.0
1748,0.181,1.447,0.000,-144.265,-1.619,1.171,12.0
1749,0.181,1.447,0.000,-144.265,-1.619,1.171,12.0
1750,0.181,1.447,0.000,-144.264,-1.619,1.171,12.0
1751,0.181,1.447,0.000,-144.264,-1.619,1.171,12.0
1752,0.181,1.447,0.000,-144.264,-1.619,1.171,12.0
1753,0.181,1.447,0.000,-144.264,-1.619,1.171,12.0
1754,0.181,1.447,0.000,-144.264,-1.619,1.171,12.0
1755,0.181,1.447,0.000,-144.263,-1.619,1.171,12.0
1756,0.181,1.447,0.000,-144.263,-1.619,1.171,12.0
1757,0.181,1.447,0.000,-144.263,-1.619,1.171,12.0
1758,0.181,1.447,0.000,-144.263,-1.619,1.171,12.0
1759,0.181,1.447,0.000,-144.262,-1.619,1.171,12.0
1760,0.181,1.447,0.000,-144.262,-1.619,1.171,12.0
1761,0.181,1.447,0.000,-144.262,-1.619,1.171,12.0
1762,0.181,1.447,0.000,-144.262,-1.619,1.171,12.0
1763,0.181,1.447,0.000,-144.261,-1.619,1.171,12.0
1764,0.181,1.447,0.000,-144.261,-1.619,1.171,12.0
1765,0.181,1.447,0.000,-144.261,-1.619,1.171,12.0
1766,0.181,1.447,0.000,-144.260,-1.619,1.171,12.0
1767,0.181,1.447,0.000,-144.260,-1.619,1.171,12.0
1768,0.181,1.447,0.000,-144.260,-1.618,1.171,12.0
1769,0.181,1.447,0.000,-144.259,-1.618,1.171,12.0
1770,0.181,1.447,0.000,-144.259,-1.618,1.171,12.0
1771,0.181,1.447,0.000,-144.259,-1.618,1.171,12.0
1772,0.181,1.447,0.000,-144.258,-1.618,1.171,12.0
1773,0.181,1.447,0.000,-144.258,-1.618,1.171,12.0
1774,0.181,1.447,0.000,-144.257,-1.618,1.171,12.0
1775,0.181,1.447,0.000,-144.257,-1.618,1.171,12.0
1776,0.181,1.447,0.000,-144.257,-1.618,1.171,12.0
1777,0.181,1.447,0.000,-144.256,-1.618,1.171,12.0
1778,0.181,1.447,0.000,-144.256,-1.618,1.171,12.0
1779,0.181,1.447,0.000,-144.255,-1.618,1.171,12.0
1780,0.181,1.447,0.000,-144.255,-1.618,1.171,12.0
1781,0.181,1.447,0.000,-144.254,-1.618,1.171,12.0
1782,0.181,1.447,0.000,-144.254,-1.618,1.171,12.0
1783,0.181,1.447,0.000,-144.254,-1.618,1.171,12.0
1784,0.181,1.447,0.000,-144.253,-1.618,1.171,12.0
1785,0.181,1.447,0.000,-144.253,-1.618,1.172,12.0
1786,0.181,1.447,0.000,-144.252,-1.618,1.172,12.0
1787,0.181,1.447,0.000,-144.252,-1.618,1.172,12.0
1788,0.181,1.447,0.000,-144.251,-1.618,1.172,12.0
1789,0.181,1.447,0.000,-144.251,-1.618,1.172,12.0
1790,0.181,1.447,0.000,-144.250,-1.618,1.172,12.0
1791,0.181,1.447,0.000,-144.250,-1.618,1.172,12.0
1792,0.181,1.447,0.000,-144.249,-1.618,1.172,12.0
1793,0.181,1.447,0.000,-144.249,-1.618,1.172,12.0
1794,0.181,1.447,0.000,-144.248,-1.618,1.172,12.0
1795,0.181,1.447,0.000,-144.248,-1.618,1.172,12.0
1796,0.181,1.447,0.000,-144.247,-1.618,1.172,12.0
1797,0.181,1.447,0.000,-144.247,-1.618,1.172,12.0
1798,0.181,1.447,0.000,-144.246,-1.618,1.172,12.0
1799,0.181,1.447,0.000,-144.246,-1.618,1.172,12.0
1800,0.181,1.447,0.000,-144.245,-1.618,1.172,12.0
1801,0.181,1.447,0.000,-144.245,-1.618,1.172,12.0
1802,0.181,1.447,0.000,-144.244,-1.618,1.172,12.0
1803,0.181,1.447,0.000,-144.244,-1.618,1.172,12.0
1804,0.181,1.447,0.000,-144.243,-1.618,1.172,12.0
1805,0.181,1.447,0.000,-144.243,-1.618,1.172,12.0
1806,0.181,1.447,0.000,-144.242,-1.618,1.172,12.0
1807,0.181,1.447,0.000,-144.242,-1.618,1.172,12.0
1808,0.181,1.447,0.000,-144.241,-1.618,1.172,12.0
1809,0.181,1.447,0.000,-144.241,-1.618,1.172,12.0
1810,0.181,1.447,0.000,-144.240,-1.618,1.172,12.0
1811,0.181,1.447,0.000,-144.240,-1.618,1.172,12.0
1812,0.181,1.447,0.000,-144.240,-1.618,1.172,12.0
1813,0.181,1.447,0.000,-144.239,-1.618,1.172,12.0
1814,0.181,1.447,0.000,-144.239,-1.618,1.172,12.0
1815,0.181,1.447,0.000,-144.238,-1.618,1.172,12.0
1816,0.181,1.447,0.000,-144.238,-1.618,1.172,12.0
1817,0.181,1.447,0.000,-144.237,-1.618,1.172,12.0
1818,0.181,1.447,0.000,-144.237,-1.618,1.172,12.0
1819,0.181,1.447,0.000,-144.237,-1.618,1.172,12.0
1820,0.181,1.447,0.000,-144.236,-1.618,1.172,12.0
1821,0.181,1.447,0.000,-144.236,-1.618,1.172,12.0
1822,0.181,1.447,0.000,-144.236,-1.618,1.172,12.0
1823,0.181,1.447,0.000,-144.235,-1.618,1.172,12.0
1824,0.181,1.447,0.000,-144.235,-1.618,1.172,12.0
1825,0.181,1.447,0.000,-144.235,-1.618,1.172,12.0
1826,0.181,1.447,0.000,-144.234,-1.618,1.172,12.0
1827,0.181,1.447,0.000,-144.234,-1.618,1.172,12.0
1828,0.181,1.447,0.000,-144.234,-1.618,1.172,12.0
1829,0.181,1.447,0.000,-144.234,-1.618,1.172,12.0
1830,0.181,1.447,0.000,-144.233,-1.618,1.172,12.0
1831,0.181,1.447,0.000,-144.233,-1.618,1.172,12.0
1832,0.181,1.447,0.000,-144.233,-1.618,1.172,12.0
1833,0.181,1.447,0.000,-144.233,-1.618,1.172,12.0
1834,0.181,1.447,0.000,-144.233,-1.618,1.172,12.0
1835,0.181,1.447,0.000,-144.232,-1.618,1.172,12.0
1836,0.181,1.447,0.000,-144.232,-1.618,1.172,12.0
1837,0.181,1.447,0.000,-144.232,-1.618,1.172,12.0
1838,0.181,1.447,0.000,-144.232,-1.618,1.172,12.0
1839,0.181,1.447,0.000,-144.232,-1.618,1.172,12.0
1840,0.181,1.447,0.000,-144.232,-1.618,1.172,12.0
1841,0.181,1.447,0.000,-144.232,-1.618,1.172,12.0
1842,0.181,1.447,0.000,-144.232,-1.618,1.172,12.0
1843,0.181,1.447,0.000,-144.231,-1.618,1.172,12.0
1844,0.181,1.447,0.000,-144.231,-1.618,1.172,12.0
1845,0.181,1.447,0.000,-144.231,-1.618,1.172,12.0
1846,0.181,1.447,0.000,-144.231,-1.618,1.172,12.0
1847,0.181,1.447,0.000,-144.231,-1.618,1.172,12.0
1848,0.181,1.447,0.000,-144.231,-1.618,1.172,12.0
1849,0.181,1.447,0.000,-144.231,-1.618,1.172,12.0
1850,0.181,1.447,0.000,-144.231,-1.618,1.172,12.0
1851,0.181,1.447,0.000,-144.231,-1.618,1.172,12.0
1852,0.181,1.447,0.000,-144.231,-1.618,1.172,12.0
1853,0.181,1.447,0.000,-144.231,-1.618,1.172,12.0
1854,0.181,1.447,0.000,-144.231,-1.618,1.172,12.0
1855,0.181,1.447,0.000,-144.231,-1.618,1.172,12.0
1856,0.181,1.447,0.000,-144.231,-1.618,1.172,12.0
1857,0.181,1.447,0.000,-144.231,-1.618,1.172,12.0
1858,0.181,1.447,0.000,-144.232,-1.618,1.172,12.0
1859,0.181,1.447,0.000,-144.232,-1.618,1.172,12.0
1860,0.181,1.447,0.000,-144.232,-1.618,1.172,12.0
1861,0.181,1.447,0.000,-144.232,-1.618,1.172,12.0
1862,0.181,1.447,0.000,-144.232,-1.618,1.172,12.0
1863,0.181,1.447,0.000,-144.232,-1.618,1.172,12.0
1864,0.181,1.447,0.000,-144.232,-1.618,1.172,12.0
1865,0.181,1.447,0.000,-144.232,-1.618,1.172,12.0
1866,0.181,1.447,0.000,-144.232,-1.618,1.172,12.0
1867,0.181,1.447,0.000,-144.233,-1.618,1.172,12.0
1868,0.181,1.447,0.000,-144.233,-1.618,1.172,12.0
1869,0.181,1.447,0.000,-144.233,-1.618,1.172,12.0
1870,0.181,1.447,0.000,-144.233,-1.618,1.172,12.0
1871,0.181,1.447,0.000,-144.233,-1.618,1.172,12.0
1872,0.181,1.447,0.000,-144.233,-1.618,1.172,12.0
1873,0.181,1.447,0.000,-144.234,-1.618,1.172,12.0
1874,0.181,1.447,0.000,-144.234,-1.618,1.172,12.0
1875,0.181,1.447,0.000,-144.234,-1.618,1.172,12.0
1876,0.181,1.447,0.000,-144.234,-1.618,1.172,12.0
1877,0.181,1.447,0.000,-144.234,-1.618,1.172,12.0
1878,0.181,1.447,0.000,-144.235,-1.618,1.172,12.0
1879,0.181,1.447,0.000,-144.235,-1.618,1.172,12.0
1880,0.181,1.447,0.000,-144.235,-1.618,1.172,12.0
1881,0.181,1.447,0.000,-144.235,-1.618,1.172,12.0
1882,0.181,1.447,0.000,-144.235,-1.618,1.172,12.0
1883,0.181,1.447,0.000,-144.236,-1.618,1.172,12.0
1884,0.181,1.447,0.000,-144.236,-1.618,1.172,12.0
1885,0.181,1.447,0.000,-144.236,-1.618,1.172,12.0
1886,0.181,1.447,0.000,-144.236,-1.618,1.172,12.0
1887,0.181,1.447,0.000,-144.237,-1.618,1.172,12.0
1888,0.181,1.447,0.000,-144.237,-1.618,1.172,12.0
1889,0.181,1.447,0.000,-144.237,-1.618,1.172,12.0
1890,0.181,1.447,0.000,-144.237,-1.618,1.172,12.0
1891,0.181,1.447,0.000,-144.238,-1.618,1.172,12.0
1892,0.181,1.447,0.000,-144.238,-1.618,1.172,12.0
1893,0.181,1.447,0.000,-144.238,-1.618,1.172,12.0
1894,0.181,1.447,0.000,-144.239,-1.618,1.172,12.0
1895,0.181,1.447,0.000,-144.239,-1.618,1.172,12.0
1896,0.181,1.447,0.000,-144.239,-1.618,1.172,12.0
1897,0.181,1.447,0.000,-144.240,-1.618,1.172,12.0
1898,0.181,1.447,0.000,-144.240,-1.618,1.172,12.0
1899,0.181,1.447,0.000,-144.240,-1.618,1.172,12.0
1900,0.181,1.447,0.000,-144.241,-1.618,1.172,12.0
1901,0.181,1.447,0.000,-144.241,-1.618,1.172,12.0
1902,0.181,1.447,0.000,-144.241,-1.618,1.172,12.0
1903,0.181,1.447,0.000,-144.242,-1.618,1.172,12.0
1904,0.181,1.447,0.000,-144.242,-1.618,1.172,12.0
1905,0.181,1.447,0.000,-144.242,-1.618,1.172,12.0
1906,0.181,1.447,0.000,-144.243,-1.618,1.172,12.0
1907,0.181,1.447,0.000,-144.243,-1.618,1.172,12.0
1908,0.181,1.447,0.000,-144.243,-1.618,1.172,12.0
1909,0.181,1.447,0.000,-144.244,-1.618,1.172,12.0
1910,0.181,1.447,0.000,-144.244,-1.618,1.172,12.0
1911,0.181,1.447,0.000,-144.244,-1.618,1.172,12.0
1912,0.181,1.447,0.000,-144.245,-1.618,1.172,12.0
1913,0.181,1.447,0.000,-144.245,-1.618,1.172,12.0
1914,0.181,1.447,0.000,-144.245,-1.618,1.172,12.0
1915,0.181,1.447,0.000,-144.246,-1.618,1.172,12.0
1916,0.181,1.447,0.000,-144.246,-1.618,1.172,12.0
1917,0.181,1.447,0.000,-144.247,-1.618,1.172,12.0
1918,0.181,1.447,0.000,-144.247,-1.618,1.172,12.0
1919,0.181,1.447,0.000,-144.247,-1.618,1.172,12.0
1920,0.181,1.447,0.000,-144.248,-1.618,1.172,12.0
1921,0.181,1.447,0.000,-144.248,-1.618,1.172,12.0
1922,0.181,1.447,0.000,-144.249,-1.618,1.172,12.0
1923,0.181,1.447,0.000,-144.249,-1.618,1.172,12.0
1924,0.181,1.447,0.000,-144.249,-1.618,1.172,12.0
1925,0.181,1.447,0.000,-144.250,-1.618,1.172,12.0
1926,0.181,1.447,0.000,-144.250,-1.618,1.172,12.0
1927,0.181,1.447,0.000,-144.251,-1.618,1.172,12.0
1928,0.181,1.447,0.000,-144.251,-1.618,1.172,12.0
1929,0.181,1.447,0.000,-144.251,-1.618,1.172,12.0
1930,0.181,1.447,0.000,-144.252,-1.618,1.172,12.0
1931,0.181,1.447,0.000,-144.252,-1.618,1.172,12.0
1932,0.181,1.447,0.000,-144.253,-1.618,1.171,12.0
1933,0.181,1.447,0.000,-144.253,-1.618,1.171,12.0
1934,0.181,1.447,0.000,-144.254,-1.618,1.171,12.0
1935,0.181,1.447,0.000,-144.254,-1.618,1.171,12.0
1936,0.181,1.447,0.000,-144.255,-1.618,1.171,12.0
1937,0.181,1.447,0.000,-144.255,-1.618,1.171,12.0
1938,0.181,1.447,0.000,-144.255,-1.618,1.171,12.0
1939,0.181,1.447,0.000,-144.256,-1.618,1.171,12.0
1940,0.181,1.447,0.000,-144.256,-1.618,1.171,12.0
1941,0.181,1.447,0.000,-144.257,-1.618,1.171,12.0
1942,0.181,1.447,0.000,-144.257,-1.618,1.171,12.0
1943,0.181,1.447,0.000,-144.258,-1.618,1.171,12.0
1944,0.181,1.447,0.000,-144.258,-1.618,1.171,12.0
1945,0.181,1.447,0.000,-144.259,-1.618,1.171,12.0
1946,0.181,1.447,0.000,-144.259,-1.618,1.171,12.0
1947,0.181,1.447,0.000,-144.260,-1.618,1.171,12.0
1948,0.181,1.447,0.000,-144.260,-1.619,1.171,12.0
1949,0.181,1.447,0.000,-144.260,-1.619,1.171,12.0
1950,0.181,1.447,0.000,-144.261,-1.619,1.171,12.0
1951,0.181,1.447,0.000,-144.261,-1.619,1.171,12.0
1952,0.181,1.447,0.000,-144.262,-1.619,1.171,12.0
1953,0.181,1.447,0.000,-144.262,-1.619,1.171,12.0
1954,0.181,1.447,0.000,-144.263,-1.619,1.171,12.0
1955,0.181,1.447,0.000,-144.263,-1.619,1.171,12.0
1956,0.181,1.447,0.000,-144.264,-1.619,1.171,12.0
1957,0.181,1.447,0.000,-144.264,-1.619,1.171,12.0
1958,0.181,1.447,0.000,-144.265,-1.619,1.171,12.0
1959,0.181,1.447,0.000,-144.265,-1.619,1.171,12.0
1960,0.181,1.447,0.000,-144.266,-1.619,1.171,12.0
1961,0.181,1.447,0.000,-144.266,-1.619,1.171,12.0
1962,0.181,1.447,0.000,-144.267,-1.619,1.171,12.0
1963,0.181,1.447,0.000,-144.267,-1.619,1.171,12.0
1964,0.181,1.447,0.000,-144.268,-1.619,1.171,12.0
1965,0.181,1.447,0.000,-144.268,-1.619,1.171,12.0
1966,0.181,1.447,0.000,-144.269,-1.619,1.171,12.0
1967,0.181,1.447,0.000,-144.269,-1.619,1.171,12.0
1968,0.181,1.447,0.000,-144.270,-1.619,1.171,12.0
1969,0.181,1.447,0.000,-144.270,-1.619,1.171,12.0
1970,0.181,1.447,0.000,-144.271,-1.619,1.171,12.0
1971,0.181,1.447,0.000,-144.271,-1.619,1.171,12.0
1972,0.181,1.447,0.000,-144.272,-1.619,1.171,12.0
1973,0.181,1.447,0.000,-144.272,-1.619,1.171,12.0
1974,0.181,1.447,0.000,-144.273,-1.619,1.171,12.0
1975,0.181,1.447,0.000,-144.273,-1.619,1.171,12.0
1976,0.181,1.447,0.000,-144.274,-1.619,1.171,12.0
1977,0.181,1.447,0.000,-144.274,-1.619,1.171,12.0
1978,0.181,1.447,0.000,-144.275,-1.619,1.171,12.0
1979,0.181,1.447,0.000,-144.275,-1.619,1.171,12.0
1980,0.181,1.447,0.000,-144.276,-1.619,1.171,12.0
1981,0.181,1.447,0.000,-144.276,-1.619,1.171,12.0
1982,0.181,1.447,0.000,-144.277,-1.619,1.171,12.0
1983,0.181,1.447,0.000,-144.277,-1.619,1.171,12.0
1984,0.181,1.447,0.000,-144.278,-1.619,1.171,12.0
1985,0.181,1.447,0.000,-144.278,-1.619,1.171,12.0
1986,0.181,1.447,0.000,-144.279,-1.619,1.171,12.0
1987,0.181,1.447,0.000,-144.279,-1.619,1.171,12.0
1988,0.181,1.447,0.000,-144.280,-1.619,1.171,12.0
1989,0.181,1.447,0.000,-144.280,-1.619,1.171,12.0
1990,0.181,1.447,0.000,-144.281,-1.619,1.171,12.0
1991,0.181,1.447,0.000,-144.281,-1.619,1.171,12.0
1992,0.181,1.447,0.000,-144.282,-1.619,1.171,12.0
1993,0.181,1.447,0.000,-144.282,-1.619,1.171,12.0
1994,0.181,1.447,0.000,-144.283,-1.619,1.171,12.0
1995,0.181,1.447,0.000,-144.283,-1.619,1.171,12.0
1996,0.181,1.447,0.000,-144.284,-1.619,1.171,12.0
1997,0.181,1.447,0.000,-144.284,-1.619,1.171,12.0
1998,0.181,1.447,0.000,-144.285,-1.619,1.171,12.0
1999,0.181,1.447,0.000,-144.285,-1.619,1.171,12.0
2000,0.181,1.447,0.000,-144.286,-1.619,1.171,12.0
2001,0.181,1.447,0.000,-144.286,-1.619,1.171,12.0
2002,0.181,1.447,0.000,-144.287,-1.619,1.171,12.0
2003,0.181,1.447,0.000,-144.287,-1.619,1.171,12.0
2004,0.181,1.447,0.000,-144.288,-1.619,1.171,12.0
2005,0.181,1.447,0.000,-144.288,-1.619,1.170,12.0
2006,0.181,1.447,0.000,-144.289,-1.619,1.170,12.0
2007,0.181,1.447,0.000,-144.289,-1.619,1.170,12.0
2008,0.181,1.447,0.000,-144.290,-1.619,1.170,12.0
2009,0.181,1.447,0.000,-144.290,-1.619,1.170,12.0
2010,0.181,1.447,0.000,-144.291,-1.619,1.170,12.0
2011,0.181,1.447,0.000,-144.291,-1.619,1.170,12.0
2012,0.181,1.447,0.000,-144.292,-1.619,1.170,12.0
2013,0.181,1.447,0.000,-144.292,-1.619,1.170,12.0
2014,0.181,1.447,0.000,-144.293,-1.619,1.170,12.0
2015,0.181,1.447,0.000,-144.293,-1.619,1.170,12.0
2016,0.181,1.447,0.000,-144.294,-1.619,1.170,12.0
2017,0.181,1.447,0.000,-144.294,-1.619,1.170,12.0
2018,0.181,1.447,0.000,-144.295,-1.619,1.170,12.0
2019,0.181,1.447,0.000,-144.295,-1.619,1.170,12.0
2020,0.181,1.447,0.000,-144.296,-1.619,1.170,12.0
2021,0.181,1.447,0.000,-144.296,-1.619,1.170,12.0
2022,0.181,1.447,0.000,-144.297,-1.619,1.170,12.0
2023,0.181,1.447,0.000,-144.297,-1.619,1.170,12.0
2024,0.181,1.447,0.000,-144.298,-1.619,1.170,12.0
2025,0.181,1.447,0.000,-144.298,-1.619,1.170,12.0
2026,0.181,1.447,0.000,-144.299,-1.619,1.170,12.0
2027,0.181,1.447,0.000,-144.299,-1.619,1.170,12.0
2028,0.181,1.447,0.000,-144.299,-1.619,1.170,12.0
2029,0.181,1.447,0.000,-144.300,-1.619,1.170,12.0
2030,0.181,1.447,0.000,-144.300,-1.619,1.170,12.0
2031,0.181,1.447,0.000,-144.301,-1.619,1.170,12.0
2032,0.181,1.447,0.000,-144.301,-1.619,1.170,12.0
2033,0.181,1.447,0.000,-144.302,-1.619,1.170,12.0
2034,0.181,1.447,0.000,-144.302,-1.619,1.170,12.0
2035,0.181,1.447,0.000,-144.302,-1.619,1.170,12.0
2036,0.181,1.447,0.000,-144.303,-1.619,1.170,12.0
2037,0.181,1.447,0.000,-144.303,-1.619,1.170,12.0
2038,0.181,1.447,0.000,-144.304,-1.619,1.170,12.0
2039,0.181,1.447,0.000,-144.304,-1.619,1.170,12.0
2040,0.181,1.447,0.000,-144.304,-1.619,1.170,12.0
2041,0.181,1.447,0.000,-144.305,-1.619,1.170,12.0
2042,0.181,1.447,0.000,-144.305,-1.619,1.170,12.0
2043,0.181,1.447,0.000,-144.305,-1.619,1.170,12.0
2044,0.181,1.447,0.000,-144.306,-1.619,1.170,12.0
2045,0.181,1.447,0.000,-144.306,-1.619,1.170,12.0
2046,0.181,1.447,0.000,-144.307,-1.619,1.170,12.0
2047,0.181,1.447,0.000,-144.307,-1.619,1.170,12.0
2048,0.181,1.447,0.000,-144.307,-1.619,1.170,12.0
2049,0.181,1.447,0.000,-144.308,-1.619,1.170,12.0
2050,0.181,1.447,0.000,-144.308,-1.619,1.170,12.0
2051,0.181,1.447,0.000,-144.308,-1.619,1.170,12.0
2052,0.181,1.447,0.000,-144.308,-1.619,1.170,12.0
2053,0.181,1.447,0.000,-144.309,-1.620,1.170,12.0
2054,0.181,1.447,0.000,-144.309,-1.620,1.170,12.0
2055,0.181,1.447,0.000,-144.309,-1.620,1.170,12.0
2056,0.181,1.447,0.000,-144.310,-1.620,1.170,12.0
2057,0.181,1.447,0.000,-144.310,-1.620,1.170,12.0
2058,0.181,1.447,0.000,-144.310,-1.620,1.170,12.0
2059,0.181,1.447,0.000,-144.310,-1.620,1.170,12.0
2060,0.181,1.447,0.000,-144.311,-1.620,1.170,12.0
2061,0.181,1.447,0.000,-144.311,-1.620,1.170,12.0
2062,0.181,1.447,0.000,-144.311,-1.620,1.170,12.0
2063,0.181,1.447,0.000,-144.311,-1.620,1.170,12.0
2064,0.181,1.447,0.000,-144.311,-1.620,1.170,12.0
2065,0.181,1.447,0.000,-144.312,-1.620,1.170,12.0
2066,0.181,1.447,0.000,-144.312,-1.620,1.170,12.0
2067,0.181,1.447,0.000,-144.312,-1.620,1.170,12.0
2068,0.181,1.447,0.000,-144.312,-1.620,1.170,12.0
2069,0.181,1.447,0.000,-144.312,-1.620,1.170,12.0
2070,0.181,1.447,0.000,-144.312,-1.620,1.170,12.0
2071,0.181,1.447,0.000,-144.312,-1.620,1.170,12.0
2072,0.181,1.447,0.000,-144.312,-1.620,1.170,12.0
2073,0.181,1.447,0.000,-144.313,-1.620,1.170,12.0
2074,0.181,1.447,0.000,-144.313,-1.620,1.170,12.0
2075,0.181,1.447,0.000,-144.313,-1.620,1.170,12.0
2076,0.181,1.447,0.000,-144.313,-1.620,1.170,12.0
2077,0.181,1.447,0.000,-144.313,-1.620,1.170,12.0
2078,0.181,1.447,0.000,-144.313,-1.620,1.170,12.0
2079,0.181,1.447,0.000,-144.313,-1.620,1.170,12.0
2080,0.181,1.447,0.000,-144.313,-1.620,1.170,12.0
2081,0.181,1.447,0.000,-144.313,-1.620,1.170,12.0
2082,0.181,1.447,0.000,-144.313,-1.620,1.170,12.0
2083,0.181,1.447,0.000,-144.313,-1.620,1.170,12.0
2084,0.181,1.447,0.000,-144.313,-1.620,1.170,12.0
2085,0.181,1.447,0.000,-144.313,-1.620,1.170,12.0
2086,0.181,1.447,0.000,-144.313,-1.620,1.170,12.0
2087,0.181,1.447,0.000,-144.313,-1.620,1.170,12.0
2088,0.181,1.447,0.000,-144.313,-1.620,1.170,12.0
2089,0.181,1.447,0.000,-144.313,-1.620,1.170,12.0
2090,0.181,1.447,0.000,-144.312,-1.620,1.170,12.0
2091,0.181,1.447,0.000,-144.312,-1.620,1.170,12.0
2092,0.181,1.447,0.000,-144.312,-1.620,1.170,12.0
2093,0.181,1.447,0.000,-144.312,-1.620,1.170,12.0
2094,0.181,1.447,0.000,-144.312,-1.620,1.170,12.0
2095,0.181,1.447,0.000,-144.312,-1.620,1.170,12.0
2096,0.181,1.447,0.000,-144.311,-1.620,1.170,12.0
2097,0.181,1.447,0.000,-144.311,-1.620,1.170,12.0
2098,0.181,1.447,0.000,-144.311,-1.620,1.170,12.0
2099,0.181,1.447,0.000,-144.311,-1.620,1.170,12.0
2100,0.181,1.447,0.000,-144.311,-1.620,1.170,12.0
2101,0.181,1.447,0.000,-144.310,-1.620,1.170,12.0
2102,0.181,1.447,0.000,-144.310,-1.620,1.170,12.0
2103,0.181,1.447,0.000,-144.310,-1.620,1.170,12.0
2104,0.181,1.447,0.000,-144.310,-1.620,1.170,12.0
2105,0.181,1.447,0.000,-144.309,-1.620,1.170,12.0
2106,0.181,1.447,0.000,-144.309,-1.620,1.170,12.0
2107,0.181,1.447,0.000,-144.309,-1.619,1.170,12.0
2108,0.181,1.447,0.000,-144.308,-1.619,1.170,12.0
2109,0.181,1.447,0.000,-144.308,-1.619,1.170,12.0
2110,0.181,1.447,0.000,-144.307,-1.619,1.170,12.0
2111,0.181,1.447,0.000,-144.307,-1.619,1.170,12.0
2112,0.181,1.447,0.000,-144.307,-1.619,1.170,12.0
2113,0.181,1.447,0.000,-144.306,-1.619,1.170,12.0
2114,0.181,1.447,0.000,-144.306,-1.619,1.170,12.0
2115,0.181,1.447,0.000,-144.305,-1.619,1.170,12.0
2116,0.181,1.447,0.000,-144.305,-1.619,1.170,12.0
2117,0.181,1.447,0.000,-144.304,-1.619,1.170,12.0
2118,0.181,1.447,0.000,-144.304,-1.619,1.170,12.0
2119,0.181,1.447,0.000,-144.303,-1.619,1.170,12.0
2120,0.181,1.447,0.000,-144.303,-1.619,1.170,12.0
2121,0.181,1.447,0.000,-144.302,-1.619,1.170,12.0
2122,0.181,1.447,0.000,-144.302,-1.619,1.170,12.0
2123,0.181,1.447,0.000,-144.301,-1.619,1.170,12.0
2124,0.181,1.447,0.000,-144.301,-1.619,1.170,12.0
2125,0.181,1.447,0.000,-144.300,-1.619,1.170,12.0
2126,0.181,1.447,0.000,-144.299,-1.619,1.170,12.0
2127,0.181,1.447,0.000,-144.299,-1.619,1.170,12.0
2128,0.181,1.447,0.000,-144.298,-1.619,1.170,12.0
2129,0.181,1.447,0.000,-144.297,-1.619,1.170,12.0
2130,0.181,1.447,0.000,-144.297,-1.619,1.170,12.0
2131,0.181,1.447,0.000,-144.296,-1.619,1.170,12.0
2132,0.181,1.447,0.000,-144.295,-1.619,1.170,12.0
2133,0.181,1.447,0.000,-144.295,-1.619,1.170,12.0
2134,0.181,1.447,0.000,-144.294,-1.619,1.170,12.0
2135,0.181,1.447,0.000,-144.293,-1.619,1.170,12.0
2136,0.181,1.447,0.000,-144.293,-1.619,1.170,12.0
2137,0.181,1.447,0.000,-144.292,-1.619,1.170,12.0
2138,0.181,1.447,0.000,-144.291,-1.619,1.170,12.0
2139,0.181,1.447,0.000,-144.290,-1.619,1.170,12.0
2140,0.181,1.447,0.000,-144.289,-1.619,1.170,12.0
2141,0.181,1.447,0.000,-144.289,-1.619,1.170,12.0
2142,0.181,1.447,0.000,-144.288,-1.619,1.171,12.0
2143,0.181,1.447,0.000,-144.287,-1.619,1.171,12.0
2144,0.181,1.447,0.000,-144.286,-1.619,1.171,12.0
2145,0.181,1.447,0.000,-144.285,-1.619,1.171,12.0
2146,0.181,1.447,0.000,-144.284,-1.619,1.171,12.0
2147,0.181,1.447,0.000,-144.283,-1.619,1.171,12.0
2148,0.181,1.447,0.000,-144.282,-1.619,1.171,12.0
2149,0.181,1.447,0.000,-144.282,-1.619,1.171,12.0
2150,0.181,1.447,0.000,-144.281,-1.619,1.171,12.0
2151,0.181,1.447,0.000,-144.280,-1.619,1.171,12.0
2152,0.181,1.447,0.000,-144.279,-1.619,1.171,12.0
2153,0.181,1.447,0.000,-144.278,-1.619,1.171,12.0
2154,0.181,1.447,0.000,-144.277,-1.619,1.171,12.0
2155,0.181,1.447,0.000,-144.276,-1.619,1.171,12.0
2156,0.181,1.447,0.000,-144.275,-1.619,1.171,12.0
2157,0.181,1.447,0.000,-144.274,-1.619,1.171,12.0
2158,0.181,1.447,0.000,-144.273,-1.619,1.171,12.0
2159,0.181,1.447,0.000,-144.272,-1.619,1.171,12.0
2160,0.181,1.447,0.000,-144.271,-1.619,1.171,12.0
2161,0.181,1.447,0.000,-144.270,-1.619,1.171,12.0
2162,0.181,1.447,0.000,-144.268,-1.619,1.171,12.0
2163,0.181,1.447,0.000,-144.267,-1.619,1.171,12.0
2164,0.181,1.447,0.000,-144.266,-1.619,1.171,12.0
2165,0.181,1.447,0.000,-144.265,-1.619,1.171,12.0
2166,0.181,1.447,0.000,-144.264,-1.619,1.171,12.0
2167,0.181,1.447,0.000,-144.263,-1.619,1.171,12.0
2168,0.181,1.447,0.000,-144.262,-1.619,1.171,12.0
2169,0.181,1.447,0.000,-144.261,-1.619,1.171,12.0
2170,0.181,1.447,0.000,-144.259,-1.618,1.171,12.0
2171,0.181,1.447,0.000,-144.258,-1.618,1.171,12.0
2172,0.181,1.447,0.000,-144.257,-1.618,1.171,12.0
2173,0.181,1.447,0.000,-144.256,-1.618,1.171,12.0
2174,0.181,1.447,0.000,-144.255,-1.618,1.171,12.0
2175,0.181,1.447,0.000,-144.253,-1.618,1.171,12.0
2176,0.181,1.447,0.000,-144.252,-1.618,1.172,12.0
2177,0.181,1.447,0.000,-144.251,-1.618,1.172,12.0
2178,0.181,1.447,0.000,-144.250,-1.618,1.172,12.0
2179,0.181,1.447,0.000,-144.248,-1.618,1.172,12.0
2180,0.181,1.447,0.000,-144.247,-1.618,1.172,12.0
2181,0.181,1.447,0.000,-144.246,-1.618,1.172,12.0
2182,0.181,1.447,0.000,-144.245,-1.618,1.172,12.0
2183,0.181,1.447,0.000,-144.243,-1.618,1.172,12.0
2184,0.181,1.447,0.000,-144.242,-1.618,1.172,12.0
2185,0.181,1.447,0.000,-144.241,-1.618,1.172,12.0
2186,0.181,1.447,0.000,-144.239,-1.618,1.172,12.0
2187,0.181,1.447,0.000,-144.238,-1.618,1.172,12.0
2188,0.181,1.447,0.000,-144.237,-1.618,1.172,12.0
2189,0.181,1.447,0.000,-144.235,-1.618,1.172,12.0
2190,0.181,1.447,0.000,-144.234,-1.618,1.172,12.0
2191,0.181,1.447,0.000,-144.233,-1.618,1.172,12.0
2192,0.181,1.447,0.000,-144.231,-1.618,1.172,12.0
2193,0.181,1.447,0.000,-144.230,-1.618,1.172,12.0
2194,0.181,1.447,0.000,-144.229,-1.618,1.172,12.0
2195,0.181,1.447,0.000,-144.227,-1.618,1.172,12.0
2196,0.181,1.447,0.000,-144.226,-1.618,1.172,12.0
2197,0.181,1.447,0.000,-144.225,-1.618,1.172,12.0
2198,0.181,1.447,0.000,-144.223,-1.618,1.172,12.0
2199,0.181,1.447,0.000,-144.222,-1.618,1.172,12.0
2200,0.181,1.447,0.000,-144.220,-1.618,1.172,12.0
2201,0.181,1.447,0.000,-144.219,-1.618,1.172,12.0
2202,0.181,1.447,0.000,-144.218,-1.618,1.172,12.0
2203,0.181,1.447,0.000,-144.216,-1.618,1.173,12.0
2204,0.181,1.447,0.000,-144.215,-1.618,1.173,12.0
2205,0.181,1.447,0.000,-144.213,-1.618,1.173,12.0
2206,0.181,1.447,0.000,-144.212,-1.618,1.173,12.0
2207,0.181,1.447,0.000,-144.211,-1.617,1.173,12.0
2208,0.181,1.447,0.000,-144.209,-1.617,1.173,12.0
2209,0.181,1.447,0.000,-144.208,-1.617,1.173,12.0
2210,0.181,1.447,0.000,-144.206,-1.617,1.173,12.0
2211,0.181,1.447,0.000,-144.205,-1.617,1.173,12.0
2212,0.181,1.447,0.000,-144.204,-1.617,1.173,12.0
2213,0.181,1.447,0.000,-144.202,-1.617,1.173,12.0
2214,0.181,1.447,0.000,-144.201,-1.617,1.173,12.0
2215,0.181,1.447,0.000,-144.200,-1.617,1.173,12.0
2216,0.181,1.447,0.000,-144.198,-1.617,1.173,12.0
2217,0.181,1.447,0.000,-144.197,-1.617,1.173,12.0
2218,0.181,1.447,0.000,-144.195,-1.617,1.173,12.0
2219,0.181,1.447,0.000,-144.194,-1.617,1.173,12.0
2220,0.181,1.447,0.000,-144.193,-1.617,1.173,12.0
2221,0.181,1.447,0.000,-144.191,-1.617,1.173,12.0
2222,0.181,1.447,0.000,-144.190,-1.617,1.173,12.0
2223,0.181,1.447,0.000,-144.189,-1.617,1.173,12.0
2224,0.181,1.447,0.000,-144.187,-1.617,1.173,12.0
2225,0.181,1.447,0.000,-144.186,-1.617,1.173,12.0
2226,0.181,1.447,0.000,-144.185,-1.617,1.173,12.0
2227,0.181,1.447,0.000,-144.184,-1.617,1.173,12.0
2228,0.181,1.447,0.000,-144.182,-1.617,1.173,12.0
2229,0.181,1.447,0.000,-144.181,-1.617,1.174,12.0
2230,0.181,1.447,0.000,-144.180,-1.617,1.174,12.0
2231,0.181,1.447,0.000,-144.179,-1.617,1.174,12.0
2232,0.181,1.447,0.000,-144.178,-1.617,1.174,12.0
2233,0.181,1.447,0.000,-144.176,-1.617,1.174,12.0
2234,0.181,1.447,0.000,-144.175,-1.617,1.174,12.0
2235,0.181,1.447,0.000,-144.174,-1.617,1.174,12.0
2236,0.181,1.447,0.000,-144.173,-1.617,1.174,12.0
2237,0.181,1.447,0.000,-144.172,-1.617,1.174,12.0
2238,0.181,1.447,0.000,-144.171,-1.617,1.174,12.0
2239,0.181,1.447,0.000,-144.170,-1.617,1.174,12.0
2240,0.181,1.447,0.000,-144.169,-1.617,1.174,12.0
2241,0.181,1.447,0.000,-144.168,-1.617,1.174,12.0
2242,0.181,1.447,0.000,-144.167,-1.617,1.174,12.0
2243,0.181,1.447,0.000,-144.166,-1.617,1.174,12.0
2244,0.181,1.447,0.000,-144.165,-1.617,1.174,12.0
2245,0.181,1.447,0.000,-144.164,-1.617,1.174,12.0
2246,0.181,1.447,0.000,-144.163,-1.617,1.174,12.0
2247,0.181,1.447,0.000,-144.162,-1.616,1.174,12.0
2248,0.181,1.447,0.000,-144.161,-1.616,1.174,12.0
2249,0.181,1.447,0.000,-144.160,-1.616,1.174,12.0
2250,0.181,1.447,0.000,-144.159,-1.616,1.174,12.0
2251,0.181,1.447,0.000,-144.158,-1.616,1.174,12.0
2252,0.181,1.447,0.000,-144.157,-1.616,1.174,12.0
2253,0.181,1.447,0.000,-144.156,-1.616,1.174,12.0
2254,0.181,1.447,0.000,-144.155,-1.616,1.174,12.0
2255,0.181,1.447,0.000,-144.154,-1.616,1.174,12.0
2256,0.181,1.447,0.000,-144.154,-1.616,1.174,12.0
2257,0.181,1.447,0.000,-144.153,-1.616,1.174,12.0
2258,0.181,1.447,0.000,-144.152,-1.616,1.174,12.0
2259,0.181,1.447,0.000,-144.151,-1.616,1.174,12.0
2260,0.181,1.447,0.000,-144.150,-1.616,1.174,12.0
2261,0.181,1.447,0.000,-144.150,-1.616,1.174,12.0
2262,0.181,1.447,0.000,-144.149,-1.616,1.174,12.0
2263,0.181,1.447,0.000,-144.148,-1.616,1.174,12.0
2264,0.181,1.447,0.000,-144.147,-1.616,1.174,12.0
2265,0.181,1.447,0.000,-144.147,-1.616,1.174,12.0
2266,0.181,1.447,0.000,-144.146,-1.616,1.175,12.0
2267,0.181,1.447,0.000,-144.145,-1.616,1.175,12.0
2268,0.181,1.447,0.000,-144.144,-1.616,1.175,12.0
2269,0.181,1.447,0.000,-144.144,-1.616,1.175,12.0
2270,0.181,1.447,0.000,-144.143,-1.616,1.175,12.0
2271,0.181,1.447,0.000,-144.142,-1.616,1.175,12.0
2272,0.181,1.447,0.000,-144.142,-1.616,1.175,12.0
2273,0.181,1.447,0.000,-144.141,-1.616,1.175,12.0
2274,0.181,1.447,0.000,-144.141,-1.616,1.175,12.0
2275,0.181,1.447,0.000,-144.140,-1.616,1.175,12.0
2276,0.181,1.447,0.000,-144.139,-1.616,1.175,12.0
2277,0.181,1.447,0.000,-144.139,-1.616,1.175,12.0
2278,0.181,1.447,0.000,-144.138,-1.616,1.175,12.0
2279,0.181,1.447,0.000,-144.138,-1.616,1.175,12.0
2280,0.181,1.447,0.000,-144.137,-1.616,1.175,12.0
2281,0.181,1.447,0.000,-144.136,-1.616,1.175,12.0
2282,0.181,1.447,0.000,-144.136,-1.616,1.175,12.0
2283,0.181,1.447,0.000,-144.135,-1.616,1.175,12.0
2284,0.181,1.447,0.000,-144.135,-1.616,1.175,12.0
2285,0.181,1.447,0.000,-144.134,-1.616,1.175,12.0
2286,0.181,1.447,0.000,-144.134,-1.616,1.175,12.0
2287,0.181,1.447,0.000,-144.133,-1.616,1.175,12.0
2288,0.181,1.447,0.000,-144.133,-1.616,1.175,12.0
2289,0.181,1.447,0.000,-144.132,-1.616,1.175,12.0
2290,0.181,1.447,0.000,-144.132,-1.616,1.175,12.0
2291,0.181,1.447,0.000,-144.132,-1.616,1.175,12.0
2292,0.181,1.447,0.000,-144.131,-1.616,1.175,12.0
2293,0.181,1.447,0.000,-144.131,-1.616,1.175,12.0
2294,0.181,1.447,0.000,-144.130,-1.616,1.175,12.0
2295,0.181,1.447,0.000,-144.130,-1.616,1.175,12.0
2296,0.181,1.447,0.000,-144.130,-1.616,1.175,12.0
2297,0.181,1.447,0.000,-144.129,-1.616,1.175,12.0
2298,0.181,1.447,0.000,-144.129,-1.616,1.175,12.0
2299,0.181,1.447,0.000,-144.128,-1.616,1.175,12.0
2300,0.181,1.447,0.000,-144.128,-1.616,1.175,12.0
2301,0.181,1.447,0.000,-144.128,-1.616,1.175,12.0
2302,0.181,1.447,0.000,-144.127,-1.616,1.175,12.0
2303,0.181,1.447,0.000,-144.127,-1.616,1.175,12.0
2304,0.181,1.447,0.000,-144.127,-1.616,1.175,12.0
2305,0.181,1.447,0.000,-144.126,-1.616,1.175,12.0
2306,0.181,1.447,0.000,-144.126,-1.616,1.175,12.0
2307,0.181,1.447,0.000,-144.126,-1.616,1.175,12.0
2308,0.181,1.447,0.000,-144.126,-1.616,1.175,12.0
2309,0.181,1.447,0.000,-144.125,-1.616,1.175,12.0
2310,0.181,1.447,0.000,-144.125,-1.616,1.175,12.0
2311,0.181,1.447,0.000,-144.125,-1.616,1.175,12.0
2312,0.181,1.447,0.000,-144.125,-1.616,1.175,12.0
2313,0.181,1.447,0.000,-144.124,-1.616,1.175,12.0
2314,0.181,1.447,0.000,-144.124,-1.616,1.175,12.0
2315,0.181,1.447,0.000,-144.124,-1.616,1.175,12.0
2316,0.181,1.447,0.000,-144.124,-1.616,1.175,12.0
2317,0.181,1.447,0.000,-144.124,-1.616,1.175,12.0
2318,0.181,1.447,0.000,-144.124,-1.616,1.175,12.0
2319,0.181,1.447,0.000,-144.123,-1.616,1.175,12.0
2320,0.181,1.447,0.000,-144.123,-1.616,1.175,12.0
2321,0.181,1.447,0.000,-144.123,-1.616,1.175,12.0
2322,0.181,1.447,0.000,-144.123,-1.616,1.175,12.0
2323,0.181,1.447,0.000,-144.123,-1.616,1.175,12.0
2324,0.181,1.447,0.000,-144.123,-1.616,1.175,12.0
2325,0.181,1.447,0.000,-144.123,-1.616,1.175,12.0
2326,0.181,1.447,0.000,-144.123,-1.616,1.175,12.0
2327,0.181,1.447,0.000,-144.123,-1.616,1.175,12.0
2328,0.181,1.447,0.000,-144.122,-1.616,1.175,12.0
2329,0.181,1.447,0.000,-144.122,-1.616,1.175,12.0
2330,0.181,1.447,0.000,-144.122,-1.616,1.175,12.0
2331,0.181,1.447,0.000,-144.122,-1.616,1.175,12.0
2332,0.181,1.447,0.000,-144.122,-1.616,1.175,12.0
2333,0.181,1.447,0.000,-144.122,-1.616,1.175,12.0
2334,0.181,1.447,0.000,-144.122,-1.616,1.175,12.0
2335,0.181,1.447,0.000,-144.122,-1.616,1.175,12.0
2336,0.181,1.447,0.000,-144.122,-1.616,1.175,12.0
2337,0.181,1.447,0.000,-144.122,-1.616,1.175,12.0
2338,0.181,1.447,0.000,-144.122,-1.616,1.175,12.0
2339,0.181,1.447,0.000,-144.122,-1.616,1.175,12.0
2340,0.181,1.447,0.000,-144.122,-1.616,1.175,12.0
2341,0.181,1.447,0.000,-144.122,-1.616,1.175,12.0
2342,0.181,1.447,0.000,-144.123,-1.616,1.175,12.0
2343,0.181,1.447,0.000,-144.123,-1.616,1.175,12.0
2344,0.181,1.447,0.000,-144.123,-1.616,1.175,12.0
2345,0.181,1.447,0.000,-144.123,-1.616,1.175,12.0
2346,0.181,1.447,0.000,-144.123,-1.616,1.175,12.0
2347,0.181,1.447,0.000,-144.123,-1.616,1.175,12.0
2348,0.181,1.447,0.000,-144.123,-1.616,1.175,12.0
2349,0.181,1.447,0.000,-144.123,-1.616,1.175,12.0
2350,0.181,1.447,0.000,-144.123,-1.616,1.175,12.0
2351,0.181,1.447,0.000,-144.124,-1.616,1.175,12.0
2352,0.181,1.447,0.000,-144.124,-1.616,1.175,12.0
2353,0.181,1.447,0.000,-144.124,-1.616,1.175,12.0
2354,0.181,1.447,0.000,-144.124,-1.616,1.175,12.0
2355,0.181,1.447,0.000,-144.124,-1.616,1.175,12.0
2356,0.181,1.447,0.000,-144.125,-1.616,1.175,12.0
2357,0.181,1.447,0.000,-144.125,-1.616,1.175,12.0
2358,0.181,1.447,0.000,-144.125,-1.616,1.175,12.0
2359,0.181,1.447,0.000,-144.125,-1.616,1.175,12.0
2360,0.181,1.447,0.000,-144.125,-1.616,1.175,12.0
2361,0.181,1.447,0.000,-144.126,-1.616,1.175,12.0
2362,0.181,1.447,0.000,-144.126,-1.616,1.175,12.0
2363,0.181,1.447,0.000,-144.126,-1.616,1.175,12.0
2364,0.181,1.447,0.000,-144.126,-1.616,1.175,12.0
2365,0.181,1.447,0.000,-144.127,-1.616,1.175,12.0
2366,0.181,1.447,0.000,-144.127,-1.616,1.175,12.0
2367,0.181,1.447,0.000,-144.127,-1.616,1.175,12.0
2368,0.181,1.447,0.000,-144.128,-1.616,1.175,12.0
2369,0.181,1.447,0.000,-144.128,-1.616,1.175,12.0
2370,0.181,1.447,0.000,-144.128,-1.616,1.175,12.0
2371,0.181,1.447,0.000,-144.129,-1.616,1.175,12.0
2372,0.181,1.447,0.000,-144.129,-1.616,1.175,12.0
2373,0.181,1.447,0.000,-144.129,-1.616,1.175,12.0
2374,0.181,1.447,0.000,-144.130,-1.616,1.175,12.0
2375,0.181,1.447,0.000,-144.130,-1.616,1.175,12.0
2376,0.181,1.447,0.000,-144.130,-1.616,1.175,12.0
2377,0.181,1.447,0.000,-144.131,-1.616,1.175,12.0
2378,0.181,1.447,0.000,-144.131,-1.616,1.175,12.0
2379,0.181,1.447,0.000,-144.131,-1.616,1.175,12.0
2380,0.181,1.447,0.000,-144.132,-1.616,1.175,12.0
2381,0.181,1.447,0.000,-144.132,-1.616,1.175,12.0
2382,0.181,1.447,0.000,-144.133,-1.616,1.175,12.0
2383,0.181,1.447,0.000,-144.133,-1.616,1.175,12.0
2384,0.181,1.447,0.000,-144.133,-1.616,1.175,12.0
2385,0.181,1.447,0.000,-144.134,-1.616,1.175,12.0
2386,0.181,1.447,0.000,-144.134,-1.616,1.175,12.0
2387,0.181,1.447,0.000,-144.135,-1.616,1.175,12.0
2388,0.181,1.447,0.000,-144.135,-1.616,1.175,12.0
2389,0.181,1.447,0.000,-144.136,-1.616,1.175,12.0
2390,0.181,1.447,0.000,-144.136,-1.616,1.175,12.0
2391,0.181,1.447,0.000,-144.136,-1.616,1.175,12.0
2392,0.181,1.447,0.000,-144.137,-1.616,1.175,12.0
2393,0.181,1.447,0.000,-144.137,-1.616,1.175,12.0
2394,0.181,1.447,0.000,-144.138,-1.616,1.175,12.0
2395,0.181,1.447,0.000,-144.138,-1.616,1.175,12.0
2396,0.181,1.447,0.000,-144.139,-1.616,1.175,12.0
2397,0.181,1.447,0.000,-144.139,-1.616,1.175,12.0
2398,0.181,1.447,0.000,-144.140,-1.616,1.175,12.0
2399,0.181,1.447,0.000,-144.140,-1.616,1.175,12.0
2400,0.181,1.447,0.000,-144.141,-1.616,1.175,12.0
2401,0.181,1.447,0.000,-144.141,-1.616,1.175,12.0
2402,0.181,1.447,0.000,-144.142,-1.616,1.175,12.0
2403,0.181,1.447,0.000,-144.142,-1.616,1.175,12.0
2404,0.181,1.447,0.000,-144.143,-1.616,1.175,12.0
2405,0.181,1.447,0.000,-144.143,-1.616,1.175,12.0
2406,0.181,1.447,0.000,-144.144,-1.616,1.175,12.0
2407,0.181,1.447,0.000,-144.144,-1.616,1.175,12.0
2408,0.181,1.447,0.000,-144.145,-1.616,1.175,12.0
2409,0.181,1.447,0.000,-144.145,-1.616,1.175,12.0
2410,0.181,1.447,0.000,-144.146,-1.616,1.175,12.0
2411,0.181,1.447,0.000,-144.147,-1.616,1.174,12.0
2412,0.181,1.447,0.000,-144.147,-1.616,1.174,12.0
2413,0.181,1.447,0.000,-144.148,-1.616,1.174,12.0
2414,0.181,1.447,0.000,-144.148,-1.616,1.174,12.0
2415,0.181,1.447,0.000,-144.149,-1.616,1.174,12.0
2416,0.181,1.447,0.000,-144.149,-1.616,1.174,12.0
2417,0.181,1.447,0.000,-144.150,-1.616,1.174,12.0
2418,0.181,1.447,0.000,-144.150,-1.616,1.174,12.0
2419,0.181,1.447,0.000,-144.151,-1.616,1.174,12.0
2420,0.181,1.447,0.000,-144.152,-1.616,1.174,12.0
2421,0.181,1.447,0.000,-144.152,-1.616,1.174,12.0
2422,0.181,1.447,0.000,-144.153,-1.616,1.174,12.0
2423,0.181,1.447,0.000,-144.153,-1.616,1.174,12.0
2424,0.181,1.447,0.000,-144.154,-1.616,1.174,12.0
2425,0.181,1.447,0.000,-144.154,-1.616,1.174,12.0
2426,0.181,1.447,0.000,-144.155,-1.616,1.174,12.0
2427,0.181,1.447,0.000,-144.155,-1.616,1.174,12.0
2428,0.181,1.447,0.000,-144.156,-1.616,1.174,12.0
2429,0.181,1.447,0.000,-144.157,-1.616,1.174,12.0
2430,0.181,1.447,0.000,-144.157,-1.616,1.174,12.0
2431,0.181,1.447,0.000,-144.158,-1.616,1.174,12.0
2432,0.181,1.447,0.000,-144.158,-1.616,1.174,12.0
2433,0.181,1.447,0.000,-144.159,-1.616,1.174,12.0
2434,0.181,1.447,0.000,-144.159,-1.616,1.174,12.0
2435,0.181,1.447,0.000,-144.160,-1.616,1.174,12.0
2436,0.181,1.447,0.000,-144.161,-1.616,1.174,12.0
2437,0.181,1.447,0.000,-144.161,-1.616,1.174,12.0
2438,0.181,1.447,0.000,-144.162,-1.616,1.174,12.0
2439,0.181,1.447,0.000,-144.162,-1.617,1.174,12.0
2440,0.181,1.447,0.000,-144.163,-1.617,1.174,12.0
2441,0.181,1.447,0.000,-144.163,-1.617,1.174,12.0
2442,0.181,1.447,0.000,-144.164,-1.617,1.174,12.0
2443,0.181,1.447,0.000,-144.164,-1.617,1.174,12.0
2444,0.181,1.447,0.000,-144.165,-1.617,1.174,12.0
2445,0.181,1.447,0.000,-144.166,-1.617,1.174,12.0
2446,0.181,1.447,0.000,-144.166,-1.617,1.174,12.0
2447,0.181,1.447,0.000,-144.167,-1.617,1.174,12.0
2448,0.181,1.447,0.000,-144.167,-1.617,1.174,12.0
2449,0.181,1.447,0.000,-144.168,-1.617,1.174,12.0
2450,0.181,1.447,0.000,-144.168,-1.617,1.174,12.0
2451,0.181,1.447,0.000,-144.169,-1.617,1.174,12.0
2452,0.181,1.447,0.000,-144.169,-1.617,1.174,12.0
2453,0.181,1.447,0.000,-144.170,-1.617,1.174,12.0
2454,0.181,1.447,0.000,-144.170,-1.617,1.174,12.0
2455,0.181,1.447,0.000,-144.171,-1.617,1.174,12.0
2456,0.181,1.447,0.000,-144.171,-1.617,1.174,12.0
2457,0.181,1.447,0.000,-144.172,-1.617,1.174,12.0
2458,0.181,1.447,0.000,-144.172,-1.617,1.174,12.0
2459,0.181,1.447,0.000,-144.173,-1.617,1.174,12.0
2460,0.181,1.447,0.000,-144.173,-1.617,1.174,12.0
2461,0.181,1.447,0.000,-144.174,-1.617,1.174,12.0
2462,0.181,1.447,0.000,-144.174,-1.617,1.174,12.0
2463,0.181,1.447,0.000,-144.175,-1.617,1.174,12.0
2464,0.181,1.447,0.000,-144.175,-1.617,1.174,12.0
2465,0.181,1.447,0.000,-144.176,-1.617,1.174,12.0
2466,0.181,1.447,0.000,-144.176,-1.617,1.174,12.0
2467,0.181,1.447,0.000,-144.177,-1.617,1.174,12.0
2468,0.181,1.447,0.000,-144.177,-1.617,1.174,12.0
2469,0.181,1.447,0.000,-144.178,-1.617,1.174,12.0
2470,0.181,1.447,0.000,-144.178,-1.617,1.174,12.0
2471,0.181,1.447,0.000,-144.179,-1.617,1.174,12.0
2472,0.181,1.447,0.000,-144.179,-1.617,1.174,12.0
2473,0.181,1.447,0.000,-144.180,-1.617,1.174,12.0
2474,0.181,1.447,0.000,-144.180,-1.617,1.174,12.0
2475,0.181,1.447,0.000,-144.180,-1.617,1.174,12.0
2476,0.181,1.447,0.000,-144.181,-1.617,1.174,12.0
2477,0.181,1.447,0.000,-144.181,-1.617,1.174,12.0
2478,0.181,1.447,0.000,-144.182,-1.617,1.174,12.0
2479,0.181,1.447,0.000,-144.182,-1.617,1.173,12.0
2480,0.181,1.447,0.000,-144.182,-1.617,1.173,12.0
2481,0.181,1.447,0.000,-144.183,-1.617,1.173,12.0
2482,0.181,1.447,0.000,-144.183,-1.617,1.173,12.0
2483,0.181,1.447,0.000,-144.184,-1.617,1.173,12.0
2484,0.181,1.447,0.000,-144.184,-1.617,1.173,12.0
2485,0.181,1.447,0.000,-144.184,-1.617,1.173,12.0
2486,0.181,1.447,0.000,-144.185,-1.617,1.173,12.0
2487,0.181,1.447,0.000,-144.185,-1.617,1.173,12.0
2488,0.181,1.447,0.000,-144.185,-1.617,1.173,12.0
2489,0.181,1.447,0.000,-144.186,-1.617,1.173,12.0
2490,0.181,1.447,0.000,-144.186,-1.617,1.173,12.0
2491,0.181,1.447,0.000,-144.186,-1.617,1.173,12.0
2492,0.181,1.447,0.000,-144.187,-1.617,1.173,12.0
2493,0.181,1.447,0.000,-144.187,-1.617,1.173,12.0
2494,0.181,1.447,0.000,-144.187,-1.617,1.173,12.0
2495,0.181,1.447,0.000,-144.188,-1.617,1.173,12.0
2496,0.181,1.447,0.000,-144.188,-1.617,1.173,12.0
2497,0.181,1.447,0.000,-144.188,-1.617,1.173,12.0
2498,0.181,1.447,0.000,-144.189,-1.617,1.173,12.0
2499,0.181,1.447,0.000,-144.189,-1.617,1.173,12.0
2500,0.181,1.447,0.000,-144.189,-1.617,1.173,12.0
