1,1.763,0.334,0.000,117.684,-0.006,0.003,-1
2,1.763,0.334,0.000,117.684,-0.008,0.004,-1
3,1.763,0.334,0.000,117.684,-0.005,0.003,-1
4,1.763,0.334,0.000,117.684,-0.004,0.003,-1
5,1.763,0.334,0.000,117.684,-0.005,0.004,-1
6,1.764,0.333,0.000,117.674,-0.008,-0.002,-1
7,1.764,0.332,0.000,117.637,-0.010,-0.005,-1
8,1.765,0.331,0.000,117.555,-0.012,-0.010,-1
9,1.766,0.329,0.000,117.404,-0.017,-0.019,-1
10,1.767,0.327,0.000,117.173,-0.022,-0.029,-1
11,1.768,0.325,0.000,116.863,-0.027,-0.039,-1
12,1.767,0.325,0.000,116.545,-0.025,-0.035,-1
13,1.766,0.327,0.000,116.282,-0.018,-0.023,-1
14,1.764,0.330,0.000,116.074,-0.012,-0.010,-1
15,1.763,0.333,0.000,115.922,-0.005,0.004,-1
16,1.762,0.334,0.000,115.773,0.005,0.010,-1
17,1.764,0.334,0.000,115.589,0.003,0.001,-1
18,1.766,0.330,0.000,115.362,0.001,-0.019,-1
19,1.768,0.327,0.000,115.085,-0.008,-0.036,-1
20,1.769,0.323,0.000,114.761,-0.018,-0.050,-1
21,1.771,0.319,0.000,114.390,-0.024,-0.067,-1
22,1.772,0.316,0.000,113.968,-0.028,-0.081,-1
23,1.774,0.312,0.000,113.502,-0.036,-0.099,-1
24,1.777,0.307,0.000,112.996,-0.044,-0.120,-1
25,1.779,0.302,0.000,112.452,-0.052,-0.144,-1
26,1.781,0.296,0.000,111.872,-0.061,-0.169,-1
27,1.783,0.291,0.000,111.254,-0.068,-0.194,-1
28,1.786,0.285,0.000,110.600,-0.076,-0.220,-1
29,1.788,0.279,0.000,109.910,-0.083,-0.247,-1
30,1.790,0.273,0.000,109.187,-0.090,-0.277,-1
31,1.792,0.267,0.000,108.430,-0.096,-0.308,-1
32,1.794,0.261,0.000,107.641,-0.102,-0.340,-1
33,1.796,0.254,0.000,106.819,-0.106,-0.374,-1
34,1.798,0.248,0.000,105.965,-0.111,-0.411,-1
35,1.800,0.241,0.000,105.082,-0.132,-0.446,-1
36,1.801,0.236,0.000,104.171,-0.115,-0.481,-1
37,1.803,0.230,0.000,103.232,-0.119,-0.518,-1
38,1.805,0.223,0.000,102.269,-0.133,-0.562,-1
39,1.806,0.218,0.000,101.291,-0.111,-0.603,-1
40,1.806,0.212,0.000,100.294,-0.125,-0.644,-1
41,1.808,0.208,0.000,99.283,-0.107,-0.688,-1
42,1.808,0.203,0.000,98.248,-0.098,-0.734,-1
43,1.809,0.198,0.000,97.174,-0.092,-0.780,-1
44,1.810,0.194,0.000,96.062,-0.083,-0.830,-1
45,1.810,0.188,0.000,94.920,-0.089,-0.885,-1
46,1.810,0.184,0.000,93.764,-0.068,-0.943,-1
47,1.810,0.178,0.000,92.588,-0.051,-1.008,-1
48,1.810,0.171,0.000,91.396,-0.033,-1.085,-1
49,1.810,0.164,0.000,90.189,-0.010,-1.167,-1
50,1.810,0.158,0.000,88.968,0.016,-1.249,-1
51,1.810,0.151,0.000,87.734,0.047,-1.338,-1
52,1.810,0.143,0.000,86.484,0.082,-1.437,-1
53,1.810,0.136,0.000,85.214,0.123,-1.539,-1
54,1.809,0.129,0.000,83.918,0.169,-1.644,-1
55,1.808,0.123,0.000,82.596,0.221,-1.753,-1
56,1.807,0.116,0.000,81.250,0.281,-1.868,-1
57,1.806,0.109,0.000,79.883,0.350,-1.986,-1
58,1.806,0.107,0.000,78.517,0.400,-1.968,-1
59,1.805,0.104,0.000,77.159,0.425,-1.875,-1
60,1.803,0.098,0.000,75.795,0.443,-1.808,-1
61,1.801,0.091,0.000,74.426,0.478,-1.748,-1
62,1.799,0.084,0.000,73.046,0.516,-1.698,-1
63,1.797,0.077,0.000,71.653,0.546,-1.661,-1
64,1.794,0.069,0.000,70.248,0.577,-1.631,-1
65,1.791,0.062,0.000,68.832,0.616,-1.608,-1
66,1.788,0.054,0.000,67.407,0.657,-1.593,-1
67,1.785,0.047,0.000,65.977,0.717,-1.575,-1
68,1.781,0.039,0.000,64.546,0.751,-1.583,-1
69,1.777,0.031,0.000,63.117,0.808,-1.585,-1
70,1.773,0.023,0.000,61.691,0.850,-1.603,-1
71,1.769,0.016,0.000,60.272,0.948,-1.598,-1
72,1.764,0.008,0.000,58.857,0.977,-1.647,-1
73,1.760,0.000,0.000,57.451,1.084,-1.651,-1
74,1.755,-0.007,0.000,56.052,1.110,-1.665,-1
75,1.751,-0.012,0.000,54.663,1.143,-1.597,-1
76,1.746,-0.019,0.000,53.281,1.154,-1.527,-1
77,1.740,-0.026,0.000,51.901,1.164,-1.474,-1
78,1.734,-0.033,0.000,50.526,1.181,-1.427,-1
79,1.728,-0.041,0.000,49.154,1.203,-1.388,-1
80,1.722,-0.048,0.000,47.790,1.231,-1.354,-1
81,1.716,-0.055,0.000,46.434,1.268,-1.323,-1
82,1.709,-0.062,0.000,45.088,1.307,-1.301,-1
83,1.702,-0.069,0.000,43.750,1.340,-1.297,-1
84,1.695,-0.076,0.000,42.423,1.391,-1.286,-1
85,1.688,-0.082,0.000,41.104,1.453,-1.275,-1
86,1.680,-0.089,0.000,39.796,1.531,-1.257,-1
87,1.674,-0.094,0.000,38.500,1.548,-1.236,-1
88,1.666,-0.100,0.000,37.217,1.573,-1.186,-1
89,1.659,-0.106,0.000,35.946,1.600,-1.143,-1
90,1.651,-0.112,0.000,34.687,1.626,-1.119,-1
91,1.643,-0.117,0.000,33.441,1.663,-1.094,-1
92,1.635,-0.122,0.000,32.212,1.683,-1.053,-1
93,1.627,-0.128,0.000,30.999,1.690,-1.007,-1
94,1.619,-0.133,0.000,29.800,1.704,-0.968,-1
95,1.612,-0.136,0.000,28.618,1.712,-0.928,9.0
96,1.607,-0.138,0.000,27.455,1.721,-0.887,9.0
97,1.603,-0.140,0.000,26.311,1.735,-0.850,9.0
98,1.599,-0.142,0.000,25.188,1.756,-0.819,9.0
99,1.594,-0.144,0.000,24.085,1.784,-0.791,9.0
100,1.590,-0.146,0.000,23.003,1.820,-0.765,9.0
101,1.586,-0.148,0.000,21.943,1.838,-0.739,9.0
102,1.582,-0.150,0.000,20.903,1.838,-0.698,9.0
103,1.578,-0.151,0.000,19.885,1.847,-0.659,9.0
104,1.573,-0.153,0.000,18.889,1.862,-0.629,9.0
105,1.569,-0.154,0.000,17.915,1.885,-0.604,9.0
106,1.565,-0.156,0.000,16.966,1.893,-0.571,9.0
107,1.561,-0.157,0.000,16.041,1.897,-0.541,9.0
108,1.556,-0.158,0.000,15.139,1.911,-0.511,9.0
109,1.552,-0.159,0.000,14.261,1.918,-0.480,9.0
110,1.548,-0.160,0.000,13.408,1.924,-0.452,9.0
111,1.544,-0.161,0.000,12.578,1.932,-0.427,9.0
112,1.540,-0.162,0.000,11.773,1.936,-0.397,9.0
113,1.536,-0.163,0.000,10.993,1.943,-0.372,9.0
114,1.532,-0.164,0.000,10.237,1.947,-0.345,9.0
115,1.528,-0.165,0.000,9.506,1.952,-0.321,9.0
116,1.524,-0.165,0.000,8.800,1.955,-0.296,9.0
117,1.520,-0.166,0.000,8.118,1.959,-0.274,9.0
118,1.516,-0.166,0.000,7.461,1.961,-0.251,9.0
119,1.512,-0.167,0.000,6.829,1.964,-0.229,9.0
120,1.508,-0.167,0.000,6.222,1.966,-0.208,9.0
121,1.504,-0.168,0.000,5.639,1.968,-0.188,9.0
122,1.500,-0.168,0.000,5.080,1.970,-0.169,9.0
123,1.497,-0.168,0.000,4.546,1.972,-0.151,9.0
124,1.493,-0.168,0.000,4.035,1.973,-0.136,9.0
125,1.489,-0.169,0.000,3.540,1.980,-0.127,9.0
126,1.485,-0.169,0.000,3.059,1.996,-0.119,9.0
127,1.482,-0.170,0.000,2.587,1.985,-0.087,9.0
128,1.480,-0.170,0.000,2.130,1.928,-0.064,9.0
129,1.476,-0.170,0.000,1.692,1.885,-0.048,9.0
130,1.473,-0.170,0.000,1.272,1.852,-0.035,9.0
131,1.469,-0.170,0.000,0.870,1.828,-0.022,9.0
132,1.465,-0.170,0.000,0.484,1.813,-0.009,9.0
133,1.462,-0.170,0.000,0.113,1.806,0.003,9.0
134,1.458,-0.170,0.000,-0.244,1.808,0.014,9.0
135,1.455,-0.170,0.000,-0.587,1.818,0.025,9.0
136,1.451,-0.170,0.000,-0.915,1.836,0.036,9.0
137,1.447,-0.170,0.000,-1.227,1.862,0.046,9.0
138,1.444,-0.170,0.000,-1.525,1.896,0.036,9.0
139,1.440,-0.169,0.000,-1.812,1.940,0.053,9.0
140,1.437,-0.169,0.000,-2.084,1.991,0.069,9.0
141,1.435,-0.169,0.000,-2.343,1.998,0.086,9.0
142,1.434,-0.169,0.000,-2.592,1.964,0.084,9.0
143,1.431,-0.169,0.000,-2.827,1.944,0.103,9.0
144,1.428,-0.169,0.000,-3.047,1.936,0.108,9.0
145,1.425,-0.168,0.000,-3.254,1.938,0.104,9.0
146,1.422,-0.168,0.000,-3.448,1.949,0.107,9.0
147,1.419,-0.168,0.000,-3.623,1.970,0.118,9.0
148,1.415,-0.167,0.000,-3.776,1.998,0.128,9.0
149,1.414,-0.167,0.000,-3.915,1.990,0.128,9.0
150,1.412,-0.167,0.000,-4.041,1.979,0.137,9.0
151,1.409,-0.167,0.000,-4.145,1.981,0.138,9.0
152,1.406,-0.166,0.000,-4.228,1.994,0.140,9.0
153,1.404,-0.166,0.000,-4.293,1.992,0.143,9.0
154,1.401,-0.166,0.000,-4.340,1.990,0.153,9.0
155,1.399,-0.166,0.000,-4.372,1.991,0.154,9.0
156,1.396,-0.166,0.000,-4.384,1.992,0.157,9.0
157,1.393,-0.165,0.000,-4.375,1.991,0.159,9.0
158,1.390,-0.165,0.000,-4.343,1.992,0.157,9.0
159,1.387,-0.165,0.000,-4.288,1.991,0.155,9.0
160,1.384,-0.165,0.000,-4.212,1.992,0.152,9.0
161,1.383,-0.165,0.000,-4.126,1.989,0.150,-1
162,1.382,-0.165,0.000,-4.040,1.988,0.147,-1
163,1.382,-0.165,0.000,-3.955,1.995,0.142,-1
164,1.382,-0.165,0.000,-3.875,1.950,0.135,-1
165,1.380,-0.165,0.000,-3.796,1.907,0.127,-1
166,1.373,-0.164,0.000,-3.710,1.893,0.133,-1
167,1.365,-0.163,0.000,-3.612,1.897,0.128,-1
168,1.356,-0.163,0.000,-3.501,1.914,0.122,-1
169,1.347,-0.162,0.000,-3.378,1.941,0.120,-1
170,1.337,-0.162,0.000,-3.246,1.976,0.119,-1
171,1.329,-0.161,0.000,-3.105,1.973,0.115,-1
172,1.321,-0.161,0.000,-2.960,1.953,0.103,-1
173,1.312,-0.161,0.000,-2.807,1.944,0.101,-1
174,1.303,-0.160,0.000,-2.646,1.946,0.098,-1
175,1.294,-0.160,0.000,-2.477,1.957,0.091,-1
176,1.285,-0.159,0.000,-2.301,1.978,0.085,-1
177,1.276,-0.159,0.000,-2.120,2.002,0.067,-1
178,1.268,-0.159,0.000,-1.938,1.992,0.054,-1
179,1.259,-0.158,0.000,-1.752,1.986,0.060,-1
180,1.250,-0.158,0.000,-1.562,1.992,0.050,-1
181,1.241,-0.158,0.000,-1.366,2.001,0.044,-1
182,1.233,-0.158,0.000,-1.168,1.995,0.031,-1
183,1.224,-0.157,0.000,-0.964,1.999,0.028,-1
184,1.215,-0.157,0.000,-0.758,1.997,0.020,-1
185,1.206,-0.157,0.000,-0.548,1.998,0.015,-1
186,1.197,-0.157,0.000,-0.336,1.998,0.008,-1
187,1.189,-0.157,0.000,-0.118,1.963,0.008,-1
188,1.180,-0.157,0.000,0.105,1.917,0.006,-1
189,1.171,-0.157,0.000,0.330,1.882,-0.003,-1
190,1.162,-0.157,0.000,0.559,1.857,-0.013,-1
191,1.153,-0.157,0.000,0.791,1.842,-0.020,-1
192,1.143,-0.157,0.000,1.027,1.836,-0.026,-1
193,1.134,-0.157,0.000,1.266,1.839,-0.034,-1
194,1.125,-0.158,0.000,1.510,1.850,-0.043,-1
195,1.116,-0.158,0.000,1.758,1.870,-0.051,-1
196,1.106,-0.158,0.000,2.010,1.899,-0.060,-1
197,1.097,-0.159,0.000,2.266,1.936,-0.092,-1
198,1.088,-0.159,0.000,2.524,1.984,-0.092,-1
199,1.079,-0.159,0.000,2.783,2.004,-0.083,-1
200,1.072,-0.160,0.000,3.044,1.966,-0.099,-1
201,1.063,-0.160,0.000,3.310,1.944,-0.109,-1
202,1.054,-0.161,0.000,3.580,1.934,-0.114,-1
203,1.044,-0.161,0.000,3.856,1.934,-0.123,-1
204,1.035,-0.162,0.000,4.136,1.943,-0.134,-1
205,1.026,-0.163,0.000,4.421,1.962,-0.146,-1
206,1.016,-0.164,0.000,4.712,1.977,-0.165,-1
207,1.008,-0.164,0.000,5.008,1.962,-0.164,-1
208,0.999,-0.165,0.000,5.308,1.956,-0.176,-1
209,0.989,-0.166,0.000,5.612,1.960,-0.187,-1
210,0.980,-0.167,0.000,5.921,1.973,-0.198,-1
211,0.971,-0.168,0.000,6.231,1.972,-0.227,-1
212,0.963,-0.169,0.000,6.538,1.927,-0.230,-1
213,0.954,-0.170,0.000,6.849,1.896,-0.232,-1
214,0.945,-0.171,0.000,7.165,1.875,-0.241,-1
215,0.935,-0.173,0.000,7.482,1.867,-0.232,-1
216,0.926,-0.174,0.000,7.801,1.860,-0.276,-1
217,0.916,-0.175,0.000,8.120,1.870,-0.267,-1
218,0.907,-0.177,0.000,8.438,1.887,-0.274,-1
219,0.898,-0.178,0.000,8.757,1.911,-0.292,-1
220,0.888,-0.180,0.000,9.075,1.941,-0.332,-1
221,0.880,-0.181,0.000,9.395,1.955,-0.294,-1
222,0.872,-0.183,0.000,9.717,1.901,-0.338,-1
223,0.864,-0.184,0.000,10.040,1.874,-0.312,-1
224,0.855,-0.186,0.000,10.362,1.847,-0.350,-1
225,0.845,-0.188,0.000,10.687,1.837,-0.355,-1
226,0.836,-0.190,0.000,11.013,1.836,-0.361,-1
227,0.827,-0.191,0.000,11.341,1.844,-0.375,-1
228,0.817,-0.193,0.000,11.670,1.860,-0.391,-1
229,0.808,-0.195,0.000,12.000,1.885,-0.407,-1
230,0.798,-0.197,0.000,12.332,1.919,-0.426,-1
231,0.789,-0.199,0.000,12.663,1.938,-0.430,-1
232,0.781,-0.202,0.000,12.993,1.911,-0.448,-1
233,0.773,-0.204,0.000,13.323,1.899,-0.461,-1
234,0.763,-0.206,0.000,13.653,1.900,-0.468,-1
235,0.754,-0.208,0.000,13.984,1.909,-0.480,-1
236,0.745,-0.211,0.000,14.316,1.927,-0.498,-1
237,0.736,-0.213,0.000,14.644,1.931,-0.508,-1
238,0.727,-0.216,0.000,14.968,1.917,-0.517,-1
239,0.718,-0.218,0.000,15.292,1.914,-0.531,-1
240,0.709,-0.221,0.000,15.616,1.923,-0.545,-1
241,0.700,-0.223,0.000,15.937,1.920,-0.553,-1
242,0.691,-0.226,0.000,16.256,1.914,-0.562,-1
243,0.682,-0.229,0.000,16.575,1.915,-0.575,-1
244,0.673,-0.232,0.000,16.890,1.909,-0.587,-1
245,0.664,-0.235,0.000,17.203,1.907,-0.596,-1
246,0.655,-0.237,0.000,17.514,1.904,-0.606,-1
247,0.646,-0.240,0.000,17.821,1.900,-0.616,-1
248,0.637,-0.243,0.000,18.126,1.897,-0.627,-1
249,0.628,-0.246,0.000,18.428,1.893,-0.637,-1
250,0.619,-0.250,0.000,18.727,1.891,-0.647,-1
251,0.610,-0.253,0.000,19.023,1.887,-0.656,-1
252,0.601,-0.256,0.000,19.315,1.884,-0.666,-1
253,0.592,-0.259,0.000,19.604,1.879,-0.656,-1
254,0.584,-0.262,0.000,19.895,1.825,-0.654,-1
255,0.575,-0.266,0.000,20.183,1.785,-0.652,-1
256,0.566,-0.269,0.000,20.468,1.757,-0.649,-1
257,0.557,-0.273,0.000,20.750,1.737,-0.650,-1
258,0.547,-0.276,0.000,21.028,1.725,-0.656,-1
259,0.538,-0.280,0.000,21.303,1.721,-0.665,-1
260,0.529,-0.283,0.000,21.574,1.727,-0.676,-1
261,0.520,-0.287,0.000,21.841,1.740,-0.690,-1
262,0.511,-0.291,0.000,22.105,1.761,-0.708,-1
263,0.502,-0.294,0.000,22.365,1.791,-0.730,-1
264,0.493,-0.298,0.000,22.620,1.828,-0.755,-1
265,0.485,-0.302,0.000,22.875,1.843,-0.777,-1
266,0.477,-0.305,0.000,23.132,1.817,-0.769,-1
267,0.469,-0.309,0.000,23.385,1.791,-0.766,-1
268,0.460,-0.313,0.000,23.634,1.775,-0.770,-1
269,0.451,-0.317,0.000,23.878,1.769,-0.777,-1
270,0.442,-0.321,0.000,24.117,1.771,-0.786,-1
271,0.433,-0.325,0.000,24.352,1.782,-0.799,-1
272,0.424,-0.329,0.000,24.581,1.801,-0.817,-1
273,0.416,-0.333,0.000,24.807,1.814,-0.833,-1
274,0.408,-0.337,0.000,25.030,1.797,-0.831,-1
275,0.399,-0.341,0.000,25.248,1.788,-0.836,-1
276,0.390,-0.345,0.000,25.461,1.788,-0.844,-1
277,0.382,-0.350,0.000,25.669,1.797,-0.857,-1
278,0.373,-0.354,0.000,25.873,1.791,-0.861,-1
279,0.365,-0.358,0.000,26.071,1.784,-0.866,-1
280,0.356,-0.362,0.000,26.265,1.778,-0.893,-1
281,0.348,-0.367,0.000,26.454,1.790,-0.897,-1
282,0.340,-0.371,0.000,26.635,1.780,-0.879,-1
283,0.332,-0.375,0.000,26.813,1.734,-0.869,-1
284,0.323,-0.380,0.000,26.985,1.701,-0.861,-1
285,0.315,-0.384,0.000,27.151,1.679,-0.854,-1
286,0.306,-0.388,0.000,27.311,1.665,-0.852,-1
287,0.297,-0.393,0.000,27.465,1.658,-0.855,-1
288,0.289,-0.397,0.000,27.613,1.660,-0.861,-1
289,0.280,-0.402,0.000,27.754,1.670,-0.872,-1
290,0.272,-0.406,0.000,27.890,1.688,-0.886,-1
291,0.263,-0.411,0.000,28.019,1.713,-0.904,-1
292,0.254,-0.416,0.000,28.142,1.742,-0.938,-1
293,0.247,-0.420,0.000,28.259,1.744,-0.930,-1
294,0.239,-0.424,0.000,28.370,1.717,-0.936,-1
295,0.231,-0.429,0.000,28.477,1.706,-0.939,-1
296,0.223,-0.433,0.000,28.578,1.709,-0.937,-1
297,0.214,-0.438,0.000,28.674,1.724,-0.933,-1
298,0.206,-0.443,0.000,28.764,1.742,-0.944,-1
299,0.198,-0.447,0.000,28.849,1.752,-0.961,-1
300,0.190,-0.452,0.000,28.925,1.722,-0.956,-1
301,0.182,-0.457,0.000,28.993,1.679,-0.940,-1
302,0.174,-0.461,0.000,29.054,1.649,-0.924,-1
303,0.165,-0.466,0.000,29.108,1.627,-0.912,-1
304,0.157,-0.471,0.000,29.157,1.623,-0.888,-1
305,0.149,-0.475,0.000,29.201,1.613,-0.894,-1
306,0.140,-0.480,0.000,29.239,1.613,-0.900,-1
307,0.132,-0.485,0.000,29.270,1.624,-0.904,-1
308,0.123,-0.490,0.000,29.295,1.643,-0.913,-1
309,0.115,-0.494,0.000,29.314,1.668,-0.929,-1
310,0.107,-0.499,0.000,29.326,1.701,-0.948,-1
311,0.098,-0.504,0.000,29.332,1.735,-0.974,-1
312,0.092,-0.508,0.000,29.334,1.721,-0.949,-1
313,0.084,-0.513,0.000,29.331,1.700,-0.949,-1
314,0.075,-0.517,0.000,29.321,1.692,-0.947,-1
315,0.067,-0.522,0.000,29.306,1.695,-0.944,-1
316,0.059,-0.527,0.000,29.284,1.706,-0.948,-1
317,0.050,-0.532,0.000,29.257,1.724,-0.958,-1
318,0.042,-0.536,0.000,29.224,1.729,-0.967,-1
319,0.034,-0.541,0.000,29.188,1.722,-0.956,-1
320,0.026,-0.545,0.000,29.145,1.724,-0.951,-1
321,0.018,-0.550,0.000,29.097,1.732,-0.955,-1
322,0.009,-0.555,0.000,29.046,1.732,-0.957,-1
323,0.000,-0.560,0.000,28.995,1.729,-0.952,-1
324,-0.009,-0.565,0.000,28.942,1.736,-0.952,-1
325,-0.018,-0.570,0.000,28.887,1.750,-0.957,-1
326,-0.027,-0.575,0.000,28.831,1.754,-0.963,-1
327,-0.035,-0.580,0.000,28.776,1.749,-0.955,-1
328,-0.044,-0.585,0.000,28.719,1.743,-0.970,-1
329,-0.053,-0.590,0.000,28.660,1.753,-0.962,-1
330,-0.062,-0.595,0.000,28.599,1.751,-0.959,-1
331,-0.071,-0.600,0.000,28.535,1.754,-0.958,-1
332,-0.080,-0.605,0.000,28.469,1.753,-0.957,-1
333,-0.089,-0.610,0.000,28.402,1.763,-0.938,-1
334,-0.098,-0.615,0.000,28.334,1.762,-0.941,-1
335,-0.107,-0.620,0.000,28.265,1.762,-0.942,-1
336,-0.116,-0.625,0.000,28.196,1.763,-0.940,-1
337,-0.125,-0.630,0.000,28.127,1.764,-0.937,-1
338,-0.134,-0.635,0.000,28.057,1.766,-0.934,-1
339,-0.143,-0.639,0.000,27.987,1.767,-0.932,-1
340,-0.152,-0.644,0.000,27.916,1.768,-0.930,-1
341,-0.161,-0.649,0.000,27.844,1.769,-0.928,-1
342,-0.170,-0.654,0.000,27.772,1.770,-0.926,-1
343,-0.178,-0.659,0.000,27.700,1.772,-0.924,-1
344,-0.187,-0.663,0.000,27.627,1.773,-0.921,-1
345,-0.196,-0.668,0.000,27.553,1.774,-0.919,-1
346,-0.205,-0.673,0.000,27.478,1.775,-0.917,-1
347,-0.214,-0.678,0.000,27.402,1.776,-0.914,-1
348,-0.223,-0.682,0.000,27.326,1.774,-0.920,-1
349,-0.231,-0.687,0.000,27.243,1.735,-0.895,-1
350,-0.240,-0.691,0.000,27.158,1.695,-0.877,-1
351,-0.248,-0.696,0.000,27.071,1.665,-0.860,-1
352,-0.257,-0.700,0.000,26.983,1.646,-0.845,-1
353,-0.266,-0.705,0.000,26.893,1.633,-0.834,-1
354,-0.275,-0.709,0.000,26.802,1.628,-0.829,-1
355,-0.283,-0.714,0.000,26.709,1.630,-0.827,-1
356,-0.292,-0.718,0.000,26.615,1.641,-0.829,-1
357,-0.301,-0.722,0.000,26.519,1.658,-0.834,-1
358,-0.309,-0.727,0.000,26.421,1.684,-0.843,-1
359,-0.317,-0.731,0.000,26.322,1.717,-0.856,-1
360,-0.326,-0.735,0.000,26.221,1.757,-0.872,-1
361,-0.334,-0.739,0.000,26.117,1.797,-0.884,-1
362,-0.341,-0.743,0.000,26.004,1.779,-0.878,-1
363,-0.349,-0.747,0.000,25.887,1.752,-0.857,-1
364,-0.357,-0.751,0.000,25.768,1.735,-0.843,-1
365,-0.365,-0.755,0.000,25.647,1.725,-0.835,-1
366,-0.373,-0.759,0.000,25.523,1.723,-0.830,-1
367,-0.381,-0.762,0.000,25.398,1.730,-0.828,-1
368,-0.389,-0.766,0.000,25.270,1.745,-0.830,-1
369,-0.397,-0.770,0.000,25.141,1.768,-0.837,-1
370,-0.405,-0.774,0.000,25.009,1.799,-0.843,-1
371,-0.412,-0.777,0.000,24.875,1.787,-0.825,-1
372,-0.419,-0.781,0.000,24.741,1.766,-0.825,-1
373,-0.427,-0.784,0.000,24.605,1.760,-0.817,-1
374,-0.435,-0.788,0.000,24.467,1.765,-0.808,-1
375,-0.443,-0.792,0.000,24.327,1.776,-0.808,-1
376,-0.450,-0.795,0.000,24.186,1.795,-0.814,-1
377,-0.458,-0.799,0.000,24.045,1.826,-0.813,-1
378,-0.465,-0.802,0.000,23.900,1.826,-0.810,-1
379,-0.472,-0.805,0.000,23.752,1.811,-0.802,-1
380,-0.480,-0.809,0.000,23.603,1.807,-0.798,-1
381,-0.488,-0.812,0.000,23.453,1.818,-0.776,-1
382,-0.495,-0.815,0.000,23.303,1.821,-0.773,-1
383,-0.503,-0.819,0.000,23.152,1.821,-0.772,-1
384,-0.510,-0.822,0.000,23.001,1.815,-0.786,-1
385,-0.517,-0.825,0.000,22.849,1.822,-0.771,-1
386,-0.525,-0.828,0.000,22.695,1.833,-0.770,-1
387,-0.532,-0.831,0.000,22.539,1.843,-0.772,-1
388,-0.539,-0.835,0.000,22.380,1.846,-0.766,-1
389,-0.547,-0.838,0.000,22.219,1.846,-0.760,-1
390,-0.553,-0.841,0.000,22.054,1.833,-0.732,-1
391,-0.560,-0.844,0.000,21.887,1.787,-0.713,-1
392,-0.567,-0.847,0.000,21.719,1.754,-0.693,-1
393,-0.575,-0.849,0.000,21.549,1.730,-0.676,-1
394,-0.582,-0.852,0.000,21.378,1.713,-0.663,-1
395,-0.589,-0.855,0.000,21.207,1.705,-0.655,-1
396,-0.597,-0.858,0.000,21.034,1.705,-0.649,-1
397,-0.604,-0.861,0.000,20.859,1.713,-0.646,-1
398,-0.611,-0.864,0.000,20.684,1.729,-0.646,-1
399,-0.618,-0.866,0.000,20.508,1.753,-0.649,-1
400,-0.626,-0.869,0.000,20.331,1.785,-0.655,-1
401,-0.633,-0.872,0.000,20.153,1.826,-0.663,-1
402,-0.640,-0.874,0.000,19.975,1.870,-0.677,-1
403,-0.645,-0.877,0.000,19.797,1.855,-0.652,-1
404,-0.652,-0.879,0.000,19.619,1.830,-0.650,-1
405,-0.659,-0.882,0.000,19.440,1.821,-0.639,-1
406,-0.666,-0.884,0.000,19.261,1.822,-0.628,-1
407,-0.673,-0.887,0.000,19.081,1.830,-0.626,-1
408,-0.680,-0.889,0.000,18.901,1.843,-0.639,-1
409,-0.687,-0.892,0.000,18.721,1.867,-0.645,-1
410,-0.694,-0.894,0.000,18.541,1.902,-0.640,-1
411,-0.700,-0.896,0.000,18.356,1.887,-0.639,-1
412,-0.707,-0.899,0.000,18.172,1.879,-0.622,-1
413,-0.714,-0.901,0.000,17.987,1.880,-0.614,-1
414,-0.720,-0.903,0.000,17.802,1.889,-0.614,-1
415,-0.727,-0.906,0.000,17.616,1.906,-0.611,-1
416,-0.734,-0.908,0.000,17.428,1.902,-0.606,-1
417,-0.740,-0.910,0.000,17.239,1.902,-0.595,-1
418,-0.747,-0.912,0.000,17.050,1.910,-0.590,-1
419,-0.754,-0.914,0.000,16.859,1.909,-0.586,-1
420,-0.760,-0.916,0.000,16.668,1.911,-0.578,-1
421,-0.767,-0.918,0.000,16.476,1.915,-0.571,-1
422,-0.773,-0.920,0.000,16.283,1.915,-0.566,-1
423,-0.780,-0.922,0.000,16.090,1.919,-0.559,-1
424,-0.786,-0.924,0.000,15.896,1.919,-0.553,-1
425,-0.793,-0.926,0.000,15.702,1.922,-0.546,-1
426,-0.799,-0.928,0.000,15.508,1.923,-0.540,-1
427,-0.806,-0.930,0.000,15.313,1.926,-0.533,-1
428,-0.812,-0.931,0.000,15.118,1.927,-0.526,-1
429,-0.819,-0.933,0.000,14.923,1.929,-0.520,-1
430,-0.825,-0.935,0.000,14.727,1.931,-0.513,-1
431,-0.832,-0.937,0.000,14.532,1.933,-0.507,-1
432,-0.838,-0.939,0.000,14.336,1.934,-0.500,-1
433,-0.845,-0.940,0.000,14.141,1.936,-0.493,-1
434,-0.851,-0.942,0.000,13.946,1.938,-0.487,-1
435,-0.857,-0.943,0.000,13.751,1.939,-0.480,-1
436,-0.864,-0.945,0.000,13.556,1.941,-0.474,-1
437,-0.870,-0.947,0.000,13.362,1.942,-0.467,-1
438,-0.876,-0.948,0.000,13.168,1.944,-0.460,-1
439,-0.883,-0.950,0.000,12.974,1.946,-0.454,-1
440,-0.889,-0.951,0.000,12.781,1.947,-0.447,-1
441,-0.895,-0.953,0.000,12.589,1.949,-0.441,-1
442,-0.902,-0.954,0.000,12.397,1.950,-0.434,-1
443,-0.908,-0.956,0.000,12.206,1.951,-0.428,-1
444,-0.914,-0.957,0.000,12.015,1.953,-0.421,-1
445,-0.920,-0.958,0.000,11.825,1.954,-0.415,-1
446,-0.926,-0.960,0.000,11.636,1.956,-0.408,-1
447,-0.933,-0.961,0.000,11.447,1.957,-0.402,-1
448,-0.939,-0.962,0.000,11.259,1.958,-0.395,-1
449,-0.945,-0.963,0.000,11.072,1.960,-0.389,-1
450,-0.951,-0.965,0.000,10.886,1.961,-0.383,-1
451,-0.957,-0.966,0.000,10.701,1.962,-0.376,-1
452,-0.963,-0.967,0.000,10.517,1.963,-0.370,-1
453,-0.969,-0.968,0.000,10.335,1.964,-0.364,-1
454,-0.975,-0.969,0.000,10.153,1.966,-0.358,-1
455,-0.982,-0.971,0.000,9.972,1.967,-0.351,-1
456,-0.988,-0.972,0.000,9.793,1.968,-0.345,-1
457,-0.994,-0.973,0.000,9.615,1.969,-0.339,-1
458,-1.000,-0.974,0.000,9.438,1.970,-0.333,-1
459,-1.006,-0.975,0.000,9.263,1.971,-0.327,-1
460,-1.012,-0.976,0.000,9.089,1.972,-0.321,-1
461,-1.018,-0.977,0.000,8.917,1.973,-0.315,-1
462,-1.024,-0.978,0.000,8.746,1.974,-0.309,-1
463,-1.030,-0.979,0.000,8.577,1.975,-0.303,-1
464,-1.036,-0.980,0.000,8.409,1.975,-0.298,-1
465,-1.042,-0.981,0.000,8.242,1.976,-0.292,-1
466,-1.048,-0.982,0.000,8.077,1.977,-0.286,-1
467,-1.053,-0.982,0.000,7.914,1.978,-0.281,-1
468,-1.059,-0.983,0.000,7.752,1.979,-0.275,-1
469,-1.065,-0.984,0.000,7.592,1.980,-0.269,-1
470,-1.071,-0.985,0.000,7.434,1.980,-0.264,-1
471,-1.077,-0.986,0.000,7.277,1.981,-0.259,-1
472,-1.083,-0.986,0.000,7.122,1.982,-0.253,-1
473,-1.089,-0.987,0.000,6.969,1.982,-0.248,-1
474,-1.094,-0.988,0.000,6.818,1.983,-0.243,-1
475,-1.100,-0.989,0.000,6.668,1.984,-0.237,-1
476,-1.106,-0.989,0.000,6.520,1.984,-0.232,-1
477,-1.112,-0.990,0.000,6.375,1.985,-0.227,-1
478,-1.117,-0.991,0.000,6.231,1.985,-0.222,-1
479,-1.123,-0.991,0.000,6.088,1.986,-0.217,-1
480,-1.129,-0.992,0.000,5.948,1.986,-0.213,-1
481,-1.135,-0.993,0.000,5.810,1.987,-0.208,-1
482,-1.140,-0.993,0.000,5.673,1.987,-0.203,-1
483,-1.146,-0.994,0.000,5.538,1.988,-0.198,-1
484,-1.152,-0.994,0.000,5.405,1.988,-0.194,-1
485,-1.158,-0.995,0.000,5.274,1.989,-0.189,-1
486,-1.163,-0.996,0.000,5.145,1.989,-0.185,-1
487,-1.169,-0.996,0.000,5.017,1.990,-0.180,-1
488,-1.175,-0.997,0.000,4.892,1.990,-0.176,-1
489,-1.180,-0.997,0.000,4.768,1.990,-0.172,-1
490,-1.186,-0.998,0.000,4.646,1.991,-0.167,-1
491,-1.192,-0.998,0.000,4.526,1.991,-0.163,-1
492,-1.197,-0.999,0.000,4.407,1.991,-0.159,-1
493,-1.203,-0.999,0.000,4.290,1.992,-0.155,-1
494,-1.208,-0.999,0.000,4.175,1.992,-0.151,-1
495,-1.214,-1.000,0.000,4.062,1.992,-0.147,-1
496,-1.220,-1.000,0.000,3.950,1.993,-0.143,-1
497,-1.226,-1.001,0.000,3.836,1.994,-0.139,16.0
498,-1.232,-1.001,0.000,3.713,1.993,-0.135,16.0
499,-1.238,-1.002,0.000,3.583,1.994,-0.130,16.0
500,-1.245,-1.002,0.000,3.445,1.994,-0.126,16.0
501,-1.251,-1.002,0.000,3.299,1.994,-0.120,16.0
502,-1.258,-1.003,0.000,3.147,1.994,-0.115,16.0
503,-1.264,-1.003,0.000,2.987,1.995,-0.110,16.0
504,-1.270,-1.003,0.000,2.821,1.995,-0.104,16.0
505,-1.277,-1.004,0.000,2.647,1.995,-0.098,16.0
506,-1.283,-1.004,0.000,2.467,1.996,-0.092,16.0
507,-1.289,-1.004,0.000,2.281,1.996,-0.085,16.0
508,-1.296,-1.004,0.000,2.089,1.996,-0.078,16.0
509,-1.302,-1.004,0.000,1.891,1.997,-0.071,16.0
510,-1.308,-1.005,0.000,1.688,1.997,-0.064,16.0
511,-1.315,-1.005,0.000,1.479,1.997,-0.057,16.0
512,-1.321,-1.005,0.000,1.266,1.997,-0.050,16.0
513,-1.327,-1.005,0.000,1.048,1.997,-0.042,16.0
514,-1.333,-1.005,0.000,0.827,1.998,-0.034,16.0
515,-1.340,-1.005,0.000,0.602,1.998,-0.027,16.0
516,-1.346,-1.005,0.000,0.373,1.998,-0.019,16.0
517,-1.352,-1.005,0.000,0.142,1.998,-0.011,16.0
518,-1.358,-1.005,0.000,-0.093,1.998,-0.002,16.0
519,-1.365,-1.005,0.000,-0.330,1.998,0.006,16.0
520,-1.371,-1.005,0.000,-0.570,1.998,0.014,16.0
521,-1.377,-1.005,0.000,-0.814,1.998,0.023,16.0
522,-1.383,-1.005,0.000,-1.060,1.998,0.031,16.0
523,-1.389,-1.005,0.000,-1.310,1.997,0.040,16.0
524,-1.395,-1.005,0.000,-1.564,1.997,0.049,16.0
525,-1.401,-1.005,0.000,-1.822,1.997,0.058,16.0
526,-1.407,-1.004,0.000,-2.085,1.997,0.067,16.0
527,-1.413,-1.004,0.000,-2.351,1.996,0.076,16.0
528,-1.419,-1.004,0.000,-2.623,1.996,0.086,16.0
529,-1.425,-1.004,0.000,-2.898,1.996,0.095,16.0
530,-1.431,-1.003,0.000,-3.179,1.995,0.105,16.0
531,-1.437,-1.003,0.000,-3.463,1.994,0.115,16.0
532,-1.443,-1.003,0.000,-3.753,1.994,0.125,16.0
533,-1.449,-1.002,0.000,-4.046,1.993,0.135,16.0
534,-1.455,-1.002,0.000,-4.344,1.992,0.146,16.0
535,-1.461,-1.001,0.000,-4.646,1.992,0.156,16.0
536,-1.467,-1.001,0.000,-4.953,1.991,0.167,16.0
537,-1.473,-1.000,0.000,-5.263,1.990,0.178,16.0
538,-1.479,-1.000,0.000,-5.578,1.989,0.189,16.0
539,-1.485,-0.999,0.000,-5.896,1.988,0.200,16.0
540,-1.491,-0.998,0.000,-6.219,1.987,0.211,16.0
541,-1.497,-0.998,0.000,-6.545,1.985,0.222,16.0
542,-1.502,-0.997,0.000,-6.875,1.984,0.234,16.0
543,-1.508,-0.996,0.000,-7.208,1.983,0.245,16.0
544,-1.514,-0.995,0.000,-7.545,1.981,0.257,16.0
545,-1.520,-0.995,0.000,-7.884,1.980,0.268,16.0
546,-1.526,-0.994,0.000,-8.227,1.978,0.280,16.0
547,-1.532,-0.993,0.000,-8.573,1.976,0.292,16.0
548,-1.537,-0.992,0.000,-8.922,1.975,0.304,16.0
549,-1.543,-0.991,0.000,-9.273,1.973,0.316,16.0
550,-1.549,-0.990,0.000,-9.626,1.971,0.329,16.0
551,-1.555,-0.989,0.000,-9.982,1.969,0.341,16.0
552,-1.561,-0.988,0.000,-10.339,1.966,0.353,16.0
553,-1.566,-0.987,0.000,-10.699,1.964,0.365,16.0
554,-1.572,-0.986,0.000,-11.060,1.962,0.378,16.0
555,-1.578,-0.984,0.000,-11.422,1.959,0.390,16.0
556,-1.583,-0.983,0.000,-11.785,1.957,0.403,16.0
557,-1.589,-0.982,0.000,-12.150,1.954,0.415,16.0
558,-1.595,-0.981,0.000,-12.516,1.952,0.427,16.0
559,-1.600,-0.979,0.000,-12.883,1.949,0.440,16.0
560,-1.606,-0.978,0.000,-13.250,1.946,0.452,16.0
561,-1.612,-0.976,0.000,-13.618,1.943,0.465,16.0
562,-1.617,-0.975,0.000,-13.987,1.940,0.477,16.0
563,-1.623,-0.974,0.000,-14.356,1.937,0.490,16.0
564,-1.628,-0.972,0.000,-14.726,1.934,0.502,16.0
565,-1.634,-0.970,0.000,-15.095,1.930,0.515,16.0
566,-1.639,-0.969,0.000,-15.464,1.927,0.527,16.0
567,-1.645,-0.967,0.000,-15.832,1.924,0.540,16.0
568,-1.650,-0.966,0.000,-16.200,1.920,0.552,16.0
569,-1.656,-0.964,0.000,-16.566,1.917,0.564,16.0
570,-1.661,-0.962,0.000,-16.932,1.913,0.576,16.0
571,-1.667,-0.960,0.000,-17.296,1.909,0.589,16.0
572,-1.672,-0.959,0.000,-17.659,1.905,0.601,16.0
573,-1.678,-0.957,0.000,-18.021,1.902,0.613,16.0
574,-1.683,-0.955,0.000,-18.380,1.898,0.625,16.0
575,-1.689,-0.953,0.000,-18.738,1.894,0.636,16.0
576,-1.694,-0.951,0.000,-19.093,1.890,0.648,16.0
577,-1.699,-0.949,0.000,-19.446,1.886,0.660,16.0
578,-1.705,-0.947,0.000,-19.797,1.882,0.671,16.0
579,-1.710,-0.945,0.000,-20.145,1.878,0.683,16.0
580,-1.715,-0.943,0.000,-20.491,1.873,0.694,16.0
581,-1.721,-0.941,0.000,-20.834,1.869,0.705,16.0
582,-1.726,-0.939,0.000,-21.173,1.865,0.716,16.0
583,-1.731,-0.937,0.000,-21.510,1.861,0.727,16.0
584,-1.736,-0.935,0.000,-21.844,1.857,0.738,16.0
585,-1.742,-0.932,0.000,-22.174,1.852,0.749,16.0
586,-1.747,-0.930,0.000,-22.500,1.848,0.759,16.0
587,-1.752,-0.928,0.000,-22.823,1.844,0.770,16.0
588,-1.757,-0.926,0.000,-23.142,1.839,0.780,16.0
589,-1.762,-0.923,0.000,-23.457,1.835,0.790,16.0
590,-1.768,-0.921,0.000,-23.767,1.831,0.800,16.0
591,-1.773,-0.919,0.000,-24.074,1.826,0.810,16.0
592,-1.778,-0.916,0.000,-24.376,1.822,0.819,16.0
593,-1.783,-0.914,0.000,-24.674,1.818,0.829,16.0
594,-1.788,-0.911,0.000,-24.967,1.814,0.838,16.0
595,-1.793,-0.909,0.000,-25.256,1.809,0.847,16.0
596,-1.798,-0.907,0.000,-25.540,1.805,0.856,16.0
597,-1.803,-0.904,0.000,-25.820,1.801,0.865,16.0
598,-1.808,-0.902,0.000,-26.094,1.797,0.874,16.0
599,-1.813,-0.899,0.000,-26.363,1.793,0.882,16.0
600,-1.818,-0.896,0.000,-26.628,1.789,0.890,16.0
601,-1.823,-0.894,0.000,-26.887,1.785,0.898,16.0
602,-1.827,-0.891,0.000,-27.140,1.781,0.906,16.0
603,-1.832,-0.889,0.000,-27.388,1.777,0.914,16.0
604,-1.837,-0.886,0.000,-27.631,1.773,0.921,16.0
605,-1.842,-0.883,0.000,-27.868,1.769,0.929,16.0
606,-1.847,-0.881,0.000,-28.099,1.765,0.936,16.0
607,-1.852,-0.878,0.000,-28.324,1.761,0.943,16.0
608,-1.857,-0.875,0.000,-28.543,1.758,0.950,16.0
609,-1.861,-0.873,0.000,-28.756,1.754,0.956,16.0
610,-1.866,-0.870,0.000,-28.963,1.751,0.962,16.0
611,-1.871,-0.867,0.000,-29.164,1.747,0.969,16.0
612,-1.876,-0.865,0.000,-29.359,1.744,0.974,16.0
613,-1.880,-0.862,0.000,-29.548,1.741,0.980,16.0
614,-1.885,-0.859,0.000,-29.731,1.738,0.986,16.0
615,-1.890,-0.856,0.000,-29.908,1.735,0.991,16.0
616,-1.894,-0.854,0.000,-30.078,1.732,0.996,16.0
617,-1.899,-0.851,0.000,-30.242,1.729,1.001,16.0
618,-1.904,-0.848,0.000,-30.400,1.726,1.006,16.0
619,-1.908,-0.845,0.000,-30.551,1.723,1.011,16.0
620,-1.913,-0.842,0.000,-30.696,1.721,1.015,16.0
621,-1.917,-0.840,0.000,-30.835,1.718,1.019,16.0
622,-1.922,-0.837,0.000,-30.966,1.716,1.023,16.0
623,-1.926,-0.834,0.000,-31.091,1.714,1.027,16.0
624,-1.931,-0.831,0.000,-31.210,1.712,1.030,16.0
625,-1.936,-0.828,0.000,-31.321,1.710,1.034,16.0
626,-1.940,-0.826,0.000,-31.426,1.708,1.037,16.0
627,-1.945,-0.823,0.000,-31.524,1.706,1.040,16.0
628,-1.949,-0.820,0.000,-31.616,1.704,1.042,16.0
629,-1.954,-0.817,0.000,-31.701,1.703,1.045,16.0
630,-1.958,-0.814,0.000,-31.779,1.701,1.047,16.0
631,-1.963,-0.811,0.000,-31.850,1.700,1.049,16.0
632,-1.967,-0.808,0.000,-31.915,1.699,1.051,16.0
633,-1.972,-0.806,0.000,-31.974,1.698,1.053,16.0
634,-1.976,-0.803,0.000,-32.026,1.697,1.055,16.0
635,-1.980,-0.800,0.000,-32.072,1.696,1.056,16.0
636,-1.985,-0.797,0.000,-32.111,1.695,1.057,16.0
637,-1.989,-0.794,0.000,-32.144,1.695,1.058,16.0
638,-1.994,-0.791,0.000,-32.171,1.694,1.059,16.0
639,-1.998,-0.788,0.000,-32.191,1.694,1.059,16.0
640,-2.003,-0.786,0.000,-32.205,1.694,1.060,16.0
641,-2.007,-0.783,0.000,-32.212,1.693,1.060,16.0
642,-2.011,-0.780,0.000,-32.213,1.693,1.060,16.0
643,-2.016,-0.777,0.000,-32.208,1.694,1.060,16.0
644,-2.020,-0.774,0.000,-32.196,1.694,1.060,16.0
645,-2.024,-0.771,0.000,-32.177,1.694,1.059,16.0
646,-2.029,-0.769,0.000,-32.152,1.695,1.058,16.0
647,-2.033,-0.766,0.000,-32.121,1.695,1.057,16.0
648,-2.038,-0.763,0.000,-32.084,1.696,1.056,16.0
649,-2.042,-0.760,0.000,-32.041,1.697,1.055,16.0
650,-2.046,-0.757,0.000,-31.991,1.698,1.054,16.0
651,-2.051,-0.755,0.000,-31.936,1.699,1.052,16.0
652,-2.055,-0.752,0.000,-31.875,1.700,1.050,16.0
653,-2.059,-0.749,0.000,-31.808,1.701,1.048,16.0
654,-2.064,-0.746,0.000,-31.736,1.702,1.046,16.0
655,-2.068,-0.743,0.000,-31.658,1.704,1.044,16.0
656,-2.072,-0.741,0.000,-31.575,1.705,1.041,16.0
657,-2.077,-0.738,0.000,-31.486,1.707,1.039,16.0
658,-2.081,-0.735,0.000,-31.392,1.708,1.036,16.0
659,-2.086,-0.732,0.000,-31.292,1.710,1.033,16.0
660,-2.090,-0.730,0.000,-31.187,1.712,1.030,16.0
661,-2.094,-0.727,0.000,-31.077,1.714,1.026,16.0
662,-2.099,-0.724,0.000,-30.962,1.716,1.023,16.0
663,-2.103,-0.722,0.000,-30.842,1.718,1.019,16.0
664,-2.107,-0.719,0.000,-30.716,1.721,1.015,16.0
665,-2.112,-0.716,0.000,-30.585,1.723,1.012,16.0
666,-2.116,-0.714,0.000,-30.450,1.725,1.007,16.0
667,-2.120,-0.711,0.000,-30.309,1.728,1.003,16.0
668,-2.125,-0.708,0.000,-30.164,1.730,0.999,16.0
669,-2.129,-0.706,0.000,-30.015,1.733,0.994,16.0
670,-2.134,-0.703,0.000,-29.861,1.736,0.990,16.0
671,-2.138,-0.701,0.000,-29.703,1.738,0.985,16.0
672,-2.142,-0.698,0.000,-29.541,1.741,0.980,16.0
673,-2.147,-0.695,0.000,-29.374,1.744,0.975,16.0
674,-2.151,-0.693,0.000,-29.204,1.747,0.970,16.0
675,-2.156,-0.690,0.000,-29.029,1.750,0.964,16.0
676,-2.160,-0.688,0.000,-28.851,1.753,0.959,16.0
677,-2.164,-0.685,0.000,-28.669,1.756,0.953,16.0
678,-2.169,-0.683,0.000,-28.483,1.759,0.948,16.0
679,-2.173,-0.680,0.000,-28.293,1.762,0.942,16.0
680,-2.178,-0.678,0.000,-28.100,1.765,0.936,16.0
681,-2.182,-0.675,0.000,-27.904,1.768,0.930,16.0
682,-2.186,-0.673,0.000,-27.705,1.772,0.924,16.0
683,-2.191,-0.671,0.000,-27.502,1.775,0.917,16.0
684,-2.195,-0.668,0.000,-27.296,1.778,0.911,16.0
685,-2.200,-0.666,0.000,-27.087,1.781,0.905,16.0
686,-2.204,-0.664,0.000,-26.876,1.785,0.898,16.0
687,-2.209,-0.661,0.000,-26.662,1.788,0.891,16.0
688,-2.213,-0.659,0.000,-26.445,1.791,0.885,16.0
689,-2.218,-0.657,0.000,-26.226,1.795,0.878,16.0
690,-2.222,-0.654,0.000,-26.004,1.798,0.871,16.0
691,-2.227,-0.652,0.000,-25.780,1.802,0.864,16.0
692,-2.231,-0.650,0.000,-25.554,1.805,0.857,16.0
693,-2.236,-0.647,0.000,-25.325,1.808,0.849,16.0
694,-2.240,-0.645,0.000,-25.095,1.812,0.842,16.0
695,-2.245,-0.643,0.000,-24.863,1.815,0.835,16.0
696,-2.249,-0.641,0.000,-24.629,1.818,0.827,16.0
697,-2.254,-0.639,0.000,-24.394,1.822,0.820,16.0
698,-2.258,-0.637,0.000,-24.158,1.825,0.812,16.0
699,-2.263,-0.635,0.000,-23.920,1.829,0.805,16.0
700,-2.267,-0.632,0.000,-23.680,1.832,0.797,16.0
701,-2.272,-0.630,0.000,-23.440,1.835,0.789,16.0
702,-2.277,-0.628,0.000,-23.199,1.839,0.782,16.0
703,-2.281,-0.626,0.000,-22.956,1.842,0.774,16.0
704,-2.286,-0.624,0.000,-22.713,1.845,0.766,16.0
705,-2.290,-0.622,0.000,-22.469,1.848,0.758,16.0
706,-2.295,-0.620,0.000,-22.224,1.852,0.750,16.0
707,-2.299,-0.618,0.000,-21.979,1.855,0.742,16.0
708,-2.304,-0.616,0.000,-21.734,1.858,0.734,16.0
709,-2.309,-0.614,0.000,-21.488,1.861,0.727,16.0
710,-2.313,-0.613,0.000,-21.242,1.864,0.719,16.0
711,-2.318,-0.611,0.000,-20.997,1.867,0.711,16.0
712,-2.323,-0.609,0.000,-20.751,1.870,0.702,16.0
713,-2.327,-0.607,0.000,-20.505,1.873,0.694,16.0
714,-2.332,-0.605,0.000,-20.259,1.876,0.686,16.0
715,-2.336,-0.603,0.000,-20.014,1.879,0.678,16.0
716,-2.341,-0.602,0.000,-19.769,1.882,0.670,16.0
717,-2.346,-0.600,0.000,-19.525,1.885,0.662,16.0
718,-2.350,-0.598,0.000,-19.281,1.888,0.654,16.0
719,-2.355,-0.597,0.000,-19.038,1.890,0.646,16.0
720,-2.360,-0.595,0.000,-18.795,1.893,0.638,16.0
721,-2.364,-0.593,0.000,-18.554,1.896,0.630,16.0
722,-2.369,-0.592,0.000,-18.314,1.898,0.622,16.0
723,-2.374,-0.590,0.000,-18.075,1.901,0.614,16.0
724,-2.378,-0.588,0.000,-17.837,1.904,0.607,16.0
725,-2.383,-0.587,0.000,-17.600,1.906,0.599,16.0
726,-2.388,-0.585,0.000,-17.366,1.908,0.591,16.0
727,-2.393,-0.584,0.000,-17.132,1.911,0.583,16.0
728,-2.397,-0.582,0.000,-16.900,1.913,0.575,16.0
729,-2.402,-0.581,0.000,-16.671,1.915,0.568,16.0
730,-2.407,-0.579,0.000,-16.443,1.918,0.560,16.0
731,-2.411,-0.578,0.000,-16.216,1.920,0.552,16.0
732,-2.416,-0.576,0.000,-15.992,1.922,0.545,16.0
733,-2.421,-0.575,0.000,-15.770,1.924,0.537,16.0
734,-2.426,-0.573,0.000,-15.550,1.926,0.530,16.0
735,-2.430,-0.572,0.000,-15.333,1.928,0.523,16.0
736,-2.435,-0.571,0.000,-15.117,1.930,0.516,16.0
737,-2.440,-0.569,0.000,-14.905,1.932,0.508,16.0
738,-2.444,-0.568,0.000,-14.694,1.934,0.501,16.0
739,-2.449,-0.567,0.000,-14.486,1.936,0.494,16.0
740,-2.454,-0.565,0.000,-14.281,1.937,0.487,16.0
741,-2.459,-0.564,0.000,-14.079,1.939,0.480,16.0
742,-2.463,-0.563,0.000,-13.879,1.941,0.474,16.0
743,-2.468,-0.562,0.000,-13.682,1.942,0.467,16.0
744,-2.473,-0.561,0.000,-13.488,1.944,0.460,16.0
745,-2.478,-0.559,0.000,-13.298,1.946,0.454,16.0
746,-2.482,-0.558,0.000,-13.110,1.947,0.448,16.0
747,-2.487,-0.557,0.000,-12.926,1.948,0.441,16.0
748,-2.492,-0.556,0.000,-12.744,1.950,0.435,16.0
749,-2.497,-0.555,0.000,-12.567,1.951,0.429,16.0
750,-2.501,-0.554,0.000,-12.392,1.952,0.423,16.0
751,-2.506,-0.553,0.000,-12.221,1.954,0.417,16.0
752,-2.511,-0.551,0.000,-12.054,1.955,0.412,16.0
753,-2.516,-0.550,0.000,-11.890,1.956,0.406,16.0
754,-2.520,-0.549,0.000,-11.730,1.957,0.401,16.0
755,-2.525,-0.548,0.000,-11.573,1.958,0.395,16.0
756,-2.530,-0.547,0.000,-11.421,1.959,0.390,16.0
757,-2.535,-0.546,0.000,-11.272,1.960,0.385,16.0
758,-2.539,-0.545,0.000,-11.127,1.961,0.380,16.0
759,-2.544,-0.544,0.000,-10.986,1.962,0.375,16.0
760,-2.549,-0.543,0.000,-10.849,1.963,0.370,16.0
761,-2.553,-0.542,0.000,-10.715,1.964,0.366,16.0
762,-2.558,-0.542,0.000,-10.586,1.965,0.361,16.0
763,-2.562,-0.541,0.000,-10.461,1.966,0.357,16.0
764,-2.567,-0.540,0.000,-10.340,1.966,0.353,16.0
765,-2.571,-0.539,0.000,-10.222,1.967,0.349,16.0
766,-2.575,-0.538,0.000,-10.109,1.968,0.345,16.0
767,-2.579,-0.537,0.000,-10.000,1.968,0.341,16.0
768,-2.583,-0.537,0.000,-9.895,1.969,0.338,16.0
769,-2.588,-0.536,0.000,-9.794,1.970,0.334,16.0
770,-2.592,-0.535,0.000,-9.697,1.970,0.331,16.0
771,-2.595,-0.535,0.000,-9.604,1.971,0.328,16.0
772,-2.599,-0.534,0.000,-9.516,1.971,0.325,16.0
773,-2.603,-0.533,0.000,-9.431,1.972,0.322,16.0
774,-2.607,-0.533,0.000,-9.350,1.972,0.319,16.0
775,-2.611,-0.532,0.000,-9.274,1.973,0.316,16.0
776,-2.614,-0.531,0.000,-9.201,1.973,0.314,16.0
777,-2.618,-0.531,0.000,-9.132,1.973,0.311,16.0
778,-2.622,-0.530,0.000,-9.068,1.974,0.309,16.0
779,-2.625,-0.529,0.000,-9.007,1.974,0.307,16.0
780,-2.629,-0.529,0.000,-8.951,1.974,0.305,16.0
781,-2.632,-0.528,0.000,-8.898,1.975,0.303,16.0
782,-2.635,-0.528,0.000,-8.849,1.975,0.302,16.0
783,-2.639,-0.527,0.000,-8.804,1.975,0.300,16.0
784,-2.642,-0.527,0.000,-8.763,1.975,0.299,16.0
785,-2.645,-0.526,0.000,-8.726,1.976,0.298,16.0
786,-2.648,-0.526,0.000,-8.693,1.976,0.296,16.0
787,-2.651,-0.525,0.000,-8.664,1.976,0.295,16.0
788,-2.654,-0.525,0.000,-8.638,1.976,0.294,16.0
789,-2.657,-0.524,0.000,-8.616,1.976,0.294,16.0
790,-2.660,-0.524,0.000,-8.598,1.976,0.293,16.0
791,-2.663,-0.523,0.000,-8.583,1.976,0.293,16.0
792,-2.666,-0.523,0.000,-8.572,1.976,0.292,16.0
793,-2.669,-0.522,0.000,-8.565,1.976,0.292,16.0
794,-2.672,-0.522,0.000,-8.562,1.976,0.292,16.0
795,-2.675,-0.521,0.000,-8.561,1.976,0.292,16.0
796,-2.677,-0.521,0.000,-8.565,1.976,0.292,16.0
797,-2.680,-0.520,0.000,-8.572,1.976,0.292,16.0
798,-2.683,-0.520,0.000,-8.582,1.976,0.293,16.0
799,-2.685,-0.520,0.000,-8.596,1.976,0.293,16.0
800,-2.688,-0.519,0.000,-8.612,1.976,0.294,16.0
801,-2.690,-0.519,0.000,-8.633,1.976,0.294,16.0
802,-2.693,-0.518,0.000,-8.656,1.976,0.295,16.0
803,-2.695,-0.518,0.000,-8.683,1.976,0.296,16.0
804,-2.698,-0.517,0.000,-8.713,1.976,0.297,16.0
805,-2.700,-0.517,0.000,-8.746,1.975,0.298,16.0
806,-2.703,-0.517,0.000,-8.782,1.975,0.299,16.0
807,-2.705,-0.516,0.000,-8.821,1.975,0.301,16.0
808,-2.707,-0.516,0.000,-8.863,1.975,0.302,16.0
809,-2.709,-0.516,0.000,-8.908,1.975,0.304,16.0
810,-2.712,-0.515,0.000,-8.956,1.974,0.305,16.0
811,-2.714,-0.515,0.000,-9.007,1.974,0.307,16.0
812,-2.716,-0.514,0.000,-9.061,1.974,0.309,16.0
813,-2.718,-0.514,0.000,-9.117,1.973,0.311,16.0
814,-2.720,-0.514,0.000,-9.177,1.973,0.313,16.0
815,-2.722,-0.513,0.000,-9.238,1.973,0.315,16.0
816,-2.724,-0.513,0.000,-9.303,1.972,0.317,16.0
817,-2.726,-0.513,0.000,-9.370,1.972,0.320,16.0
818,-2.728,-0.512,0.000,-9.439,1.972,0.322,16.0
819,-2.730,-0.512,0.000,-9.511,1.971,0.325,16.0
820,-2.732,-0.511,0.000,-9.586,1.971,0.327,16.0
821,-2.734,-0.511,0.000,-9.663,1.970,0.330,16.0
822,-2.736,-0.511,0.000,-9.742,1.970,0.332,16.0
823,-2.738,-0.510,0.000,-9.823,1.969,0.335,16.0
824,-2.739,-0.510,0.000,-9.907,1.969,0.338,16.0
825,-2.741,-0.510,0.000,-9.993,1.968,0.341,16.0
826,-2.743,-0.509,0.000,-10.081,1.968,0.344,16.0
827,-2.745,-0.509,0.000,-10.172,1.967,0.347,16.0
828,-2.746,-0.509,0.000,-10.264,1.967,0.350,16.0
829,-2.748,-0.508,0.000,-10.358,1.966,0.354,16.0
830,-2.750,-0.508,0.000,-10.454,1.966,0.357,16.0
831,-2.751,-0.508,0.000,-10.553,1.965,0.360,16.0
832,-2.753,-0.507,0.000,-10.653,1.964,0.364,16.0
833,-2.755,-0.507,0.000,-10.755,1.964,0.367,16.0
834,-2.756,-0.506,0.000,-10.858,1.963,0.371,16.0
835,-2.758,-0.506,0.000,-10.964,1.962,0.374,16.0
836,-2.759,-0.506,0.000,-11.071,1.962,0.378,16.0
837,-2.761,-0.505,0.000,-11.180,1.961,0.382,16.0
838,-2.762,-0.505,0.000,-11.290,1.960,0.386,16.0
839,-2.764,-0.505,0.000,-11.402,1.959,0.389,16.0
840,-2.765,-0.504,0.000,-11.515,1.959,0.393,16.0
841,-2.766,-0.504,0.000,-11.630,1.958,0.397,16.0
842,-2.768,-0.504,0.000,-11.747,1.957,0.401,16.0
843,-2.769,-0.503,0.000,-11.864,1.956,0.405,16.0
844,-2.770,-0.503,0.000,-11.983,1.955,0.409,16.0
845,-2.772,-0.503,0.000,-12.104,1.955,0.413,16.0
846,-2.773,-0.502,0.000,-12.225,1.954,0.417,16.0
847,-2.774,-0.502,0.000,-12.348,1.953,0.422,16.0
848,-2.776,-0.502,0.000,-12.472,1.952,0.426,16.0
849,-2.777,-0.501,0.000,-12.597,1.951,0.430,16.0
850,-2.778,-0.501,0.000,-12.723,1.950,0.434,16.0
851,-2.779,-0.501,0.000,-12.850,1.949,0.439,16.0
852,-2.780,-0.500,0.000,-12.978,1.948,0.443,16.0
853,-2.782,-0.500,0.000,-13.107,1.947,0.448,16.0
854,-2.783,-0.500,0.000,-13.237,1.946,0.452,16.0
855,-2.784,-0.499,0.000,-13.368,1.945,0.456,16.0
856,-2.785,-0.499,0.000,-13.500,1.944,0.461,16.0
857,-2.786,-0.499,0.000,-13.633,1.943,0.465,16.0
858,-2.787,-0.498,0.000,-13.766,1.942,0.470,16.0
859,-2.788,-0.498,0.000,-13.900,1.941,0.474,16.0
860,-2.789,-0.498,0.000,-14.035,1.940,0.479,16.0
861,-2.790,-0.498,0.000,-14.170,1.938,0.484,16.0
862,-2.791,-0.497,0.000,-14.306,1.937,0.488,16.0
863,-2.792,-0.497,0.000,-14.443,1.936,0.493,16.0
864,-2.793,-0.497,0.000,-14.580,1.935,0.497,16.0
865,-2.794,-0.496,0.000,-14.718,1.934,0.502,16.0
866,-2.795,-0.496,0.000,-14.856,1.932,0.507,16.0
867,-2.796,-0.496,0.000,-14.995,1.931,0.511,16.0
868,-2.797,-0.495,0.000,-15.134,1.930,0.516,16.0
869,-2.798,-0.495,0.000,-15.274,1.929,0.521,16.0
870,-2.799,-0.495,0.000,-15.415,1.927,0.526,16.0
871,-2.800,-0.494,0.000,-15.555,1.926,0.530,16.0
872,-2.801,-0.494,0.000,-15.696,1.925,0.535,16.0
873,-2.802,-0.494,0.000,-15.837,1.924,0.540,16.0
874,-2.803,-0.493,0.000,-15.979,1.922,0.544,16.0
875,-2.803,-0.493,0.000,-16.121,1.921,0.549,16.0
876,-2.804,-0.493,0.000,-16.263,1.919,0.554,16.0
877,-2.805,-0.492,0.000,-16.405,1.918,0.559,16.0
878,-2.806,-0.492,0.000,-16.548,1.917,0.564,16.0
879,-2.807,-0.492,0.000,-16.691,1.915,0.568,16.0
880,-2.807,-0.492,0.000,-16.833,1.914,0.573,16.0
881,-2.808,-0.491,0.000,-16.976,1.912,0.578,16.0
882,-2.809,-0.491,0.000,-17.119,1.911,0.583,16.0
883,-2.810,-0.491,0.000,-17.262,1.910,0.587,16.0
884,-2.810,-0.490,0.000,-17.406,1.908,0.592,16.0
885,-2.811,-0.490,0.000,-17.549,1.907,0.597,16.0
886,-2.812,-0.490,0.000,-17.692,1.905,0.602,16.0
887,-2.813,-0.489,0.000,-17.835,1.904,0.606,16.0
888,-2.813,-0.489,0.000,-17.978,1.902,0.611,16.0
889,-2.814,-0.489,0.000,-18.121,1.900,0.616,16.0
890,-2.815,-0.489,0.000,-18.264,1.899,0.621,16.0
891,-2.815,-0.488,0.000,-18.407,1.897,0.625,16.0
892,-2.816,-0.488,0.000,-18.549,1.896,0.630,16.0
893,-2.817,-0.488,0.000,-18.692,1.894,0.635,16.0
894,-2.817,-0.487,0.000,-18.834,1.893,0.640,16.0
895,-2.818,-0.487,0.000,-18.976,1.891,0.644,16.0
896,-2.818,-0.487,0.000,-19.118,1.889,0.649,16.0
897,-2.819,-0.487,0.000,-19.260,1.888,0.654,16.0
898,-2.820,-0.486,0.000,-19.402,1.886,0.658,16.0
899,-2.820,-0.486,0.000,-19.543,1.885,0.663,16.0
900,-2.821,-0.486,0.000,-19.684,1.883,0.668,16.0
901,-2.821,-0.485,0.000,-19.825,1.881,0.672,16.0
902,-2.822,-0.485,0.000,-19.965,1.880,0.677,16.0
903,-2.822,-0.485,0.000,-20.105,1.878,0.681,16.0
904,-2.823,-0.485,0.000,-20.245,1.876,0.686,16.0
905,-2.823,-0.484,0.000,-20.384,1.875,0.690,16.0
906,-2.824,-0.484,0.000,-20.523,1.873,0.695,16.0
907,-2.825,-0.484,0.000,-20.662,1.871,0.700,16.0
908,-2.825,-0.484,0.000,-20.800,1.870,0.704,16.0
909,-2.826,-0.483,0.000,-20.938,1.868,0.709,16.0
910,-2.826,-0.483,0.000,-21.075,1.866,0.713,16.0
911,-2.826,-0.483,0.000,-21.212,1.865,0.717,16.0
912,-2.827,-0.482,0.000,-21.348,1.863,0.722,16.0
913,-2.827,-0.482,0.000,-21.484,1.861,0.726,16.0
914,-2.828,-0.482,0.000,-21.620,1.859,0.731,16.0
915,-2.828,-0.482,0.000,-21.755,1.858,0.735,16.0
916,-2.829,-0.481,0.000,-21.889,1.856,0.739,16.0
917,-2.829,-0.481,0.000,-22.023,1.854,0.744,16.0
918,-2.830,-0.481,0.000,-22.157,1.852,0.748,16.0
919,-2.830,-0.481,0.000,-22.290,1.851,0.752,16.0
920,-2.830,-0.480,0.000,-22.422,1.849,0.757,16.0
921,-2.831,-0.480,0.000,-22.554,1.847,0.761,16.0
922,-2.831,-0.480,0.000,-22.685,1.845,0.765,16.0
923,-2.832,-0.480,0.000,-22.816,1.844,0.769,16.0
924,-2.832,-0.479,0.000,-22.946,1.842,0.774,16.0
925,-2.832,-0.479,0.000,-23.075,1.840,0.778,16.0
926,-2.833,-0.479,0.000,-23.204,1.838,0.782,16.0
927,-2.833,-0.479,0.000,-23.332,1.837,0.786,16.0
928,-2.834,-0.478,0.000,-23.460,1.835,0.790,16.0
929,-2.834,-0.478,0.000,-23.587,1.833,0.794,16.0
930,-2.834,-0.478,0.000,-23.713,1.831,0.798,16.0
931,-2.835,-0.478,0.000,-23.838,1.830,0.802,16.0
932,-2.835,-0.478,0.000,-23.963,1.828,0.806,16.0
933,-2.835,-0.477,0.000,-24.088,1.826,0.810,16.0
934,-2.836,-0.477,0.000,-24.211,1.824,0.814,16.0
935,-2.836,-0.477,0.000,-24.334,1.823,0.818,16.0
936,-2.836,-0.477,0.000,-24.457,1.821,0.822,16.0
937,-2.837,-0.476,0.000,-24.578,1.819,0.826,16.0
938,-2.837,-0.476,0.000,-24.699,1.817,0.830,16.0
939,-2.837,-0.476,0.000,-24.819,1.816,0.833,16.0
940,-2.837,-0.476,0.000,-24.939,1.814,0.837,16.0
941,-2.838,-0.476,0.000,-25.057,1.812,0.841,16.0
942,-2.838,-0.475,0.000,-25.175,1.811,0.845,16.0
943,-2.838,-0.475,0.000,-25.293,1.809,0.848,16.0
944,-2.839,-0.475,0.000,-25.409,1.807,0.852,16.0
945,-2.839,-0.475,0.000,-25.525,1.805,0.856,16.0
946,-2.839,-0.474,0.000,-25.640,1.804,0.859,16.0
947,-2.839,-0.474,0.000,-25.754,1.802,0.863,16.0
948,-2.840,-0.474,0.000,-25.868,1.800,0.866,16.0
949,-2.840,-0.474,0.000,-25.981,1.798,0.870,16.0
950,-2.840,-0.474,0.000,-26.093,1.797,0.874,16.0
951,-2.840,-0.473,0.000,-26.204,1.795,0.877,16.0
952,-2.841,-0.473,0.000,-26.314,1.793,0.880,16.0
953,-2.841,-0.473,0.000,-26.424,1.792,0.884,16.0
954,-2.841,-0.473,0.000,-26.533,1.790,0.887,16.0
955,-2.841,-0.473,0.000,-26.641,1.788,0.891,16.0
956,-2.842,-0.472,0.000,-26.749,1.787,0.894,16.0
957,-2.842,-0.472,0.000,-26.855,1.785,0.897,16.0
958,-2.842,-0.472,0.000,-26.961,1.783,0.901,16.0
959,-2.842,-0.472,0.000,-27.066,1.782,0.904,16.0
960,-2.843,-0.472,0.000,-27.170,1.780,0.907,16.0
961,-2.843,-0.472,0.000,-27.274,1.778,0.910,16.0
962,-2.843,-0.471,0.000,-27.377,1.777,0.914,16.0
963,-2.843,-0.471,0.000,-27.479,1.775,0.917,16.0
964,-2.843,-0.471,0.000,-27.580,1.774,0.920,16.0
965,-2.844,-0.471,0.000,-27.680,1.772,0.923,16.0
966,-2.844,-0.471,0.000,-27.780,1.770,0.926,16.0
967,-2.844,-0.470,0.000,-27.878,1.769,0.929,16.0
968,-2.844,-0.470,0.000,-27.976,1.767,0.932,16.0
969,-2.844,-0.470,0.000,-28.073,1.766,0.935,16.0
970,-2.844,-0.470,0.000,-28.170,1.764,0.938,16.0
971,-2.845,-0.470,0.000,-28.265,1.762,0.941,16.0
972,-2.845,-0.470,0.000,-28.360,1.761,0.944,16.0
973,-2.845,-0.469,0.000,-28.454,1.759,0.947,16.0
974,-2.845,-0.469,0.000,-28.547,1.758,0.950,16.0
975,-2.845,-0.469,0.000,-28.639,1.756,0.952,16.0
976,-2.845,-0.469,0.000,-28.731,1.755,0.955,16.0
977,-2.846,-0.469,0.000,-28.822,1.753,0.958,16.0
978,-2.846,-0.469,0.000,-28.912,1.752,0.961,16.0
979,-2.846,-0.468,0.000,-29.001,1.750,0.964,16.0
980,-2.846,-0.468,0.000,-29.089,1.749,0.966,16.0
981,-2.846,-0.468,0.000,-29.177,1.747,0.969,16.0
982,-2.846,-0.468,0.000,-29.264,1.746,0.972,16.0
983,-2.846,-0.468,0.000,-29.350,1.744,0.974,16.0
984,-2.847,-0.468,0.000,-29.435,1.743,0.977,16.0
985,-2.847,-0.468,0.000,-29.519,1.741,0.979,16.0
986,-2.847,-0.467,0.000,-29.603,1.740,0.982,16.0
987,-2.847,-0.467,0.000,-29.686,1.739,0.984,16.0
988,-2.847,-0.467,0.000,-29.768,1.737,0.987,16.0
989,-2.847,-0.467,0.000,-29.849,1.736,0.989,16.0
990,-2.847,-0.467,0.000,-29.930,1.734,0.992,16.0
991,-2.848,-0.467,0.000,-30.009,1.733,0.994,16.0
992,-2.848,-0.467,0.000,-30.088,1.732,0.997,16.0
993,-2.848,-0.466,0.000,-30.166,1.730,0.999,16.0
994,-2.848,-0.466,0.000,-30.244,1.729,1.001,16.0
995,-2.848,-0.466,0.000,-30.321,1.728,1.004,16.0
996,-2.848,-0.466,0.000,-30.396,1.726,1.006,16.0
997,-2.848,-0.466,0.000,-30.472,1.725,1.008,16.0
998,-2.848,-0.466,0.000,-30.546,1.724,1.010,16.0
999,-2.848,-0.466,0.000,-30.620,1.722,1.013,16.0
1000,-2.849,-0.466,0.000,-30.692,1.721,1.015,16.0
1001,-2.849,-0.465,0.000,-30.764,1.720,1.017,16.0
1002,-2.849,-0.465,0.000,-30.836,1.718,1.019,16.0
1003,-2.849,-0.465,0.000,-30.906,1.717,1.021,16.0
1004,-2.849,-0.465,0.000,-30.976,1.716,1.023,16.0
1005,-2.849,-0.465,0.000,-31.045,1.715,1.025,16.0
1006,-2.849,-0.465,0.000,-31.114,1.713,1.027,16.0
1007,-2.849,-0.465,0.000,-31.181,1.712,1.029,16.0
1008,-2.849,-0.465,0.000,-31.248,1.711,1.031,16.0
1009,-2.849,-0.465,0.000,-31.315,1.710,1.033,16.0
1010,-2.850,-0.464,0.000,-31.380,1.709,1.035,16.0
1011,-2.850,-0.464,0.000,-31.445,1.707,1.037,16.0
1012,-2.850,-0.464,0.000,-31.509,1.706,1.039,16.0
1013,-2.850,-0.464,0.000,-31.572,1.705,1.041,16.0
1014,-2.850,-0.464,0.000,-31.635,1.704,1.043,16.0
1015,-2.850,-0.464,0.000,-31.697,1.703,1.045,16.0
1016,-2.850,-0.464,0.000,-31.758,1.702,1.047,16.0
1017,-2.850,-0.464,0.000,-31.818,1.701,1.048,16.0
1018,-2.850,-0.464,0.000,-31.878,1.700,1.050,16.0
1019,-2.850,-0.463,0.000,-31.937,1.699,1.052,16.0
1020,-2.850,-0.463,0.000,-31.996,1.697,1.054,16.0
1021,-2.850,-0.463,0.000,-32.053,1.696,1.055,16.0
1022,-2.850,-0.463,0.000,-32.110,1.695,1.057,16.0
1023,-2.851,-0.463,0.000,-32.167,1.694,1.059,16.0
1024,-2.851,-0.463,0.000,-32.222,1.693,1.060,16.0
1025,-2.851,-0.463,0.000,-32.277,1.692,1.062,16.0
1026,-2.851,-0.463,0.000,-32.332,1.691,1.064,16.0
1027,-2.851,-0.463,0.000,-32.385,1.690,1.065,16.0
1028,-2.851,-0.463,0.000,-32.438,1.689,1.067,16.0
1029,-2.851,-0.463,0.000,-32.491,1.688,1.068,16.0
1030,-2.851,-0.462,0.000,-32.542,1.687,1.070,16.0
1031,-2.851,-0.462,0.000,-32.593,1.686,1.071,16.0
1032,-2.851,-0.462,0.000,-32.644,1.685,1.073,16.0
1033,-2.851,-0.462,0.000,-32.694,1.684,1.074,16.0
1034,-2.851,-0.462,0.000,-32.743,1.684,1.076,16.0
1035,-2.851,-0.462,0.000,-32.791,1.683,1.077,16.0
1036,-2.851,-0.462,0.000,-32.839,1.682,1.079,16.0
1037,-2.851,-0.462,0.000,-32.886,1.681,1.080,16.0
1038,-2.851,-0.462,0.000,-32.933,1.680,1.081,16.0
1039,-2.851,-0.462,0.000,-32.979,1.679,1.083,16.0
1040,-2.852,-0.462,0.000,-33.025,1.678,1.084,16.0
1041,-2.852,-0.462,0.000,-33.069,1.677,1.085,16.0
1042,-2.852,-0.461,0.000,-33.114,1.677,1.087,16.0
1043,-2.852,-0.461,0.000,-33.158,1.676,1.088,16.0
1044,-2.852,-0.461,0.000,-33.201,1.675,1.089,16.0
1045,-2.852,-0.461,0.000,-33.243,1.674,1.090,16.0
1046,-2.852,-0.461,0.000,-33.285,1.673,1.092,16.0
1047,-2.852,-0.461,0.000,-33.327,1.673,1.093,16.0
1048,-2.852,-0.461,0.000,-33.368,1.672,1.094,16.0
1049,-2.852,-0.461,0.000,-33.409,1.671,1.095,16.0
1050,-2.852,-0.461,0.000,-33.449,1.670,1.096,16.0
1051,-2.852,-0.461,0.000,-33.488,1.669,1.097,16.0
1052,-2.852,-0.461,0.000,-33.527,1.669,1.099,16.0
1053,-2.852,-0.461,0.000,-33.566,1.668,1.100,16.0
1054,-2.852,-0.461,0.000,-33.604,1.667,1.101,16.0
1055,-2.852,-0.461,0.000,-33.642,1.666,1.102,16.0
1056,-2.852,-0.460,0.000,-33.679,1.666,1.103,16.0
1057,-2.852,-0.460,0.000,-33.715,1.665,1.104,16.0
1058,-2.852,-0.460,0.000,-33.752,1.664,1.105,16.0
1059,-2.852,-0.460,0.000,-33.788,1.664,1.106,16.0
1060,-2.852,-0.460,0.000,-33.823,1.663,1.107,16.0
1061,-2.852,-0.460,0.000,-33.858,1.662,1.108,16.0
1062,-2.852,-0.460,0.000,-33.892,1.662,1.109,16.0
1063,-2.853,-0.460,0.000,-33.927,1.661,1.110,16.0
1064,-2.853,-0.460,0.000,-33.960,1.660,1.111,16.0
1065,-2.853,-0.460,0.000,-33.994,1.660,1.112,16.0
1066,-2.853,-0.460,0.000,-34.026,1.659,1.113,16.0
1067,-2.853,-0.460,0.000,-34.059,1.658,1.114,16.0
1068,-2.853,-0.460,0.000,-34.091,1.658,1.115,16.0
1069,-2.853,-0.460,0.000,-34.123,1.657,1.116,16.0
1070,-2.853,-0.460,0.000,-34.154,1.657,1.117,16.0
1071,-2.853,-0.460,0.000,-34.185,1.656,1.118,16.0
1072,-2.853,-0.460,0.000,-34.216,1.655,1.119,16.0
1073,-2.853,-0.459,0.000,-34.246,1.655,1.119,16.0
1074,-2.853,-0.459,0.000,-34.276,1.654,1.120,16.0
1075,-2.853,-0.459,0.000,-34.305,1.654,1.121,16.0
1076,-2.853,-0.459,0.000,-34.334,1.653,1.122,16.0
1077,-2.853,-0.459,0.000,-34.363,1.652,1.123,16.0
1078,-2.853,-0.459,0.000,-34.391,1.652,1.124,16.0
1079,-2.853,-0.459,0.000,-34.419,1.651,1.124,16.0
1080,-2.853,-0.459,0.000,-34.447,1.651,1.125,16.0
1081,-2.853,-0.459,0.000,-34.474,1.650,1.126,16.0
1082,-2.853,-0.459,0.000,-34.502,1.650,1.127,16.0
1083,-2.853,-0.459,0.000,-34.528,1.649,1.128,16.0
1084,-2.853,-0.459,0.000,-34.555,1.649,1.128,16.0
1085,-2.853,-0.459,0.000,-34.581,1.648,1.129,16.0
1086,-2.853,-0.459,0.000,-34.607,1.648,1.130,16.0
1087,-2.853,-0.459,0.000,-34.632,1.647,1.131,16.0
1088,-2.853,-0.459,0.000,-34.657,1.647,1.131,16.0
1089,-2.853,-0.459,0.000,-34.682,1.646,1.132,16.0
1090,-2.853,-0.459,0.000,-34.707,1.646,1.133,16.0
1091,-2.853,-0.459,0.000,-34.731,1.645,1.133,16.0
1092,-2.853,-0.459,0.000,-34.755,1.645,1.134,16.0
1093,-2.853,-0.459,0.000,-34.779,1.644,1.135,16.0
1094,-2.853,-0.459,0.000,-34.802,1.644,1.135,16.0
1095,-2.853,-0.459,0.000,-34.825,1.643,1.136,16.0
1096,-2.853,-0.458,0.000,-34.848,1.643,1.137,16.0
1097,-2.853,-0.458,0.000,-34.871,1.642,1.137,16.0
1098,-2.853,-0.458,0.000,-34.893,1.642,1.138,16.0
1099,-2.853,-0.458,0.000,-34.915,1.642,1.139,16.0
1100,-2.853,-0.458,0.000,-34.937,1.641,1.139,16.0
1101,-2.853,-0.458,0.000,-34.958,1.641,1.140,16.0
1102,-2.854,-0.458,0.000,-34.980,1.640,1.141,16.0
1103,-2.854,-0.458,0.000,-35.001,1.640,1.141,16.0
1104,-2.854,-0.458,0.000,-35.021,1.639,1.142,16.0
1105,-2.854,-0.458,0.000,-35.042,1.639,1.142,16.0
1106,-2.854,-0.458,0.000,-35.062,1.639,1.143,16.0
1107,-2.854,-0.458,0.000,-35.082,1.638,1.143,16.0
1108,-2.854,-0.458,0.000,-35.102,1.638,1.144,16.0
1109,-2.854,-0.458,0.000,-35.121,1.637,1.145,16.0
1110,-2.854,-0.458,0.000,-35.140,1.637,1.145,16.0
1111,-2.854,-0.458,0.000,-35.160,1.637,1.146,16.0
1112,-2.854,-0.458,0.000,-35.178,1.636,1.146,16.0
1113,-2.854,-0.458,0.000,-35.197,1.636,1.147,16.0
1114,-2.854,-0.458,0.000,-35.215,1.636,1.147,16.0
1115,-2.854,-0.458,0.000,-35.233,1.635,1.148,16.0
1116,-2.854,-0.458,0.000,-35.251,1.635,1.148,16.0
1117,-2.854,-0.458,0.000,-35.269,1.635,1.149,16.0
1118,-2.854,-0.458,0.000,-35.286,1.634,1.149,16.0
1119,-2.854,-0.458,0.000,-35.304,1.634,1.150,16.0
1120,-2.854,-0.458,0.000,-35.321,1.633,1.150,16.0
1121,-2.854,-0.458,0.000,-35.337,1.633,1.151,16.0
1122,-2.854,-0.458,0.000,-35.354,1.633,1.151,16.0
1123,-2.854,-0.458,0.000,-35.370,1.632,1.152,16.0
1124,-2.854,-0.458,0.000,-35.386,1.632,1.152,16.0
1125,-2.854,-0.458,0.000,-35.402,1.632,1.153,16.0
1126,-2.854,-0.458,0.000,-35.418,1.632,1.153,16.0
1127,-2.854,-0.458,0.000,-35.434,1.631,1.154,16.0
1128,-2.854,-0.457,0.000,-35.449,1.631,1.154,16.0
1129,-2.854,-0.457,0.000,-35.464,1.631,1.154,16.0
1130,-2.854,-0.457,0.000,-35.479,1.630,1.155,16.0
1131,-2.854,-0.457,0.000,-35.494,1.630,1.155,16.0
1132,-2.854,-0.457,0.000,-35.508,1.630,1.156,16.0
1133,-2.854,-0.457,0.000,-35.523,1.629,1.156,16.0
1134,-2.854,-0.457,0.000,-35.537,1.629,1.156,16.0
1135,-2.854,-0.457,0.000,-35.551,1.629,1.157,16.0
1136,-2.854,-0.457,0.000,-35.564,1.629,1.157,16.0
1137,-2.854,-0.457,0.000,-35.577,1.628,1.158,16.0
1138,-2.854,-0.457,0.000,-35.591,1.628,1.158,16.0
1139,-2.854,-0.457,0.000,-35.603,1.628,1.158,16.0
1140,-2.854,-0.457,0.000,-35.616,1.628,1.159,16.0
1141,-2.854,-0.457,0.000,-35.628,1.627,1.159,16.0
1142,-2.854,-0.457,0.000,-35.641,1.627,1.159,16.0
1143,-2.854,-0.457,0.000,-35.653,1.627,1.160,16.0
1144,-2.854,-0.457,0.000,-35.664,1.627,1.160,16.0
1145,-2.854,-0.457,0.000,-35.676,1.626,1.160,16.0
1146,-2.854,-0.457,0.000,-35.687,1.626,1.161,16.0
1147,-2.854,-0.457,0.000,-35.698,1.626,1.161,16.0
1148,-2.854,-0.457,0.000,-35.708,1.626,1.161,16.0
1149,-2.854,-0.457,0.000,-35.719,1.625,1.162,16.0
1150,-2.854,-0.457,0.000,-35.729,1.625,1.162,16.0
1151,-2.854,-0.457,0.000,-35.739,1.625,1.162,16.0
1152,-2.854,-0.457,0.000,-35.748,1.625,1.162,16.0
1153,-2.854,-0.457,0.000,-35.758,1.625,1.163,16.0
1154,-2.854,-0.457,0.000,-35.767,1.624,1.163,16.0
1155,-2.854,-0.457,0.000,-35.776,1.624,1.163,16.0
1156,-2.854,-0.457,0.000,-35.784,1.624,1.163,16.0
1157,-2.854,-0.457,0.000,-35.793,1.624,1.164,16.0
1158,-2.854,-0.457,0.000,-35.801,1.624,1.164,16.0
1159,-2.854,-0.457,0.000,-35.809,1.624,1.164,16.0
1160,-2.854,-0.457,0.000,-35.816,1.623,1.164,16.0
1161,-2.854,-0.457,0.000,-35.824,1.623,1.165,16.0
1162,-2.854,-0.457,0.000,-35.831,1.623,1.165,16.0
1163,-2.854,-0.457,0.000,-35.838,1.623,1.165,16.0
1164,-2.854,-0.457,0.000,-35.844,1.623,1.165,16.0
1165,-2.854,-0.457,0.000,-35.851,1.623,1.165,16.0
1166,-2.854,-0.457,0.000,-35.857,1.623,1.166,16.0
1167,-2.854,-0.457,0.000,-35.863,1.623,1.166,16.0
1168,-2.854,-0.457,0.000,-35.869,1.622,1.166,16.0
1169,-2.854,-0.457,0.000,-35.874,1.622,1.166,16.0
1170,-2.854,-0.457,0.000,-35.879,1.622,1.166,16.0
1171,-2.854,-0.457,0.000,-35.884,1.622,1.166,16.0
1172,-2.854,-0.457,0.000,-35.889,1.622,1.166,16.0
1173,-2.854,-0.457,0.000,-35.893,1.622,1.167,16.0
1174,-2.854,-0.457,0.000,-35.898,1.622,1.167,16.0
1175,-2.854,-0.457,0.000,-35.902,1.622,1.167,16.0
1176,-2.854,-0.457,0.000,-35.906,1.622,1.167,16.0
1177,-2.854,-0.457,0.000,-35.909,1.622,1.167,16.0
1178,-2.854,-0.456,0.000,-35.912,1.622,1.167,16.0
1179,-2.854,-0.456,0.000,-35.916,1.621,1.167,16.0
1180,-2.854,-0.456,0.000,-35.918,1.621,1.167,16.0
1181,-2.854,-0.456,0.000,-35.921,1.621,1.167,16.0
1182,-2.854,-0.456,0.000,-35.924,1.621,1.167,16.0
1183,-2.854,-0.456,0.000,-35.926,1.621,1.167,16.0
1184,-2.854,-0.456,0.000,-35.928,1.621,1.168,16.0
1185,-2.854,-0.456,0.000,-35.930,1.621,1.168,16.0
1186,-2.855,-0.456,0.000,-35.931,1.621,1.168,16.0
1187,-2.855,-0.456,0.000,-35.933,1.621,1.168,16.0
1188,-2.855,-0.456,0.000,-35.934,1.621,1.168,16.0
1189,-2.855,-0.456,0.000,-35.935,1.621,1.168,16.0
1190,-2.855,-0.456,0.000,-35.935,1.621,1.168,16.0
1191,-2.855,-0.456,0.000,-35.936,1.621,1.168,16.0
1192,-2.855,-0.456,0.000,-35.936,1.621,1.168,16.0
1193,-2.855,-0.456,0.000,-35.936,1.621,1.168,16.0
1194,-2.855,-0.456,0.000,-35.936,1.621,1.168,16.0
1195,-2.855,-0.456,0.000,-35.936,1.621,1.168,16.0
1196,-2.855,-0.456,0.000,-35.936,1.621,1.168,16.0
1197,-2.855,-0.456,0.000,-35.935,1.621,1.168,16.0
1198,-2.855,-0.456,0.000,-35.934,1.621,1.168,16.0
1199,-2.855,-0.456,0.000,-35.933,1.621,1.168,16.0
1200,-2.855,-0.456,0.000,-35.932,1.621,1.168,16.0
1201,-2.855,-0.456,0.000,-35.931,1.621,1.168,16.0
1202,-2.855,-0.456,0.000,-35.930,1.621,1.168,16.0
1203,-2.855,-0.456,0.000,-35.928,1.621,1.168,16.0
1204,-2.855,-0.456,0.000,-35.927,1.621,1.168,16.0
1205,-2.855,-0.456,0.000,-35.925,1.621,1.167,16.0
1206,-2.855,-0.456,0.000,-35.923,1.621,1.167,16.0
1207,-2.855,-0.456,0.000,-35.921,1.621,1.167,16.0
1208,-2.855,-0.456,0.000,-35.919,1.621,1.167,16.0
1209,-2.855,-0.456,0.000,-35.917,1.621,1.167,16.0
1210,-2.855,-0.456,0.000,-35.914,1.621,1.167,16.0
1211,-2.855,-0.456,0.000,-35.912,1.622,1.167,16.0
1212,-2.855,-0.456,0.000,-35.909,1.622,1.167,16.0
1213,-2.855,-0.456,0.000,-35.907,1.622,1.167,16.0
1214,-2.855,-0.456,0.000,-35.904,1.622,1.167,16.0
1215,-2.855,-0.456,0.000,-35.902,1.622,1.167,16.0
1216,-2.855,-0.456,0.000,-35.899,1.622,1.167,16.0
1217,-2.855,-0.456,0.000,-35.896,1.622,1.167,16.0
1218,-2.855,-0.456,0.000,-35.893,1.622,1.167,16.0
1219,-2.855,-0.456,0.000,-35.890,1.622,1.166,16.0
1220,-2.855,-0.456,0.000,-35.887,1.622,1.166,16.0
1221,-2.855,-0.456,0.000,-35.884,1.622,1.166,16.0
1222,-2.855,-0.456,0.000,-35.881,1.622,1.166,16.0
1223,-2.855,-0.456,0.000,-35.878,1.622,1.166,16.0
1224,-2.855,-0.456,0.000,-35.875,1.622,1.166,16.0
1225,-2.855,-0.456,0.000,-35.871,1.622,1.166,16.0
1226,-2.855,-0.456,0.000,-35.868,1.622,1.166,16.0
1227,-2.855,-0.456,0.000,-35.864,1.623,1.166,16.0
1228,-2.855,-0.456,0.000,-35.861,1.623,1.166,16.0
1229,-2.855,-0.456,0.000,-35.857,1.623,1.166,16.0
1230,-2.855,-0.456,0.000,-35.854,1.623,1.165,16.0
1231,-2.855,-0.456,0.000,-35.850,1.623,1.165,16.0
1232,-2.855,-0.456,0.000,-35.846,1.623,1.165,16.0
1233,-2.855,-0.456,0.000,-35.842,1.623,1.165,16.0
1234,-2.855,-0.456,0.000,-35.838,1.623,1.165,16.0
1235,-2.855,-0.456,0.000,-35.834,1.623,1.165,16.0
1236,-2.855,-0.456,0.000,-35.830,1.623,1.165,16.0
1237,-2.855,-0.456,0.000,-35.826,1.623,1.165,16.0
1238,-2.855,-0.456,0.000,-35.821,1.623,1.165,16.0
1239,-2.855,-0.456,0.000,-35.817,1.623,1.164,16.0
1240,-2.855,-0.456,0.000,-35.812,1.624,1.164,16.0
1241,-2.855,-0.456,0.000,-35.808,1.624,1.164,16.0
1242,-2.855,-0.456,0.000,-35.803,1.624,1.164,16.0
1243,-2.855,-0.456,0.000,-35.798,1.624,1.164,16.0
1244,-2.855,-0.456,0.000,-35.794,1.624,1.164,16.0
1245,-2.855,-0.456,0.000,-35.789,1.624,1.164,16.0
1246,-2.855,-0.456,0.000,-35.784,1.624,1.163,16.0
1247,-2.855,-0.456,0.000,-35.779,1.624,1.163,16.0
1248,-2.855,-0.456,0.000,-35.773,1.624,1.163,16.0
1249,-2.855,-0.456,0.000,-35.768,1.624,1.163,16.0
1250,-2.855,-0.456,0.000,-35.763,1.625,1.163,16.0
1251,-2.855,-0.456,0.000,-35.757,1.625,1.163,16.0
1252,-2.855,-0.456,0.000,-35.752,1.625,1.163,16.0
1253,-2.855,-0.456,0.000,-35.746,1.625,1.162,16.0
1254,-2.855,-0.456,0.000,-35.741,1.625,1.162,16.0
1255,-2.855,-0.456,0.000,-35.735,1.625,1.162,16.0
1256,-2.855,-0.456,0.000,-35.729,1.625,1.162,16.0
1257,-2.855,-0.456,0.000,-35.724,1.625,1.162,16.0
1258,-2.855,-0.456,0.000,-35.718,1.625,1.162,16.0
1259,-2.855,-0.456,0.000,-35.712,1.626,1.161,16.0
1260,-2.855,-0.456,0.000,-35.706,1.626,1.161,16.0
1261,-2.855,-0.456,0.000,-35.699,1.626,1.161,16.0
1262,-2.855,-0.456,0.000,-35.693,1.626,1.161,16.0
1263,-2.855,-0.456,0.000,-35.687,1.626,1.161,16.0
1264,-2.855,-0.456,0.000,-35.681,1.626,1.161,16.0
1265,-2.855,-0.456,0.000,-35.674,1.626,1.160,16.0
1266,-2.855,-0.456,0.000,-35.668,1.626,1.160,16.0
1267,-2.855,-0.456,0.000,-35.661,1.627,1.160,16.0
1268,-2.855,-0.456,0.000,-35.655,1.627,1.160,16.0
1269,-2.855,-0.456,0.000,-35.648,1.627,1.160,16.0
1270,-2.855,-0.456,0.000,-35.642,1.627,1.159,16.0
1271,-2.855,-0.456,0.000,-35.635,1.627,1.159,16.0
1272,-2.855,-0.456,0.000,-35.629,1.627,1.159,16.0
1273,-2.855,-0.456,0.000,-35.622,1.627,1.159,16.0
1274,-2.855,-0.456,0.000,-35.615,1.628,1.159,16.0
1275,-2.855,-0.456,0.000,-35.609,1.628,1.158,16.0
1276,-2.855,-0.456,0.000,-35.602,1.628,1.158,16.0
1277,-2.855,-0.456,0.000,-35.595,1.628,1.158,16.0
1278,-2.855,-0.456,0.000,-35.589,1.628,1.158,16.0
1279,-2.855,-0.456,0.000,-35.582,1.628,1.158,16.0
1280,-2.855,-0.455,0.000,-35.576,1.628,1.158,16.0
1281,-2.855,-0.455,0.000,-35.569,1.628,1.157,16.0
1282,-2.855,-0.455,0.000,-35.563,1.629,1.157,16.0
1283,-2.855,-0.455,0.000,-35.556,1.629,1.157,16.0
1284,-2.855,-0.455,0.000,-35.550,1.629,1.157,16.0
1285,-2.855,-0.455,0.000,-35.543,1.629,1.157,16.0
1286,-2.855,-0.455,0.000,-35.537,1.629,1.156,16.0
1287,-2.855,-0.455,0.000,-35.531,1.629,1.156,16.0
1288,-2.855,-0.455,0.000,-35.524,1.629,1.156,16.0
1289,-2.855,-0.455,0.000,-35.518,1.630,1.156,16.0
1290,-2.855,-0.455,0.000,-35.512,1.630,1.156,16.0
1291,-2.855,-0.455,0.000,-35.506,1.630,1.156,16.0
1292,-2.855,-0.455,0.000,-35.499,1.630,1.155,16.0
1293,-2.855,-0.455,0.000,-35.493,1.630,1.155,16.0
1294,-2.855,-0.455,0.000,-35.487,1.630,1.155,16.0
1295,-2.855,-0.455,0.000,-35.481,1.630,1.155,16.0
1296,-2.855,-0.455,0.000,-35.475,1.630,1.155,16.0
1297,-2.855,-0.455,0.000,-35.469,1.631,1.155,16.0
1298,-2.855,-0.455,0.000,-35.463,1.631,1.154,16.0
1299,-2.855,-0.455,0.000,-35.457,1.631,1.154,16.0
1300,-2.855,-0.455,0.000,-35.451,1.631,1.154,16.0
1301,-2.855,-0.455,0.000,-35.445,1.631,1.154,16.0
1302,-2.855,-0.455,0.000,-35.439,1.631,1.154,16.0
1303,-2.855,-0.455,0.000,-35.433,1.631,1.153,16.0
1304,-2.855,-0.455,0.000,-35.427,1.631,1.153,16.0
1305,-2.855,-0.455,0.000,-35.421,1.631,1.153,16.0
1306,-2.855,-0.455,0.000,-35.415,1.632,1.153,16.0
1307,-2.856,-0.455,0.000,-35.409,1.632,1.153,16.0
1308,-2.856,-0.455,0.000,-35.403,1.632,1.153,16.0
1309,-2.856,-0.455,0.000,-35.397,1.632,1.152,16.0
1310,-2.856,-0.455,0.000,-35.391,1.632,1.152,16.0
1311,-2.856,-0.455,0.000,-35.384,1.632,1.152,16.0
1312,-2.856,-0.455,0.000,-35.378,1.632,1.152,16.0
1313,-2.856,-0.455,0.000,-35.372,1.632,1.152,16.0
1314,-2.856,-0.455,0.000,-35.366,1.633,1.152,16.0
1315,-2.856,-0.455,0.000,-35.360,1.633,1.151,16.0
1316,-2.856,-0.455,0.000,-35.354,1.633,1.151,16.0
1317,-2.856,-0.455,0.000,-35.348,1.633,1.151,16.0
1318,-2.856,-0.455,0.000,-35.341,1.633,1.151,16.0
1319,-2.856,-0.455,0.000,-35.335,1.633,1.151,16.0
1320,-2.856,-0.455,0.000,-35.329,1.633,1.151,16.0
1321,-2.856,-0.455,0.000,-35.323,1.633,1.150,16.0
1322,-2.856,-0.455,0.000,-35.317,1.634,1.150,16.0
1323,-2.856,-0.455,0.000,-35.311,1.634,1.150,16.0
1324,-2.856,-0.455,0.000,-35.304,1.634,1.150,16.0
1325,-2.856,-0.455,0.000,-35.298,1.634,1.150,16.0
1326,-2.856,-0.455,0.000,-35.292,1.634,1.149,16.0
1327,-2.856,-0.455,0.000,-35.286,1.634,1.149,16.0
1328,-2.856,-0.455,0.000,-35.280,1.634,1.149,16.0
1329,-2.856,-0.455,0.000,-35.274,1.634,1.149,16.0
1330,-2.856,-0.455,0.000,-35.268,1.635,1.149,16.0
1331,-2.856,-0.455,0.000,-35.262,1.635,1.149,16.0
1332,-2.856,-0.455,0.000,-35.256,1.635,1.148,16.0
1333,-2.856,-0.455,0.000,-35.250,1.635,1.148,16.0
1334,-2.856,-0.455,0.000,-35.244,1.635,1.148,16.0
1335,-2.856,-0.455,0.000,-35.239,1.635,1.148,16.0
1336,-2.856,-0.455,0.000,-35.233,1.635,1.148,16.0
1337,-2.856,-0.455,0.000,-35.227,1.635,1.148,16.0
1338,-2.856,-0.455,0.000,-35.222,1.635,1.147,16.0
1339,-2.856,-0.455,0.000,-35.216,1.636,1.147,16.0
1340,-2.856,-0.455,0.000,-35.210,1.636,1.147,16.0
1341,-2.856,-0.455,0.000,-35.205,1.636,1.147,16.0
1342,-2.856,-0.455,0.000,-35.199,1.636,1.147,16.0
1343,-2.856,-0.455,0.000,-35.194,1.636,1.147,16.0
1344,-2.856,-0.455,0.000,-35.188,1.636,1.147,16.0
1345,-2.856,-0.455,0.000,-35.183,1.636,1.146,16.0
1346,-2.856,-0.455,0.000,-35.178,1.636,1.146,16.0
1347,-2.856,-0.455,0.000,-35.172,1.636,1.146,16.0
1348,-2.856,-0.455,0.000,-35.167,1.637,1.146,16.0
1349,-2.856,-0.455,0.000,-35.162,1.637,1.146,16.0
1350,-2.856,-0.455,0.000,-35.156,1.637,1.146,16.0
1351,-2.856,-0.455,0.000,-35.151,1.637,1.145,16.0
1352,-2.856,-0.455,0.000,-35.146,1.637,1.145,16.0
1353,-2.856,-0.455,0.000,-35.141,1.637,1.145,16.0
1354,-2.856,-0.455,0.000,-35.136,1.637,1.145,16.0
1355,-2.856,-0.455,0.000,-35.130,1.637,1.145,16.0
1356,-2.856,-0.455,0.000,-35.125,1.637,1.145,16.0
1357,-2.856,-0.455,0.000,-35.120,1.638,1.145,16.0
1358,-2.856,-0.455,0.000,-35.115,1.638,1.144,16.0
1359,-2.856,-0.455,0.000,-35.110,1.638,1.144,16.0
1360,-2.856,-0.455,0.000,-35.105,1.638,1.144,16.0
1361,-2.856,-0.455,0.000,-35.100,1.638,1.144,16.0
1362,-2.856,-0.455,0.000,-35.094,1.638,1.144,16.0
1363,-2.856,-0.455,0.000,-35.089,1.638,1.144,16.0
1364,-2.856,-0.455,0.000,-35.084,1.638,1.144,16.0
1365,-2.856,-0.455,0.000,-35.079,1.638,1.143,16.0
1366,-2.856,-0.455,0.000,-35.074,1.638,1.143,16.0
1367,-2.856,-0.455,0.000,-35.068,1.639,1.143,16.0
1368,-2.856,-0.455,0.000,-35.063,1.639,1.143,16.0
1369,-2.856,-0.455,0.000,-35.058,1.639,1.143,16.0
1370,-2.856,-0.455,0.000,-35.053,1.639,1.143,16.0
1371,-2.856,-0.455,0.000,-35.048,1.639,1.143,16.0
1372,-2.856,-0.455,0.000,-35.042,1.639,1.142,16.0
1373,-2.856,-0.455,0.000,-35.037,1.639,1.142,16.0
1374,-2.856,-0.455,0.000,-35.032,1.639,1.142,16.0
1375,-2.856,-0.455,0.000,-35.027,1.639,1.142,16.0
1376,-2.856,-0.455,0.000,-35.022,1.639,1.142,16.0
1377,-2.856,-0.455,0.000,-35.017,1.640,1.142,16.0
1378,-2.856,-0.455,0.000,-35.012,1.640,1.141,16.0
1379,-2.856,-0.455,0.000,-35.007,1.640,1.141,16.0
1380,-2.856,-0.455,0.000,-35.002,1.640,1.141,16.0
1381,-2.856,-0.455,0.000,-34.997,1.640,1.141,16.0
1382,-2.856,-0.455,0.000,-34.992,1.640,1.141,16.0
1383,-2.856,-0.455,0.000,-34.987,1.640,1.141,16.0
1384,-2.856,-0.455,0.000,-34.982,1.640,1.141,16.0
1385,-2.856,-0.455,0.000,-34.978,1.640,1.141,16.0
1386,-2.856,-0.455,0.000,-34.973,1.640,1.140,16.0
1387,-2.856,-0.455,0.000,-34.968,1.641,1.140,16.0
1388,-2.856,-0.455,0.000,-34.963,1.641,1.140,16.0
1389,-2.856,-0.455,0.000,-34.959,1.641,1.140,16.0
1390,-2.856,-0.455,0.000,-34.954,1.641,1.140,16.0
1391,-2.856,-0.455,0.000,-34.950,1.641,1.140,16.0
1392,-2.856,-0.455,0.000,-34.945,1.641,1.140,16.0
1393,-2.856,-0.455,0.000,-34.941,1.641,1.139,16.0
1394,-2.856,-0.455,0.000,-34.937,1.641,1.139,16.0
1395,-2.856,-0.455,0.000,-34.932,1.641,1.139,16.0
1396,-2.856,-0.455,0.000,-34.928,1.641,1.139,16.0
1397,-2.856,-0.455,0.000,-34.924,1.641,1.139,16.0
1398,-2.856,-0.455,0.000,-34.920,1.642,1.139,16.0
1399,-2.856,-0.455,0.000,-34.916,1.642,1.139,16.0
1400,-2.856,-0.455,0.000,-34.912,1.642,1.139,16.0
1401,-2.856,-0.455,0.000,-34.908,1.642,1.138,16.0
1402,-2.856,-0.455,0.000,-34.904,1.642,1.138,16.0
1403,-2.856,-0.455,0.000,-34.900,1.642,1.138,16.0
1404,-2.856,-0.455,0.000,-34.896,1.642,1.138,16.0
1405,-2.856,-0.455,0.000,-34.892,1.642,1.138,16.0
1406,-2.856,-0.455,0.000,-34.889,1.642,1.138,16.0
1407,-2.856,-0.455,0.000,-34.885,1.642,1.138,16.0
1408,-2.856,-0.455,0.000,-34.881,1.642,1.138,16.0
1409,-2.856,-0.455,0.000,-34.878,1.642,1.138,16.0
1410,-2.856,-0.455,0.000,-34.874,1.642,1.138,16.0
1411,-2.856,-0.455,0.000,-34.871,1.642,1.137,16.0
1412,-2.856,-0.455,0.000,-34.867,1.643,1.137,16.0
1413,-2.856,-0.455,0.000,-34.864,1.643,1.137,16.0
1414,-2.856,-0.455,0.000,-34.860,1.643,1.137,16.0
1415,-2.856,-0.455,0.000,-34.857,1.643,1.137,16.0
1416,-2.856,-0.455,0.000,-34.854,1.643,1.137,16.0
1417,-2.856,-0.455,0.000,-34.850,1.643,1.137,16.0
1418,-2.856,-0.455,0.000,-34.847,1.643,1.137,16.0
1419,-2.856,-0.455,0.000,-34.843,1.643,1.137,16.0
1420,-2.856,-0.455,0.000,-34.840,1.643,1.137,16.0
1421,-2.856,-0.455,0.000,-34.837,1.643,1.136,16.0
1422,-2.856,-0.455,0.000,-34.833,1.643,1.136,16.0
1423,-2.856,-0.455,0.000,-34.830,1.643,1.136,16.0
1424,-2.856,-0.455,0.000,-34.826,1.643,1.136,16.0
1425,-2.856,-0.455,0.000,-34.823,1.643,1.136,16.0
1426,-2.856,-0.455,0.000,-34.819,1.643,1.136,16.0
1427,-2.856,-0.455,0.000,-34.816,1.644,1.136,16.0
1428,-2.856,-0.455,0.000,-34.812,1.644,1.136,16.0
1429,-2.856,-0.455,0.000,-34.809,1.644,1.136,16.0
1430,-2.856,-0.455,0.000,-34.805,1.644,1.136,16.0
1431,-2.856,-0.455,0.000,-34.801,1.644,1.135,16.0
1432,-2.856,-0.455,0.000,-34.798,1.644,1.135,16.0
1433,-2.856,-0.455,0.000,-34.794,1.644,1.135,16.0
1434,-2.856,-0.455,0.000,-34.790,1.644,1.135,16.0
1435,-2.856,-0.455,0.000,-34.786,1.644,1.135,16.0
1436,-2.856,-0.455,0.000,-34.783,1.644,1.135,16.0
1437,-2.856,-0.455,0.000,-34.779,1.644,1.135,16.0
1438,-2.856,-0.455,0.000,-34.775,1.644,1.135,16.0
1439,-2.856,-0.455,0.000,-34.771,1.644,1.135,16.0
1440,-2.856,-0.455,0.000,-34.767,1.645,1.134,16.0
1441,-2.856,-0.455,0.000,-34.763,1.645,1.134,16.0
1442,-2.856,-0.455,0.000,-34.759,1.645,1.134,16.0
1443,-2.856,-0.455,0.000,-34.755,1.645,1.134,16.0
1444,-2.856,-0.455,0.000,-34.751,1.645,1.134,16.0
1445,-2.856,-0.455,0.000,-34.747,1.645,1.134,16.0
1446,-2.856,-0.455,0.000,-34.743,1.645,1.134,16.0
1447,-2.856,-0.455,0.000,-34.739,1.645,1.134,16.0
1448,-2.856,-0.455,0.000,-34.734,1.645,1.134,16.0
1449,-2.856,-0.455,0.000,-34.730,1.645,1.133,16.0
1450,-2.856,-0.455,0.000,-34.726,1.645,1.133,16.0
1451,-2.856,-0.455,0.000,-34.721,1.645,1.133,16.0
1452,-2.856,-0.455,0.000,-34.717,1.646,1.133,16.0
1453,-2.856,-0.455,0.000,-34.712,1.646,1.133,16.0
1454,-2.856,-0.455,0.000,-34.708,1.646,1.133,16.0
1455,-2.856,-0.455,0.000,-34.703,1.646,1.133,16.0
1456,-2.856,-0.455,0.000,-34.699,1.646,1.133,16.0
1457,-2.856,-0.455,0.000,-34.694,1.646,1.132,16.0
1458,-2.856,-0.455,0.000,-34.689,1.646,1.132,16.0
1459,-2.856,-0.455,0.000,-34.685,1.646,1.132,16.0
1460,-2.856,-0.455,0.000,-34.680,1.646,1.132,16.0
1461,-2.856,-0.455,0.000,-34.675,1.646,1.132,16.0
1462,-2.856,-0.455,0.000,-34.670,1.646,1.132,16.0
1463,-2.856,-0.455,0.000,-34.665,1.647,1.132,16.0
1464,-2.856,-0.455,0.000,-34.660,1.647,1.131,16.0
1465,-2.856,-0.455,0.000,-34.655,1.647,1.131,16.0
1466,-2.856,-0.455,0.000,-34.650,1.647,1.131,16.0
1467,-2.856,-0.455,0.000,-34.645,1.647,1.131,16.0
1468,-2.856,-0.455,0.000,-34.639,1.647,1.131,16.0
1469,-2.856,-0.455,0.000,-34.634,1.647,1.131,16.0
1470,-2.856,-0.455,0.000,-34.629,1.647,1.131,16.0
1471,-2.856,-0.455,0.000,-34.624,1.647,1.130,16.0
1472,-2.856,-0.455,0.000,-34.618,1.647,1.130,16.0
1473,-2.856,-0.455,0.000,-34.613,1.648,1.130,16.0
1474,-2.856,-0.455,0.000,-34.607,1.648,1.130,16.0
1475,-2.856,-0.455,0.000,-34.602,1.648,1.130,16.0
1476,-2.856,-0.455,0.000,-34.596,1.648,1.130,16.0
1477,-2.856,-0.455,0.000,-34.591,1.648,1.129,16.0
1478,-2.856,-0.455,0.000,-34.585,1.648,1.129,16.0
1479,-2.856,-0.455,0.000,-34.579,1.648,1.129,16.0
1480,-2.856,-0.455,0.000,-34.573,1.648,1.129,16.0
1481,-2.856,-0.455,0.000,-34.568,1.648,1.129,16.0
1482,-2.856,-0.455,0.000,-34.562,1.649,1.129,16.0
1483,-2.856,-0.455,0.000,-34.556,1.649,1.128,16.0
1484,-2.856,-0.455,0.000,-34.550,1.649,1.128,16.0
1485,-2.856,-0.455,0.000,-34.544,1.649,1.128,16.0
1486,-2.856,-0.455,0.000,-34.538,1.649,1.128,16.0
1487,-2.856,-0.455,0.000,-34.532,1.649,1.128,16.0
1488,-2.856,-0.455,0.000,-34.526,1.649,1.128,16.0
1489,-2.856,-0.455,0.000,-34.520,1.649,1.127,16.0
1490,-2.856,-0.455,0.000,-34.514,1.650,1.127,16.0
1491,-2.856,-0.455,0.000,-34.508,1.650,1.127,16.0
1492,-2.856,-0.455,0.000,-34.502,1.650,1.127,16.0
1493,-2.856,-0.455,0.000,-34.495,1.650,1.127,16.0
1494,-2.856,-0.455,0.000,-34.489,1.650,1.126,16.0
1495,-2.856,-0.455,0.000,-34.483,1.650,1.126,16.0
1496,-2.856,-0.455,0.000,-34.476,1.650,1.126,16.0
1497,-2.856,-0.455,0.000,-34.470,1.650,1.126,16.0
1498,-2.856,-0.455,0.000,-34.464,1.651,1.126,16.0
1499,-2.856,-0.455,0.000,-34.458,1.651,1.126,16.0
1500,-2.856,-0.455,0.000,-34.451,1.651,1.125,16.0
1501,-2.856,-0.455,0.000,-34.445,1.651,1.125,16.0
1502,-2.856,-0.455,0.000,-34.439,1.651,1.125,16.0
1503,-2.856,-0.455,0.000,-34.433,1.651,1.125,16.0
1504,-2.856,-0.455,0.000,-34.426,1.651,1.125,16.0
1505,-2.856,-0.455,0.000,-34.420,1.651,1.124,16.0
1506,-2.856,-0.455,0.000,-34.414,1.651,1.124,16.0
1507,-2.856,-0.455,0.000,-34.408,1.652,1.124,16.0
1508,-2.856,-0.455,0.000,-34.402,1.652,1.124,16.0
1509,-2.856,-0.455,0.000,-34.396,1.652,1.124,16.0
1510,-2.856,-0.455,0.000,-34.390,1.652,1.124,16.0
1511,-2.856,-0.455,0.000,-34.385,1.652,1.123,16.0
1512,-2.856,-0.455,0.000,-34.379,1.652,1.123,16.0
1513,-2.856,-0.455,0.000,-34.373,1.652,1.123,16.0
1514,-2.856,-0.455,0.000,-34.368,1.652,1.123,16.0
1515,-2.856,-0.455,0.000,-34.362,1.653,1.123,16.0
1516,-2.856,-0.455,0.000,-34.357,1.653,1.123,16.0
1517,-2.856,-0.455,0.000,-34.351,1.653,1.123,16.0
1518,-2.856,-0.455,0.000,-34.346,1.653,1.122,16.0
1519,-2.856,-0.455,0.000,-34.341,1.653,1.122,16.0
1520,-2.856,-0.455,0.000,-34.335,1.653,1.122,16.0
1521,-2.856,-0.455,0.000,-34.330,1.653,1.122,16.0
1522,-2.856,-0.455,0.000,-34.325,1.653,1.122,16.0
1523,-2.856,-0.455,0.000,-34.321,1.653,1.122,16.0
1524,-2.856,-0.455,0.000,-34.316,1.653,1.121,16.0
1525,-2.856,-0.455,0.000,-34.311,1.653,1.121,16.0
1526,-2.856,-0.455,0.000,-34.307,1.654,1.121,16.0
1527,-2.856,-0.455,0.000,-34.302,1.654,1.121,16.0
1528,-2.856,-0.455,0.000,-34.298,1.654,1.121,16.0
1529,-2.856,-0.455,0.000,-34.293,1.654,1.121,16.0
1530,-2.856,-0.455,0.000,-34.289,1.654,1.121,16.0
1531,-2.856,-0.455,0.000,-34.285,1.654,1.121,16.0
1532,-2.856,-0.455,0.000,-34.281,1.654,1.120,16.0
1533,-2.856,-0.455,0.000,-34.277,1.654,1.120,16.0
1534,-2.856,-0.455,0.000,-34.273,1.654,1.120,16.0
1535,-2.856,-0.455,0.000,-34.269,1.654,1.120,16.0
1536,-2.856,-0.455,0.000,-34.266,1.654,1.120,16.0
1537,-2.856,-0.455,0.000,-34.262,1.654,1.120,16.0
1538,-2.856,-0.455,0.000,-34.259,1.655,1.120,16.0
1539,-2.856,-0.455,0.000,-34.255,1.655,1.120,16.0
1540,-2.856,-0.455,0.000,-34.252,1.655,1.120,16.0
1541,-2.856,-0.455,0.000,-34.248,1.655,1.120,16.0
1542,-2.856,-0.455,0.000,-34.245,1.655,1.119,16.0
1543,-2.856,-0.455,0.000,-34.242,1.655,1.119,16.0
1544,-2.856,-0.455,0.000,-34.238,1.655,1.119,16.0
1545,-2.856,-0.455,0.000,-34.235,1.655,1.119,16.0
1546,-2.856,-0.455,0.000,-34.232,1.655,1.119,16.0
1547,-2.856,-0.455,0.000,-34.229,1.655,1.119,16.0
1548,-2.856,-0.455,0.000,-34.226,1.655,1.119,16.0
1549,-2.856,-0.455,0.000,-34.223,1.655,1.119,16.0
1550,-2.856,-0.455,0.000,-34.220,1.655,1.119,16.0
1551,-2.856,-0.455,0.000,-34.217,1.655,1.119,16.0
1552,-2.856,-0.455,0.000,-34.214,1.655,1.119,16.0
1553,-2.856,-0.455,0.000,-34.212,1.655,1.118,16.0
1554,-2.856,-0.455,0.000,-34.209,1.655,1.118,16.0
1555,-2.856,-0.455,0.000,-34.206,1.656,1.118,16.0
1556,-2.856,-0.455,0.000,-34.203,1.656,1.118,16.0
1557,-2.856,-0.455,0.000,-34.201,1.656,1.118,16.0
1558,-2.856,-0.455,0.000,-34.198,1.656,1.118,16.0
1559,-2.856,-0.455,0.000,-34.195,1.656,1.118,16.0
1560,-2.856,-0.455,0.000,-34.193,1.656,1.118,16.0
1561,-2.856,-0.455,0.000,-34.190,1.656,1.118,16.0
1562,-2.856,-0.455,0.000,-34.188,1.656,1.118,16.0
1563,-2.856,-0.455,0.000,-34.185,1.656,1.118,16.0
1564,-2.856,-0.455,0.000,-34.183,1.656,1.118,16.0
1565,-2.856,-0.455,0.000,-34.181,1.656,1.118,16.0
1566,-2.856,-0.455,0.000,-34.178,1.656,1.118,16.0
1567,-2.856,-0.455,0.000,-34.176,1.656,1.117,16.0
1568,-2.856,-0.455,0.000,-34.174,1.656,1.117,16.0
1569,-2.856,-0.455,0.000,-34.171,1.656,1.117,16.0
1570,-2.856,-0.455,0.000,-34.169,1.656,1.117,16.0
1571,-2.856,-0.455,0.000,-34.167,1.656,1.117,16.0
1572,-2.856,-0.455,0.000,-34.165,1.656,1.117,16.0
1573,-2.856,-0.455,0.000,-34.163,1.656,1.117,16.0
1574,-2.856,-0.455,0.000,-34.161,1.656,1.117,16.0
1575,-2.856,-0.455,0.000,-34.158,1.656,1.117,16.0
1576,-2.856,-0.455,0.000,-34.156,1.657,1.117,16.0
1577,-2.856,-0.455,0.000,-34.154,1.657,1.117,16.0
1578,-2.856,-0.455,0.000,-34.152,1.657,1.117,16.0
1579,-2.856,-0.455,0.000,-34.150,1.657,1.117,16.0
1580,-2.856,-0.455,0.000,-34.148,1.657,1.117,16.0
1581,-2.856,-0.455,0.000,-34.147,1.657,1.117,16.0
1582,-2.856,-0.455,0.000,-34.145,1.657,1.117,16.0
1583,-2.856,-0.455,0.000,-34.143,1.657,1.116,16.0
1584,-2.856,-0.455,0.000,-34.141,1.657,1.116,16.0
1585,-2.856,-0.455,0.000,-34.139,1.657,1.116,16.0
1586,-2.856,-0.455,0.000,-34.137,1.657,1.116,16.0
1587,-2.856,-0.455,0.000,-34.136,1.657,1.116,16.0
1588,-2.856,-0.455,0.000,-34.134,1.657,1.116,16.0
1589,-2.856,-0.455,0.000,-34.132,1.657,1.116,16.0
1590,-2.856,-0.455,0.000,-34.131,1.657,1.116,16.0
1591,-2.856,-0.455,0.000,-34.129,1.657,1.116,16.0
1592,-2.856,-0.455,0.000,-34.127,1.657,1.116,16.0
1593,-2.856,-0.455,0.000,-34.126,1.657,1.116,16.0
1594,-2.856,-0.455,0.000,-34.124,1.657,1.116,16.0
1595,-2.856,-0.455,0.000,-34.123,1.657,1.116,16.0
1596,-2.856,-0.455,0.000,-34.121,1.657,1.116,16.0
1597,-2.856,-0.455,0.000,-34.120,1.657,1.116,16.0
1598,-2.856,-0.455,0.000,-34.118,1.657,1.116,16.0
1599,-2.856,-0.455,0.000,-34.117,1.657,1.116,16.0
1600,-2.856,-0.455,0.000,-34.116,1.657,1.116,16.0
1601,-2.856,-0.455,0.000,-34.114,1.657,1.116,16.0
1602,-2.856,-0.455,0.000,-34.113,1.657,1.116,16.0
1603,-2.856,-0.455,0.000,-34.112,1.657,1.116,16.0
1604,-2.856,-0.455,0.000,-34.111,1.657,1.116,16.0
1605,-2.856,-0.455,0.000,-34.109,1.657,1.116,16.0
1606,-2.856,-0.455,0.000,-34.108,1.657,1.115,16.0
1607,-2.856,-0.455,0.000,-34.107,1.657,1.115,16.0
1608,-2.856,-0.455,0.000,-34.106,1.658,1.115,16.0
1609,-2.856,-0.455,0.000,-34.105,1.658,1.115,16.0
1610,-2.857,-0.455,0.000,-34.104,1.658,1.115,16.0
1611,-2.857,-0.455,0.000,-34.103,1.658,1.115,16.0
1612,-2.857,-0.455,0.000,-34.102,1.658,1.115,16.0
1613,-2.857,-0.455,0.000,-34.101,1.658,1.115,16.0
1614,-2.857,-0.455,0.000,-34.100,1.658,1.115,16.0
1615,-2.857,-0.455,0.000,-34.099,1.658,1.115,16.0
1616,-2.857,-0.455,0.000,-34.098,1.658,1.115,16.0
1617,-2.857,-0.455,0.000,-34.098,1.658,1.115,16.0
1618,-2.857,-0.455,0.000,-34.097,1.658,1.115,16.0
1619,-2.857,-0.455,0.000,-34.096,1.658,1.115,16.0
1620,-2.857,-0.455,0.000,-34.096,1.658,1.115,16.0
1621,-2.857,-0.455,0.000,-34.095,1.658,1.115,16.0
1622,-2.857,-0.455,0.000,-34.094,1.658,1.115,16.0
1623,-2.857,-0.455,0.000,-34.094,1.658,1.115,16.0
1624,-2.857,-0.455,0.000,-34.093,1.658,1.115,16.0
1625,-2.857,-0.455,0.000,-34.093,1.658,1.115,16.0
1626,-2.857,-0.455,0.000,-34.093,1.658,1.115,16.0
1627,-2.857,-0.455,0.000,-34.092,1.658,1.115,16.0
1628,-2.857,-0.455,0.000,-34.092,1.658,1.115,16.0
1629,-2.857,-0.455,0.000,-34.092,1.658,1.115,16.0
1630,-2.857,-0.455,0.000,-34.092,1.658,1.115,16.0
1631,-2.857,-0.455,0.000,-34.092,1.658,1.115,16.0
1632,-2.857,-0.455,0.000,-34.093,1.658,1.115,16.0
1633,-2.857,-0.455,0.000,-34.093,1.658,1.115,16.0
1634,-2.857,-0.455,0.000,-34.093,1.658,1.115,16.0
1635,-2.857,-0.455,0.000,-34.094,1.658,1.115,16.0
1636,-2.857,-0.455,0.000,-34.095,1.658,1.115,16.0
1637,-2.857,-0.455,0.000,-34.095,1.658,1.115,16.0
1638,-2.857,-0.454,0.000,-34.096,1.658,1.115,16.0
1639,-2.857,-0.454,0.000,-34.097,1.658,1.115,16.0
1640,-2.857,-0.454,0.000,-34.098,1.658,1.115,16.0
1641,-2.857,-0.454,0.000,-34.100,1.658,1.115,16.0
1642,-2.857,-0.454,0.000,-34.101,1.658,1.115,16.0
1643,-2.857,-0.454,0.000,-34.102,1.658,1.115,16.0
1644,-2.857,-0.454,0.000,-34.104,1.658,1.115,16.0
1645,-2.857,-0.454,0.000,-34.106,1.658,1.115,16.0
1646,-2.857,-0.454,0.000,-34.107,1.657,1.115,16.0
1647,-2.857,-0.454,0.000,-34.109,1.657,1.116,16.0
1648,-2.857,-0.454,0.000,-34.111,1.657,1.116,16.0
1649,-2.857,-0.454,0.000,-34.113,1.657,1.116,16.0
1650,-2.857,-0.454,0.000,-34.115,1.657,1.116,16.0
1651,-2.857,-0.454,0.000,-34.117,1.657,1.116,16.0
1652,-2.857,-0.454,0.000,-34.120,1.657,1.116,16.0
1653,-2.857,-0.454,0.000,-34.122,1.657,1.116,16.0
1654,-2.857,-0.454,0.000,-34.124,1.657,1.116,16.0
1655,-2.857,-0.454,0.000,-34.127,1.657,1.116,16.0
1656,-2.857,-0.454,0.000,-34.130,1.657,1.116,16.0
1657,-2.857,-0.454,0.000,-34.132,1.657,1.116,16.0
1658,-2.857,-0.454,0.000,-34.135,1.657,1.116,16.0
1659,-2.857,-0.454,0.000,-34.138,1.657,1.116,16.0
1660,-2.857,-0.454,0.000,-34.141,1.657,1.116,16.0
1661,-2.857,-0.454,0.000,-34.144,1.657,1.117,16.0
1662,-2.857,-0.454,0.000,-34.147,1.657,1.117,16.0
1663,-2.857,-0.454,0.000,-34.150,1.657,1.117,16.0
1664,-2.857,-0.454,0.000,-34.153,1.657,1.117,16.0
1665,-2.857,-0.454,0.000,-34.157,1.657,1.117,16.0
1666,-2.857,-0.454,0.000,-34.160,1.656,1.117,16.0
1667,-2.857,-0.454,0.000,-34.163,1.656,1.117,16.0
1668,-2.857,-0.454,0.000,-34.167,1.656,1.117,16.0
1669,-2.857,-0.454,0.000,-34.171,1.656,1.117,16.0
1670,-2.857,-0.454,0.000,-34.174,1.656,1.117,16.0
1671,-2.857,-0.454,0.000,-34.178,1.656,1.118,16.0
1672,-2.857,-0.454,0.000,-34.182,1.656,1.118,16.0
1673,-2.857,-0.454,0.000,-34.186,1.656,1.118,16.0
1674,-2.857,-0.454,0.000,-34.190,1.656,1.118,16.0
1675,-2.857,-0.454,0.000,-34.194,1.656,1.118,16.0
1676,-2.857,-0.454,0.000,-34.198,1.656,1.118,16.0
1677,-2.857,-0.454,0.000,-34.202,1.656,1.118,16.0
1678,-2.857,-0.454,0.000,-34.207,1.656,1.118,16.0
1679,-2.857,-0.454,0.000,-34.211,1.655,1.118,16.0
1680,-2.857,-0.454,0.000,-34.216,1.655,1.119,16.0
1681,-2.857,-0.454,0.000,-34.220,1.655,1.119,16.0
1682,-2.857,-0.454,0.000,-34.225,1.655,1.119,16.0
1683,-2.857,-0.454,0.000,-34.229,1.655,1.119,16.0
1684,-2.857,-0.454,0.000,-34.234,1.655,1.119,16.0
1685,-2.857,-0.454,0.000,-34.239,1.655,1.119,16.0
1686,-2.857,-0.454,0.000,-34.244,1.655,1.119,16.0
1687,-2.857,-0.454,0.000,-34.249,1.655,1.120,16.0
1688,-2.857,-0.454,0.000,-34.254,1.655,1.120,16.0
1689,-2.857,-0.454,0.000,-34.259,1.655,1.120,16.0
1690,-2.857,-0.454,0.000,-34.264,1.654,1.120,16.0
1691,-2.857,-0.454,0.000,-34.269,1.654,1.120,16.0
1692,-2.857,-0.454,0.000,-34.275,1.654,1.120,16.0
1693,-2.857,-0.454,0.000,-34.280,1.654,1.120,16.0
1694,-2.857,-0.454,0.000,-34.286,1.654,1.121,16.0
1695,-2.857,-0.454,0.000,-34.291,1.654,1.121,16.0
1696,-2.857,-0.454,0.000,-34.297,1.654,1.121,16.0
1697,-2.857,-0.454,0.000,-34.302,1.654,1.121,16.0
1698,-2.857,-0.454,0.000,-34.308,1.654,1.121,16.0
1699,-2.857,-0.454,0.000,-34.314,1.653,1.121,16.0
1700,-2.857,-0.454,0.000,-34.320,1.653,1.122,16.0
1701,-2.857,-0.454,0.000,-34.326,1.653,1.122,16.0
1702,-2.857,-0.454,0.000,-34.332,1.653,1.122,16.0
1703,-2.857,-0.454,0.000,-34.338,1.653,1.122,16.0
1704,-2.857,-0.454,0.000,-34.344,1.653,1.122,16.0
1705,-2.857,-0.454,0.000,-34.350,1.653,1.122,16.0
1706,-2.857,-0.454,0.000,-34.357,1.653,1.123,16.0
1707,-2.857,-0.454,0.000,-34.363,1.652,1.123,16.0
1708,-2.857,-0.454,0.000,-34.369,1.652,1.123,16.0
1709,-2.857,-0.454,0.000,-34.376,1.652,1.123,16.0
1710,-2.857,-0.454,0.000,-34.382,1.652,1.123,16.0
1711,-2.857,-0.454,0.000,-34.389,1.652,1.124,16.0
1712,-2.857,-0.454,0.000,-34.396,1.652,1.124,16.0
1713,-2.857,-0.454,0.000,-34.403,1.652,1.124,16.0
1714,-2.857,-0.454,0.000,-34.409,1.652,1.124,16.0
1715,-2.857,-0.454,0.000,-34.416,1.651,1.124,16.0
1716,-2.857,-0.454,0.000,-34.423,1.651,1.125,16.0
1717,-2.857,-0.454,0.000,-34.430,1.651,1.125,16.0
1718,-2.857,-0.454,0.000,-34.437,1.651,1.125,16.0
1719,-2.857,-0.454,0.000,-34.445,1.651,1.125,16.0
1720,-2.857,-0.454,0.000,-34.452,1.651,1.125,16.0
1721,-2.857,-0.454,0.000,-34.459,1.651,1.126,16.0
1722,-2.857,-0.454,0.000,-34.467,1.650,1.126,16.0
1723,-2.857,-0.454,0.000,-34.474,1.650,1.126,16.0
1724,-2.857,-0.454,0.000,-34.481,1.650,1.126,16.0
1725,-2.857,-0.454,0.000,-34.489,1.650,1.126,16.0
1726,-2.857,-0.454,0.000,-34.497,1.650,1.127,16.0
1727,-2.857,-0.454,0.000,-34.504,1.650,1.127,16.0
1728,-2.857,-0.454,0.000,-34.512,1.650,1.127,16.0
1729,-2.857,-0.454,0.000,-34.520,1.649,1.127,16.0
1730,-2.857,-0.454,0.000,-34.528,1.649,1.128,16.0
1731,-2.857,-0.454,0.000,-34.536,1.649,1.128,16.0
1732,-2.857,-0.454,0.000,-34.544,1.649,1.128,16.0
1733,-2.857,-0.454,0.000,-34.552,1.649,1.128,16.0
1734,-2.857,-0.454,0.000,-34.560,1.649,1.129,16.0
1735,-2.857,-0.454,0.000,-34.568,1.648,1.129,16.0
1736,-2.857,-0.454,0.000,-34.576,1.648,1.129,16.0
1737,-2.857,-0.453,0.000,-34.585,1.648,1.129,16.0
1738,-2.857,-0.453,0.000,-34.593,1.648,1.129,16.0
1739,-2.857,-0.453,0.000,-34.601,1.648,1.130,16.0
1740,-2.857,-0.453,0.000,-34.610,1.648,1.130,16.0
1741,-2.857,-0.453,0.000,-34.619,1.647,1.130,16.0
1742,-2.857,-0.453,0.000,-34.627,1.647,1.130,16.0
1743,-2.857,-0.453,0.000,-34.636,1.647,1.131,16.0
1744,-2.857,-0.453,0.000,-34.645,1.647,1.131,16.0
1745,-2.857,-0.453,0.000,-34.654,1.647,1.131,16.0
1746,-2.857,-0.453,0.000,-34.663,1.647,1.131,16.0
1747,-2.857,-0.453,0.000,-34.672,1.646,1.132,16.0
1748,-2.857,-0.453,0.000,-34.681,1.646,1.132,16.0
1749,-2.857,-0.453,0.000,-34.690,1.646,1.132,16.0
1750,-2.857,-0.453,0.000,-34.700,1.646,1.133,16.0
1751,-2.857,-0.453,0.000,-34.709,1.646,1.133,16.0
1752,-2.857,-0.453,0.000,-34.719,1.645,1.133,16.0
1753,-2.857,-0.453,0.000,-34.729,1.645,1.133,16.0
1754,-2.857,-0.453,0.000,-34.738,1.645,1.134,16.0
1755,-2.857,-0.453,0.000,-34.748,1.645,1.134,16.0
1756,-2.857,-0.453,0.000,-34.758,1.645,1.134,16.0
1757,-2.857,-0.453,0.000,-34.768,1.645,1.135,16.0
1758,-2.857,-0.453,0.000,-34.778,1.644,1.135,16.0
1759,-2.857,-0.453,0.000,-34.789,1.644,1.135,16.0
1760,-2.857,-0.453,0.000,-34.799,1.644,1.135,16.0
1761,-2.857,-0.453,0.000,-34.810,1.644,1.136,16.0
1762,-2.857,-0.453,0.000,-34.820,1.643,1.136,16.0
1763,-2.857,-0.453,0.000,-34.831,1.643,1.136,16.0
1764,-2.857,-0.453,0.000,-34.842,1.643,1.137,16.0
1765,-2.857,-0.453,0.000,-34.852,1.643,1.137,16.0
1766,-2.857,-0.453,0.000,-34.863,1.643,1.137,16.0
1767,-2.857,-0.453,0.000,-34.874,1.642,1.138,16.0
1768,-2.857,-0.453,0.000,-34.885,1.642,1.138,16.0
1769,-2.857,-0.453,0.000,-34.896,1.642,1.138,16.0
1770,-2.857,-0.453,0.000,-34.908,1.642,1.139,16.0
1771,-2.857,-0.453,0.000,-34.919,1.642,1.139,16.0
1772,-2.857,-0.453,0.000,-34.930,1.641,1.139,16.0
1773,-2.857,-0.453,0.000,-34.942,1.641,1.139,16.0
1774,-2.857,-0.453,0.000,-34.953,1.641,1.140,16.0
1775,-2.857,-0.453,0.000,-34.965,1.641,1.140,16.0
1776,-2.857,-0.453,0.000,-34.977,1.640,1.140,16.0
1777,-2.857,-0.453,0.000,-34.988,1.640,1.141,16.0
1778,-2.857,-0.453,0.000,-35.000,1.640,1.141,16.0
1779,-2.857,-0.453,0.000,-35.012,1.640,1.141,16.0
1780,-2.857,-0.453,0.000,-35.024,1.639,1.142,16.0
1781,-2.857,-0.453,0.000,-35.036,1.639,1.142,16.0
1782,-2.857,-0.453,0.000,-35.048,1.639,1.143,16.0
1783,-2.857,-0.453,0.000,-35.060,1.639,1.143,16.0
1784,-2.857,-0.453,0.000,-35.073,1.638,1.143,16.0
1785,-2.857,-0.453,0.000,-35.085,1.638,1.144,16.0
1786,-2.857,-0.453,0.000,-35.097,1.638,1.144,16.0
1787,-2.857,-0.453,0.000,-35.110,1.638,1.144,16.0
1788,-2.857,-0.453,0.000,-35.122,1.637,1.145,16.0
1789,-2.857,-0.453,0.000,-35.135,1.637,1.145,16.0
1790,-2.857,-0.453,0.000,-35.147,1.637,1.145,16.0
1791,-2.857,-0.453,0.000,-35.160,1.637,1.146,16.0
1792,-2.857,-0.453,0.000,-35.172,1.636,1.146,16.0
1793,-2.857,-0.453,0.000,-35.185,1.636,1.146,16.0
1794,-2.857,-0.453,0.000,-35.197,1.636,1.147,16.0
1795,-2.857,-0.453,0.000,-35.210,1.636,1.147,16.0
1796,-2.857,-0.453,0.000,-35.223,1.635,1.148,16.0
1797,-2.857,-0.453,0.000,-35.235,1.635,1.148,16.0
1798,-2.857,-0.453,0.000,-35.248,1.635,1.148,16.0
1799,-2.857,-0.453,0.000,-35.261,1.635,1.149,16.0
1800,-2.857,-0.453,0.000,-35.273,1.634,1.149,16.0
1801,-2.857,-0.453,0.000,-35.286,1.634,1.149,16.0
1802,-2.857,-0.453,0.000,-35.298,1.634,1.150,16.0
1803,-2.857,-0.453,0.000,-35.311,1.634,1.150,16.0
1804,-2.857,-0.453,0.000,-35.323,1.633,1.150,16.0
1805,-2.857,-0.453,0.000,-35.335,1.633,1.151,16.0
1806,-2.857,-0.453,0.000,-35.348,1.633,1.151,16.0
1807,-2.857,-0.453,0.000,-35.360,1.633,1.151,16.0
1808,-2.857,-0.453,0.000,-35.372,1.632,1.152,16.0
1809,-2.857,-0.453,0.000,-35.384,1.632,1.152,16.0
1810,-2.857,-0.453,0.000,-35.396,1.632,1.152,16.0
1811,-2.857,-0.453,0.000,-35.408,1.632,1.153,16.0
1812,-2.857,-0.453,0.000,-35.420,1.631,1.153,16.0
1813,-2.857,-0.453,0.000,-35.431,1.631,1.153,16.0
1814,-2.857,-0.453,0.000,-35.443,1.631,1.154,16.0
1815,-2.857,-0.453,0.000,-35.454,1.631,1.154,16.0
1816,-2.857,-0.453,0.000,-35.465,1.631,1.154,16.0
1817,-2.857,-0.453,0.000,-35.476,1.630,1.155,16.0
1818,-2.857,-0.453,0.000,-35.487,1.630,1.155,16.0
1819,-2.857,-0.453,0.000,-35.498,1.630,1.155,16.0
1820,-2.857,-0.453,0.000,-35.508,1.630,1.156,16.0
1821,-2.857,-0.453,0.000,-35.519,1.630,1.156,16.0
1822,-2.857,-0.453,0.000,-35.529,1.629,1.156,16.0
1823,-2.857,-0.453,0.000,-35.539,1.629,1.157,16.0
1824,-2.857,-0.453,0.000,-35.549,1.629,1.157,16.0
1825,-2.857,-0.453,0.000,-35.558,1.629,1.157,16.0
1826,-2.857,-0.453,0.000,-35.568,1.629,1.157,16.0
1827,-2.857,-0.453,0.000,-35.577,1.628,1.158,16.0
1828,-2.857,-0.453,0.000,-35.586,1.628,1.158,16.0
1829,-2.857,-0.453,0.000,-35.595,1.628,1.158,16.0
1830,-2.857,-0.453,0.000,-35.604,1.628,1.158,16.0
1831,-2.857,-0.453,0.000,-35.613,1.628,1.159,16.0
1832,-2.857,-0.453,0.000,-35.621,1.627,1.159,16.0
1833,-2.857,-0.453,0.000,-35.630,1.627,1.159,16.0
1834,-2.857,-0.453,0.000,-35.638,1.627,1.159,16.0
1835,-2.857,-0.453,0.000,-35.647,1.627,1.160,16.0
1836,-2.857,-0.453,0.000,-35.655,1.627,1.160,16.0
1837,-2.857,-0.453,0.000,-35.663,1.627,1.160,16.0
1838,-2.857,-0.453,0.000,-35.671,1.626,1.160,16.0
1839,-2.857,-0.453,0.000,-35.679,1.626,1.160,16.0
1840,-2.857,-0.453,0.000,-35.687,1.626,1.161,16.0
1841,-2.857,-0.452,0.000,-35.694,1.626,1.161,16.0
1842,-2.857,-0.452,0.000,-35.702,1.626,1.161,16.0
1843,-2.857,-0.452,0.000,-35.710,1.626,1.161,16.0
1844,-2.857,-0.452,0.000,-35.717,1.625,1.162,16.0
1845,-2.857,-0.452,0.000,-35.724,1.625,1.162,16.0
1846,-2.857,-0.452,0.000,-35.732,1.625,1.162,16.0
1847,-2.857,-0.452,0.000,-35.739,1.625,1.162,16.0
1848,-2.857,-0.452,0.000,-35.746,1.625,1.162,16.0
1849,-2.857,-0.452,0.000,-35.753,1.625,1.163,16.0
1850,-2.857,-0.452,0.000,-35.760,1.625,1.163,16.0
1851,-2.857,-0.452,0.000,-35.767,1.624,1.163,16.0
1852,-2.857,-0.452,0.000,-35.773,1.624,1.163,16.0
1853,-2.857,-0.452,0.000,-35.780,1.624,1.163,16.0
1854,-2.857,-0.452,0.000,-35.786,1.624,1.164,16.0
1855,-2.857,-0.452,0.000,-35.793,1.624,1.164,16.0
1856,-2.857,-0.452,0.000,-35.799,1.624,1.164,16.0
1857,-2.857,-0.452,0.000,-35.805,1.624,1.164,16.0
1858,-2.857,-0.452,0.000,-35.811,1.624,1.164,16.0
1859,-2.857,-0.452,0.000,-35.818,1.623,1.164,16.0
1860,-2.857,-0.452,0.000,-35.824,1.623,1.165,16.0
1861,-2.857,-0.452,0.000,-35.830,1.623,1.165,16.0
1862,-2.857,-0.452,0.000,-35.836,1.623,1.165,16.0
1863,-2.857,-0.452,0.000,-35.842,1.623,1.165,16.0
1864,-2.857,-0.452,0.000,-35.847,1.623,1.165,16.0
1865,-2.857,-0.452,0.000,-35.853,1.623,1.165,16.0
1866,-2.857,-0.452,0.000,-35.859,1.623,1.166,16.0
1867,-2.857,-0.452,0.000,-35.865,1.622,1.166,16.0
1868,-2.857,-0.452,0.000,-35.870,1.622,1.166,16.0
1869,-2.857,-0.452,0.000,-35.876,1.622,1.166,16.0
1870,-2.857,-0.452,0.000,-35.882,1.622,1.166,16.0
1871,-2.857,-0.452,0.000,-35.887,1.622,1.166,16.0
1872,-2.857,-0.452,0.000,-35.893,1.622,1.167,16.0
1873,-2.857,-0.452,0.000,-35.898,1.622,1.167,16.0
1874,-2.857,-0.452,0.000,-35.904,1.622,1.167,16.0
1875,-2.857,-0.452,0.000,-35.909,1.622,1.167,16.0
1876,-2.857,-0.452,0.000,-35.915,1.621,1.167,16.0
1877,-2.857,-0.452,0.000,-35.920,1.621,1.167,16.0
1878,-2.857,-0.452,0.000,-35.925,1.621,1.167,16.0
1879,-2.857,-0.452,0.000,-35.931,1.621,1.168,16.0
1880,-2.857,-0.452,0.000,-35.936,1.621,1.168,16.0
1881,-2.857,-0.452,0.000,-35.941,1.621,1.168,16.0
1882,-2.857,-0.452,0.000,-35.947,1.621,1.168,16.0
1883,-2.857,-0.452,0.000,-35.952,1.621,1.168,16.0
1884,-2.857,-0.452,0.000,-35.957,1.621,1.168,16.0
1885,-2.857,-0.452,0.000,-35.962,1.621,1.169,16.0
1886,-2.857,-0.452,0.000,-35.968,1.620,1.169,16.0
1887,-2.857,-0.452,0.000,-35.973,1.620,1.169,16.0
1888,-2.857,-0.452,0.000,-35.978,1.620,1.169,16.0
1889,-2.857,-0.452,0.000,-35.983,1.620,1.169,16.0
1890,-2.857,-0.452,0.000,-35.988,1.620,1.169,16.0
1891,-2.857,-0.452,0.000,-35.993,1.620,1.169,16.0
1892,-2.857,-0.452,0.000,-35.998,1.620,1.170,16.0
1893,-2.857,-0.452,0.000,-36.002,1.620,1.170,16.0
1894,-2.857,-0.452,0.000,-36.007,1.620,1.170,16.0
1895,-2.857,-0.452,0.000,-36.012,1.620,1.170,16.0
1896,-2.857,-0.452,0.000,-36.017,1.619,1.170,16.0
1897,-2.857,-0.452,0.000,-36.021,1.619,1.170,16.0
1898,-2.857,-0.452,0.000,-36.026,1.619,1.170,16.0
1899,-2.857,-0.452,0.000,-36.030,1.619,1.170,16.0
1900,-2.857,-0.452,0.000,-36.035,1.619,1.171,16.0
1901,-2.857,-0.452,0.000,-36.039,1.619,1.171,16.0
1902,-2.857,-0.452,0.000,-36.043,1.619,1.171,16.0
1903,-2.857,-0.452,0.000,-36.047,1.619,1.171,16.0
1904,-2.857,-0.452,0.000,-36.052,1.619,1.171,16.0
1905,-2.857,-0.452,0.000,-36.056,1.619,1.171,16.0
1906,-2.857,-0.452,0.000,-36.060,1.619,1.171,16.0
1907,-2.857,-0.452,0.000,-36.064,1.618,1.171,16.0
1908,-2.857,-0.452,0.000,-36.068,1.618,1.171,16.0
1909,-2.857,-0.452,0.000,-36.071,1.618,1.172,16.0
1910,-2.857,-0.452,0.000,-36.075,1.618,1.172,16.0
1911,-2.857,-0.452,0.000,-36.079,1.618,1.172,16.0
1912,-2.857,-0.452,0.000,-36.082,1.618,1.172,16.0
1913,-2.857,-0.452,0.000,-36.086,1.618,1.172,16.0
1914,-2.857,-0.452,0.000,-36.089,1.618,1.172,16.0
1915,-2.857,-0.452,0.000,-36.093,1.618,1.172,16.0
1916,-2.857,-0.452,0.000,-36.096,1.618,1.172,16.0
1917,-2.857,-0.452,0.000,-36.099,1.618,1.172,16.0
1918,-2.857,-0.452,0.000,-36.102,1.618,1.172,16.0
1919,-2.857,-0.452,0.000,-36.106,1.618,1.173,16.0
1920,-2.857,-0.452,0.000,-36.109,1.618,1.173,16.0
1921,-2.857,-0.452,0.000,-36.112,1.617,1.173,16.0
1922,-2.857,-0.452,0.000,-36.114,1.617,1.173,16.0
1923,-2.857,-0.452,0.000,-36.117,1.617,1.173,16.0
1924,-2.857,-0.452,0.000,-36.120,1.617,1.173,16.0
1925,-2.857,-0.452,0.000,-36.123,1.617,1.173,16.0
1926,-2.857,-0.452,0.000,-36.125,1.617,1.173,16.0
1927,-2.857,-0.452,0.000,-36.128,1.617,1.173,16.0
1928,-2.857,-0.452,0.000,-36.130,1.617,1.173,16.0
1929,-2.857,-0.452,0.000,-36.133,1.617,1.173,16.0
1930,-2.857,-0.452,0.000,-36.135,1.617,1.173,16.0
1931,-2.857,-0.452,0.000,-36.137,1.617,1.173,16.0
1932,-2.857,-0.452,0.000,-36.139,1.617,1.174,16.0
1933,-2.857,-0.452,0.000,-36.141,1.617,1.174,16.0
1934,-2.857,-0.452,0.000,-36.143,1.617,1.174,16.0
1935,-2.857,-0.452,0.000,-36.145,1.617,1.174,16.0
1936,-2.857,-0.452,0.000,-36.147,1.617,1.174,16.0
1937,-2.857,-0.452,0.000,-36.149,1.617,1.174,16.0
1938,-2.857,-0.452,0.000,-36.151,1.617,1.174,16.0
1939,-2.857,-0.452,0.000,-36.152,1.617,1.174,16.0
1940,-2.857,-0.452,0.000,-36.154,1.617,1.174,16.0
1941,-2.857,-0.452,0.000,-36.156,1.617,1.174,16.0
1942,-2.857,-0.452,0.000,-36.157,1.617,1.174,16.0
1943,-2.857,-0.452,0.000,-36.158,1.617,1.174,16.0
1944,-2.857,-0.452,0.000,-36.160,1.616,1.174,16.0
1945,-2.857,-0.452,0.000,-36.161,1.616,1.174,16.0
1946,-2.857,-0.452,0.000,-36.162,1.616,1.174,16.0
1947,-2.857,-0.452,0.000,-36.163,1.616,1.174,16.0
1948,-2.857,-0.452,0.000,-36.164,1.616,1.174,16.0
1949,-2.857,-0.452,0.000,-36.165,1.616,1.174,16.0
1950,-2.857,-0.452,0.000,-36.165,1.616,1.174,16.0
1951,-2.857,-0.452,0.000,-36.166,1.616,1.174,16.0
1952,-2.857,-0.452,0.000,-36.167,1.616,1.174,16.0
1953,-2.857,-0.452,0.000,-36.167,1.616,1.174,16.0
1954,-2.857,-0.452,0.000,-36.168,1.616,1.174,16.0
1955,-2.857,-0.452,0.000,-36.168,1.616,1.174,16.0
1956,-2.857,-0.452,0.000,-36.168,1.616,1.174,16.0
1957,-2.857,-0.452,0.000,-36.169,1.616,1.174,16.0
1958,-2.857,-0.452,0.000,-36.169,1.616,1.174,16.0
1959,-2.857,-0.452,0.000,-36.169,1.616,1.174,16.0
1960,-2.857,-0.452,0.000,-36.170,1.616,1.174,16.0
1961,-2.857,-0.452,0.000,-36.170,1.616,1.174,16.0
1962,-2.857,-0.452,0.000,-36.170,1.616,1.174,16.0
1963,-2.857,-0.452,0.000,-36.170,1.616,1.174,16.0
1964,-2.857,-0.452,0.000,-36.170,1.616,1.174,16.0
1965,-2.857,-0.452,0.000,-36.170,1.616,1.174,16.0
1966,-2.857,-0.452,0.000,-36.170,1.616,1.174,16.0
1967,-2.857,-0.452,0.000,-36.170,1.616,1.174,16.0
1968,-2.857,-0.452,0.000,-36.170,1.616,1.174,16.0
1969,-2.857,-0.452,0.000,-36.170,1.616,1.174,16.0
1970,-2.857,-0.452,0.000,-36.170,1.616,1.174,16.0
1971,-2.857,-0.452,0.000,-36.170,1.616,1.174,16.0
1972,-2.857,-0.452,0.000,-36.170,1.616,1.174,16.0
1973,-2.857,-0.452,0.000,-36.170,1.616,1.174,16.0
1974,-2.857,-0.452,0.000,-36.170,1.616,1.174,16.0
1975,-2.857,-0.452,0.000,-36.169,1.616,1.174,16.0
1976,-2.857,-0.452,0.000,-36.169,1.616,1.174,16.0
1977,-2.857,-0.452,0.000,-36.169,1.616,1.174,16.0
1978,-2.857,-0.452,0.000,-36.169,1.616,1.174,16.0
1979,-2.857,-0.452,0.000,-36.169,1.616,1.174,16.0
1980,-2.857,-0.452,0.000,-36.169,1.616,1.174,16.0
1981,-2.857,-0.452,0.000,-36.169,1.616,1.174,16.0
1982,-2.857,-0.452,0.000,-36.169,1.616,1.174,16.0
1983,-2.857,-0.452,0.000,-36.169,1.616,1.174,16.0
1984,-2.857,-0.452,0.000,-36.169,1.616,1.174,16.0
1985,-2.857,-0.452,0.000,-36.169,1.616,1.174,16.0
1986,-2.857,-0.452,0.000,-36.169,1.616,1.174,16.0
1987,-2.857,-0.452,0.000,-36.169,1.616,1.174,16.0
1988,-2.857,-0.452,0.000,-36.169,1.616,1.174,16.0
1989,-2.857,-0.452,0.000,-36.169,1.616,1.174,16.0
1990,-2.857,-0.452,0.000,-36.169,1.616,1.174,16.0
1991,-2.857,-0.452,0.000,-36.169,1.616,1.174,16.0
1992,-2.857,-0.452,0.000,-36.169,1.616,1.174,16.0
1993,-2.857,-0.452,0.000,-36.170,1.616,1.174,16.0
1994,-2.857,-0.452,0.000,-36.170,1.616,1.174,16.0
1995,-2.857,-0.452,0.000,-36.170,1.616,1.174,16.0
1996,-2.857,-0.452,0.000,-36.171,1.616,1.174,16.0
1997,-2.857,-0.452,0.000,-36.171,1.616,1.174,16.0
1998,-2.857,-0.452,0.000,-36.172,1.616,1.174,16.0
1999,-2.857,-0.452,0.000,-36.172,1.616,1.174,16.0
2000,-2.857,-0.452,0.000,-36.172,1.616,1.174,16.0
2001,-2.857,-0.452,0.000,-36.173,1.616,1.174,16.0
2002,-2.857,-0.452,0.000,-36.173,1.616,1.174,16.0
2003,-2.857,-0.452,0.000,-36.174,1.616,1.174,16.0
2004,-2.857,-0.452,0.000,-36.175,1.616,1.175,16.0
2005,-2.857,-0.452,0.000,-36.175,1.616,1.175,16.0
2006,-2.857,-0.452,0.000,-36.176,1.616,1.175,16.0
2007,-2.857,-0.452,0.000,-36.176,1.616,1.175,16.0
2008,-2.857,-0.452,0.000,-36.177,1.616,1.175,16.0
2009,-2.857,-0.452,0.000,-36.177,1.616,1.175,16.0
2010,-2.857,-0.452,0.000,-36.178,1.616,1.175,16.0
2011,-2.857,-0.452,0.000,-36.179,1.616,1.175,16.0
2012,-2.857,-0.452,0.000,-36.179,1.616,1.175,16.0
2013,-2.857,-0.452,0.000,-36.180,1.616,1.175,16.0
2014,-2.857,-0.452,0.000,-36.180,1.616,1.175,16.0
2015,-2.857,-0.452,0.000,-36.181,1.616,1.175,16.0
2016,-2.857,-0.452,0.000,-36.181,1.616,1.175,16.0
2017,-2.857,-0.452,0.000,-36.182,1.616,1.175,16.0
2018,-2.857,-0.452,0.000,-36.182,1.616,1.175,16.0
2019,-2.857,-0.452,0.000,-36.183,1.616,1.175,16.0
2020,-2.857,-0.452,0.000,-36.183,1.616,1.175,16.0
2021,-2.857,-0.452,0.000,-36.184,1.616,1.175,16.0
2022,-2.857,-0.452,0.000,-36.184,1.616,1.175,16.0
2023,-2.857,-0.452,0.000,-36.185,1.616,1.175,16.0
2024,-2.857,-0.452,0.000,-36.185,1.616,1.175,16.0
2025,-2.857,-0.452,0.000,-36.185,1.616,1.175,16.0
2026,-2.857,-0.452,0.000,-36.185,1.616,1.175,16.0
2027,-2.857,-0.452,0.000,-36.186,1.616,1.175,16.0
2028,-2.857,-0.452,0.000,-36.186,1.616,1.175,16.0
2029,-2.857,-0.452,0.000,-36.186,1.616,1.175,16.0
2030,-2.857,-0.452,0.000,-36.186,1.616,1.175,16.0
2031,-2.857,-0.452,0.000,-36.186,1.616,1.175,16.0
2032,-2.857,-0.452,0.000,-36.186,1.616,1.175,16.0
2033,-2.857,-0.452,0.000,-36.186,1.616,1.175,16.0
2034,-2.857,-0.452,0.000,-36.186,1.616,1.175,16.0
2035,-2.857,-0.452,0.000,-36.186,1.616,1.175,16.0
2036,-2.857,-0.452,0.000,-36.186,1.616,1.175,16.0
2037,-2.857,-0.452,0.000,-36.186,1.616,1.175,16.0
2038,-2.857,-0.452,0.000,-36.186,1.616,1.175,16.0
2039,-2.857,-0.452,0.000,-36.186,1.616,1.175,16.0
2040,-2.857,-0.452,0.000,-36.186,1.616,1.175,16.0
2041,-2.857,-0.452,0.000,-36.186,1.616,1.175,16.0
2042,-2.857,-0.452,0.000,-36.186,1.616,1.175,16.0
2043,-2.857,-0.452,0.000,-36.186,1.616,1.175,16.0
2044,-2.857,-0.452,0.000,-36.185,1.616,1.175,16.0
2045,-2.857,-0.452,0.000,-36.185,1.616,1.175,16.0
2046,-2.857,-0.452,0.000,-36.185,1.616,1.175,16.0
2047,-2.857,-0.452,0.000,-36.185,1.616,1.175,16.0
2048,-2.857,-0.452,0.000,-36.186,1.616,1.175,16.0
2049,-2.857,-0.452,0.000,-36.186,1.616,1.175,16.0
2050,-2.857,-0.452,0.000,-36.186,1.616,1.175,16.0
2051,-2.857,-0.452,0.000,-36.186,1.616,1.175,16.0
2052,-2.857,-0.452,0.000,-36.186,1.616,1.175,16.0
2053,-2.857,-0.452,0.000,-36.186,1.616,1.175,16.0
2054,-2.857,-0.452,0.000,-36.186,1.616,1.175,16.0
2055,-2.857,-0.452,0.000,-36.187,1.616,1.175,16.0
2056,-2.857,-0.452,0.000,-36.187,1.616,1.175,16.0
2057,-2.857,-0.452,0.000,-36.187,1.616,1.175,16.0
2058,-2.857,-0.452,0.000,-36.188,1.616,1.175,16.0
2059,-2.857,-0.452,0.000,-36.188,1.616,1.175,16.0
2060,-2.857,-0.452,0.000,-36.188,1.616,1.175,16.0
2061,-2.857,-0.452,0.000,-36.189,1.616,1.175,16.0
2062,-2.857,-0.452,0.000,-36.189,1.616,1.175,16.0
2063,-2.857,-0.452,0.000,-36.189,1.616,1.175,16.0
2064,-2.857,-0.452,0.000,-36.190,1.616,1.175,16.0
2065,-2.857,-0.452,0.000,-36.190,1.616,1.175,16.0
2066,-2.857,-0.452,0.000,-36.191,1.616,1.175,16.0
2067,-2.857,-0.452,0.000,-36.191,1.616,1.175,16.0
2068,-2.857,-0.452,0.000,-36.192,1.616,1.175,16.0
2069,-2.857,-0.452,0.000,-36.192,1.616,1.175,16.0
2070,-2.857,-0.452,0.000,-36.193,1.616,1.175,16.0
2071,-2.857,-0.452,0.000,-36.193,1.616,1.175,16.0
2072,-2.857,-0.452,0.000,-36.194,1.616,1.175,16.0
2073,-2.857,-0.452,0.000,-36.194,1.616,1.175,16.0
2074,-2.857,-0.452,0.000,-36.195,1.616,1.175,16.0
2075,-2.857,-0.452,0.000,-36.195,1.616,1.175,16.0
2076,-2.857,-0.452,0.000,-36.196,1.616,1.175,16.0
2077,-2.857,-0.452,0.000,-36.196,1.616,1.175,16.0
2078,-2.857,-0.452,0.000,-36.197,1.616,1.175,16.0
2079,-2.857,-0.452,0.000,-36.198,1.616,1.175,16.0
2080,-2.857,-0.452,0.000,-36.198,1.616,1.175,16.0
2081,-2.857,-0.452,0.000,-36.199,1.616,1.175,16.0
2082,-2.857,-0.452,0.000,-36.199,1.616,1.175,16.0
2083,-2.857,-0.452,0.000,-36.200,1.616,1.175,16.0
2084,-2.857,-0.452,0.000,-36.201,1.616,1.175,16.0
2085,-2.857,-0.452,0.000,-36.201,1.616,1.175,16.0
2086,-2.857,-0.452,0.000,-36.202,1.616,1.175,16.0
2087,-2.857,-0.452,0.000,-36.203,1.616,1.175,16.0
2088,-2.857,-0.452,0.000,-36.203,1.616,1.175,16.0
2089,-2.857,-0.452,0.000,-36.204,1.616,1.175,16.0
2090,-2.857,-0.452,0.000,-36.205,1.616,1.175,16.0
2091,-2.857,-0.452,0.000,-36.205,1.616,1.175,16.0
2092,-2.857,-0.452,0.000,-36.206,1.616,1.175,16.0
2093,-2.857,-0.452,0.000,-36.207,1.616,1.175,16.0
2094,-2.857,-0.452,0.000,-36.208,1.615,1.175,16.0
2095,-2.857,-0.452,0.000,-36.208,1.615,1.175,16.0
2096,-2.857,-0.452,0.000,-36.209,1.615,1.175,16.0
2097,-2.857,-0.452,0.000,-36.210,1.615,1.176,16.0
2098,-2.857,-0.452,0.000,-36.211,1.615,1.176,16.0
2099,-2.857,-0.452,0.000,-36.212,1.615,1.176,16.0
2100,-2.857,-0.452,0.000,-36.213,1.615,1.176,16.0
2101,-2.857,-0.452,0.000,-36.214,1.615,1.176,16.0
2102,-2.857,-0.452,0.000,-36.215,1.615,1.176,16.0
2103,-2.857,-0.452,0.000,-36.216,1.615,1.176,16.0
2104,-2.857,-0.452,0.000,-36.217,1.615,1.176,16.0
2105,-2.857,-0.452,0.000,-36.218,1.615,1.176,16.0
2106,-2.857,-0.452,0.000,-36.220,1.615,1.176,16.0
2107,-2.857,-0.452,0.000,-36.221,1.615,1.176,16.0
2108,-2.857,-0.452,0.000,-36.222,1.615,1.176,16.0
2109,-2.857,-0.452,0.000,-36.224,1.615,1.176,16.0
2110,-2.857,-0.452,0.000,-36.225,1.615,1.176,16.0
2111,-2.857,-0.452,0.000,-36.227,1.615,1.176,16.0
2112,-2.857,-0.452,0.000,-36.228,1.615,1.176,16.0
2113,-2.857,-0.452,0.000,-36.230,1.615,1.176,16.0
2114,-2.857,-0.452,0.000,-36.231,1.615,1.176,16.0
2115,-2.857,-0.452,0.000,-36.233,1.615,1.176,16.0
2116,-2.857,-0.452,0.000,-36.235,1.615,1.176,16.0
2117,-2.857,-0.452,0.000,-36.237,1.615,1.176,16.0
2118,-2.857,-0.452,0.000,-36.239,1.615,1.176,16.0
2119,-2.857,-0.452,0.000,-36.241,1.615,1.176,16.0
2120,-2.857,-0.452,0.000,-36.243,1.615,1.176,16.0
2121,-2.857,-0.452,0.000,-36.245,1.615,1.177,16.0
2122,-2.857,-0.452,0.000,-36.247,1.615,1.177,16.0
2123,-2.857,-0.452,0.000,-36.249,1.615,1.177,16.0
2124,-2.857,-0.452,0.000,-36.252,1.615,1.177,16.0
2125,-2.857,-0.452,0.000,-36.254,1.615,1.177,16.0
2126,-2.857,-0.452,0.000,-36.256,1.614,1.177,16.0
2127,-2.857,-0.452,0.000,-36.259,1.614,1.177,16.0
2128,-2.857,-0.452,0.000,-36.261,1.614,1.177,16.0
2129,-2.857,-0.452,0.000,-36.264,1.614,1.177,16.0
2130,-2.857,-0.452,0.000,-36.266,1.614,1.177,16.0
2131,-2.857,-0.452,0.000,-36.269,1.614,1.177,16.0
2132,-2.857,-0.452,0.000,-36.272,1.614,1.177,16.0
2133,-2.857,-0.452,0.000,-36.274,1.614,1.177,16.0
2134,-2.857,-0.452,0.000,-36.277,1.614,1.177,16.0
2135,-2.857,-0.452,0.000,-36.279,1.614,1.177,16.0
2136,-2.857,-0.452,0.000,-36.282,1.614,1.178,16.0
2137,-2.857,-0.452,0.000,-36.284,1.614,1.178,16.0
2138,-2.857,-0.452,0.000,-36.287,1.614,1.178,16.0
2139,-2.857,-0.452,0.000,-36.290,1.614,1.178,16.0
2140,-2.857,-0.452,0.000,-36.292,1.614,1.178,16.0
2141,-2.857,-0.452,0.000,-36.295,1.614,1.178,16.0
2142,-2.857,-0.452,0.000,-36.297,1.614,1.178,16.0
2143,-2.857,-0.452,0.000,-36.300,1.614,1.178,16.0
2144,-2.857,-0.452,0.000,-36.302,1.614,1.178,16.0
2145,-2.857,-0.452,0.000,-36.304,1.614,1.178,16.0
2146,-2.857,-0.452,0.000,-36.307,1.613,1.178,16.0
2147,-2.857,-0.452,0.000,-36.309,1.613,1.178,16.0
2148,-2.857,-0.452,0.000,-36.312,1.613,1.178,16.0
2149,-2.857,-0.452,0.000,-36.314,1.613,1.178,16.0
2150,-2.857,-0.452,0.000,-36.316,1.613,1.179,16.0
2151,-2.857,-0.452,0.000,-36.318,1.613,1.179,16.0
2152,-2.857,-0.452,0.000,-36.321,1.613,1.179,16.0
2153,-2.857,-0.452,0.000,-36.323,1.613,1.179,16.0
2154,-2.857,-0.452,0.000,-36.325,1.613,1.179,16.0
2155,-2.857,-0.452,0.000,-36.328,1.613,1.179,16.0
2156,-2.857,-0.452,0.000,-36.330,1.613,1.179,16.0
2157,-2.857,-0.452,0.000,-36.332,1.613,1.179,16.0
2158,-2.857,-0.452,0.000,-36.334,1.613,1.179,16.0
2159,-2.857,-0.452,0.000,-36.336,1.613,1.179,16.0
2160,-2.857,-0.452,0.000,-36.338,1.613,1.179,16.0
2161,-2.857,-0.452,0.000,-36.341,1.613,1.179,16.0
2162,-2.857,-0.452,0.000,-36.343,1.613,1.179,16.0
2163,-2.857,-0.452,0.000,-36.345,1.613,1.179,16.0
2164,-2.857,-0.452,0.000,-36.347,1.613,1.179,16.0
2165,-2.857,-0.452,0.000,-36.349,1.613,1.179,16.0
2166,-2.857,-0.452,0.000,-36.351,1.613,1.179,16.0
2167,-2.857,-0.452,0.000,-36.353,1.613,1.180,16.0
2168,-2.857,-0.452,0.000,-36.354,1.612,1.180,16.0
2169,-2.857,-0.452,0.000,-36.356,1.612,1.180,16.0
2170,-2.857,-0.452,0.000,-36.358,1.612,1.180,16.0
2171,-2.857,-0.452,0.000,-36.360,1.612,1.180,16.0
2172,-2.857,-0.452,0.000,-36.361,1.612,1.180,16.0
2173,-2.857,-0.452,0.000,-36.363,1.612,1.180,16.0
2174,-2.857,-0.452,0.000,-36.364,1.612,1.180,16.0
2175,-2.857,-0.452,0.000,-36.365,1.612,1.180,16.0
2176,-2.857,-0.452,0.000,-36.367,1.612,1.180,16.0
2177,-2.857,-0.452,0.000,-36.368,1.612,1.180,16.0
2178,-2.857,-0.452,0.000,-36.369,1.612,1.180,16.0
2179,-2.857,-0.452,0.000,-36.369,1.612,1.180,16.0
2180,-2.857,-0.452,0.000,-36.370,1.612,1.180,16.0
2181,-2.857,-0.452,0.000,-36.371,1.612,1.180,16.0
2182,-2.857,-0.452,0.000,-36.371,1.612,1.180,16.0
2183,-2.857,-0.452,0.000,-36.371,1.612,1.180,16.0
2184,-2.857,-0.452,0.000,-36.371,1.612,1.180,16.0
2185,-2.857,-0.452,0.000,-36.371,1.612,1.180,16.0
2186,-2.857,-0.452,0.000,-36.371,1.612,1.180,16.0
2187,-2.857,-0.452,0.000,-36.371,1.612,1.180,16.0
2188,-2.857,-0.452,0.000,-36.370,1.612,1.180,16.0
2189,-2.857,-0.452,0.000,-36.370,1.612,1.180,16.0
2190,-2.857,-0.452,0.000,-36.369,1.612,1.180,16.0
2191,-2.857,-0.452,0.000,-36.368,1.612,1.180,16.0
2192,-2.857,-0.452,0.000,-36.367,1.612,1.180,16.0
2193,-2.857,-0.452,0.000,-36.365,1.612,1.180,16.0
2194,-2.857,-0.452,0.000,-36.364,1.612,1.180,16.0
2195,-2.857,-0.452,0.000,-36.363,1.612,1.180,16.0
2196,-2.857,-0.452,0.000,-36.361,1.612,1.180,16.0
2197,-2.857,-0.452,0.000,-36.359,1.612,1.180,16.0
2198,-2.857,-0.452,0.000,-36.358,1.612,1.180,16.0
2199,-2.857,-0.452,0.000,-36.356,1.612,1.180,16.0
2200,-2.857,-0.452,0.000,-36.354,1.612,1.180,16.0
2201,-2.857,-0.452,0.000,-36.352,1.613,1.180,16.0
2202,-2.857,-0.452,0.000,-36.350,1.613,1.179,16.0
2203,-2.857,-0.452,0.000,-36.348,1.613,1.179,16.0
2204,-2.857,-0.452,0.000,-36.345,1.613,1.179,16.0
2205,-2.857,-0.452,0.000,-36.343,1.613,1.179,16.0
2206,-2.857,-0.452,0.000,-36.341,1.613,1.179,16.0
2207,-2.857,-0.452,0.000,-36.338,1.613,1.179,16.0
2208,-2.857,-0.452,0.000,-36.336,1.613,1.179,16.0
2209,-2.857,-0.452,0.000,-36.333,1.613,1.179,16.0
2210,-2.857,-0.452,0.000,-36.330,1.613,1.179,16.0
2211,-2.857,-0.452,0.000,-36.327,1.613,1.179,16.0
2212,-2.857,-0.452,0.000,-36.325,1.613,1.179,16.0
2213,-2.857,-0.452,0.000,-36.322,1.613,1.179,16.0
2214,-2.857,-0.452,0.000,-36.319,1.613,1.179,16.0
2215,-2.857,-0.452,0.000,-36.316,1.613,1.178,16.0
2216,-2.857,-0.452,0.000,-36.312,1.613,1.178,16.0
2217,-2.857,-0.452,0.000,-36.309,1.613,1.178,16.0
2218,-2.857,-0.452,0.000,-36.306,1.613,1.178,16.0
2219,-2.857,-0.452,0.000,-36.303,1.614,1.178,16.0
2220,-2.857,-0.452,0.000,-36.300,1.614,1.178,16.0
2221,-2.857,-0.452,0.000,-36.296,1.614,1.178,16.0
2222,-2.857,-0.452,0.000,-36.293,1.614,1.178,16.0
2223,-2.857,-0.452,0.000,-36.289,1.614,1.178,16.0
2224,-2.857,-0.452,0.000,-36.286,1.614,1.178,16.0
2225,-2.857,-0.452,0.000,-36.282,1.614,1.178,16.0
2226,-2.857,-0.452,0.000,-36.279,1.614,1.177,16.0
2227,-2.857,-0.452,0.000,-36.275,1.614,1.177,16.0
2228,-2.857,-0.452,0.000,-36.272,1.614,1.177,16.0
2229,-2.857,-0.452,0.000,-36.268,1.614,1.177,16.0
2230,-2.857,-0.452,0.000,-36.265,1.614,1.177,16.0
2231,-2.857,-0.452,0.000,-36.261,1.614,1.177,16.0
2232,-2.857,-0.452,0.000,-36.257,1.614,1.177,16.0
2233,-2.857,-0.452,0.000,-36.254,1.615,1.177,16.0
2234,-2.857,-0.452,0.000,-36.250,1.615,1.177,16.0
2235,-2.857,-0.452,0.000,-36.246,1.615,1.177,16.0
2236,-2.857,-0.452,0.000,-36.243,1.615,1.176,16.0
2237,-2.857,-0.452,0.000,-36.239,1.615,1.176,16.0
2238,-2.857,-0.452,0.000,-36.235,1.615,1.176,16.0
2239,-2.857,-0.452,0.000,-36.232,1.615,1.176,16.0
2240,-2.857,-0.452,0.000,-36.228,1.615,1.176,16.0
2241,-2.857,-0.452,0.000,-36.224,1.615,1.176,16.0
2242,-2.857,-0.452,0.000,-36.220,1.615,1.176,16.0
2243,-2.857,-0.452,0.000,-36.217,1.615,1.176,16.0
2244,-2.857,-0.452,0.000,-36.213,1.615,1.176,16.0
2245,-2.857,-0.452,0.000,-36.209,1.615,1.175,16.0
2246,-2.857,-0.452,0.000,-36.205,1.616,1.175,16.0
2247,-2.857,-0.452,0.000,-36.201,1.616,1.175,16.0
2248,-2.857,-0.452,0.000,-36.197,1.616,1.175,16.0
2249,-2.857,-0.452,0.000,-36.194,1.616,1.175,16.0
2250,-2.857,-0.452,0.000,-36.190,1.616,1.175,16.0
2251,-2.857,-0.452,0.000,-36.186,1.616,1.175,16.0
2252,-2.857,-0.452,0.000,-36.182,1.616,1.175,16.0
2253,-2.857,-0.452,0.000,-36.178,1.616,1.175,16.0
2254,-2.857,-0.452,0.000,-36.174,1.616,1.175,16.0
2255,-2.857,-0.452,0.000,-36.170,1.616,1.174,16.0
2256,-2.857,-0.452,0.000,-36.166,1.616,1.174,16.0
2257,-2.857,-0.452,0.000,-36.162,1.616,1.174,16.0
2258,-2.857,-0.452,0.000,-36.158,1.617,1.174,16.0
2259,-2.857,-0.452,0.000,-36.154,1.617,1.174,16.0
2260,-2.857,-0.452,0.000,-36.150,1.617,1.174,16.0
2261,-2.857,-0.452,0.000,-36.145,1.617,1.174,16.0
2262,-2.857,-0.452,0.000,-36.141,1.617,1.174,16.0
2263,-2.857,-0.452,0.000,-36.137,1.617,1.173,16.0
2264,-2.857,-0.452,0.000,-36.132,1.617,1.173,16.0
2265,-2.857,-0.452,0.000,-36.128,1.617,1.173,16.0
2266,-2.857,-0.452,0.000,-36.123,1.617,1.173,16.0
2267,-2.857,-0.452,0.000,-36.119,1.617,1.173,16.0
2268,-2.857,-0.452,0.000,-36.114,1.617,1.173,16.0
2269,-2.857,-0.452,0.000,-36.109,1.618,1.173,16.0
2270,-2.857,-0.452,0.000,-36.105,1.618,1.173,16.0
2271,-2.857,-0.452,0.000,-36.100,1.618,1.172,16.0
2272,-2.857,-0.452,0.000,-36.095,1.618,1.172,16.0
2273,-2.857,-0.452,0.000,-36.090,1.618,1.172,16.0
2274,-2.857,-0.452,0.000,-36.085,1.618,1.172,16.0
2275,-2.857,-0.452,0.000,-36.080,1.618,1.172,16.0
2276,-2.857,-0.452,0.000,-36.075,1.618,1.172,16.0
2277,-2.857,-0.452,0.000,-36.070,1.618,1.172,16.0
2278,-2.857,-0.452,0.000,-36.064,1.618,1.171,16.0
2279,-2.857,-0.452,0.000,-36.059,1.619,1.171,16.0
2280,-2.857,-0.452,0.000,-36.053,1.619,1.171,16.0
2281,-2.857,-0.452,0.000,-36.048,1.619,1.171,16.0
2282,-2.857,-0.452,0.000,-36.042,1.619,1.171,16.0
2283,-2.857,-0.452,0.000,-36.036,1.619,1.171,16.0
2284,-2.857,-0.452,0.000,-36.031,1.619,1.170,16.0
2285,-2.857,-0.452,0.000,-36.025,1.619,1.170,16.0
2286,-2.857,-0.452,0.000,-36.019,1.619,1.170,16.0
2287,-2.857,-0.452,0.000,-36.013,1.619,1.170,16.0
2288,-2.857,-0.452,0.000,-36.007,1.620,1.170,16.0
2289,-2.857,-0.452,0.000,-36.001,1.620,1.170,16.0
2290,-2.857,-0.452,0.000,-35.994,1.620,1.169,16.0
2291,-2.857,-0.452,0.000,-35.988,1.620,1.169,16.0
2292,-2.857,-0.452,0.000,-35.982,1.620,1.169,16.0
2293,-2.857,-0.452,0.000,-35.975,1.620,1.169,16.0
2294,-2.857,-0.452,0.000,-35.969,1.620,1.169,16.0
2295,-2.857,-0.452,0.000,-35.962,1.621,1.169,16.0
2296,-2.857,-0.452,0.000,-35.956,1.621,1.168,16.0
2297,-2.857,-0.452,0.000,-35.949,1.621,1.168,16.0
2298,-2.857,-0.452,0.000,-35.942,1.621,1.168,16.0
2299,-2.857,-0.452,0.000,-35.935,1.621,1.168,16.0
2300,-2.857,-0.452,0.000,-35.928,1.621,1.168,16.0
2301,-2.857,-0.452,0.000,-35.921,1.621,1.167,16.0
2302,-2.857,-0.452,0.000,-35.914,1.621,1.167,16.0
2303,-2.857,-0.452,0.000,-35.907,1.622,1.167,16.0
2304,-2.857,-0.452,0.000,-35.900,1.622,1.167,16.0
2305,-2.857,-0.452,0.000,-35.893,1.622,1.167,16.0
2306,-2.857,-0.452,0.000,-35.886,1.622,1.166,16.0
2307,-2.857,-0.452,0.000,-35.879,1.622,1.166,16.0
2308,-2.857,-0.452,0.000,-35.871,1.622,1.166,16.0
2309,-2.857,-0.452,0.000,-35.864,1.623,1.166,16.0
2310,-2.857,-0.452,0.000,-35.857,1.623,1.166,16.0
2311,-2.857,-0.452,0.000,-35.850,1.623,1.165,16.0
2312,-2.857,-0.452,0.000,-35.842,1.623,1.165,16.0
2313,-2.857,-0.452,0.000,-35.835,1.623,1.165,16.0
2314,-2.857,-0.452,0.000,-35.828,1.623,1.165,16.0
2315,-2.857,-0.452,0.000,-35.821,1.623,1.165,16.0
2316,-2.857,-0.452,0.000,-35.813,1.624,1.164,16.0
2317,-2.857,-0.452,0.000,-35.806,1.624,1.164,16.0
2318,-2.857,-0.452,0.000,-35.799,1.624,1.164,16.0
2319,-2.857,-0.452,0.000,-35.792,1.624,1.164,16.0
2320,-2.857,-0.452,0.000,-35.784,1.624,1.163,16.0
2321,-2.857,-0.452,0.000,-35.777,1.624,1.163,16.0
2322,-2.857,-0.452,0.000,-35.770,1.624,1.163,16.0
2323,-2.857,-0.452,0.000,-35.763,1.625,1.163,16.0
2324,-2.857,-0.452,0.000,-35.755,1.625,1.163,16.0
2325,-2.857,-0.452,0.000,-35.748,1.625,1.162,16.0
2326,-2.857,-0.452,0.000,-35.741,1.625,1.162,16.0
2327,-2.857,-0.452,0.000,-35.734,1.625,1.162,16.0
2328,-2.857,-0.452,0.000,-35.727,1.625,1.162,16.0
2329,-2.857,-0.452,0.000,-35.720,1.625,1.162,16.0
2330,-2.857,-0.452,0.000,-35.713,1.626,1.161,16.0
2331,-2.857,-0.452,0.000,-35.706,1.626,1.161,16.0
2332,-2.857,-0.452,0.000,-35.699,1.626,1.161,16.0
2333,-2.857,-0.452,0.000,-35.692,1.626,1.161,16.0
2334,-2.857,-0.453,0.000,-35.685,1.626,1.161,16.0
2335,-2.857,-0.453,0.000,-35.678,1.626,1.160,16.0
2336,-2.857,-0.453,0.000,-35.671,1.626,1.160,16.0
2337,-2.857,-0.453,0.000,-35.664,1.627,1.160,16.0
2338,-2.857,-0.453,0.000,-35.657,1.627,1.160,16.0
2339,-2.857,-0.453,0.000,-35.651,1.627,1.160,16.0
2340,-2.857,-0.453,0.000,-35.644,1.627,1.159,16.0
2341,-2.857,-0.453,0.000,-35.637,1.627,1.159,16.0
2342,-2.857,-0.453,0.000,-35.631,1.627,1.159,16.0
2343,-2.857,-0.453,0.000,-35.624,1.627,1.159,16.0
2344,-2.857,-0.453,0.000,-35.618,1.628,1.159,16.0
2345,-2.857,-0.453,0.000,-35.611,1.628,1.159,16.0
2346,-2.857,-0.453,0.000,-35.605,1.628,1.158,16.0
2347,-2.857,-0.453,0.000,-35.598,1.628,1.158,16.0
2348,-2.857,-0.453,0.000,-35.592,1.628,1.158,16.0
2349,-2.857,-0.453,0.000,-35.586,1.628,1.158,16.0
2350,-2.857,-0.453,0.000,-35.580,1.628,1.158,16.0
2351,-2.857,-0.453,0.000,-35.573,1.628,1.157,16.0
2352,-2.857,-0.453,0.000,-35.567,1.629,1.157,16.0
2353,-2.857,-0.453,0.000,-35.561,1.629,1.157,16.0
2354,-2.857,-0.453,0.000,-35.555,1.629,1.157,16.0
2355,-2.857,-0.453,0.000,-35.549,1.629,1.157,16.0
2356,-2.857,-0.453,0.000,-35.543,1.629,1.157,16.0
2357,-2.857,-0.453,0.000,-35.537,1.629,1.156,16.0
2358,-2.857,-0.453,0.000,-35.531,1.629,1.156,16.0
2359,-2.857,-0.453,0.000,-35.525,1.629,1.156,16.0
2360,-2.857,-0.453,0.000,-35.519,1.630,1.156,16.0
2361,-2.857,-0.453,0.000,-35.513,1.630,1.156,16.0
2362,-2.857,-0.453,0.000,-35.507,1.630,1.156,16.0
2363,-2.857,-0.453,0.000,-35.501,1.630,1.155,16.0
2364,-2.857,-0.453,0.000,-35.495,1.630,1.155,16.0
2365,-2.857,-0.453,0.000,-35.489,1.630,1.155,16.0
2366,-2.857,-0.453,0.000,-35.483,1.630,1.155,16.0
2367,-2.857,-0.453,0.000,-35.478,1.630,1.155,16.0
2368,-2.857,-0.453,0.000,-35.472,1.630,1.155,16.0
2369,-2.857,-0.453,0.000,-35.466,1.631,1.154,16.0
2370,-2.857,-0.453,0.000,-35.460,1.631,1.154,16.0
2371,-2.857,-0.453,0.000,-35.454,1.631,1.154,16.0
2372,-2.857,-0.453,0.000,-35.449,1.631,1.154,16.0
2373,-2.857,-0.453,0.000,-35.443,1.631,1.154,16.0
2374,-2.857,-0.453,0.000,-35.437,1.631,1.154,16.0
2375,-2.857,-0.453,0.000,-35.432,1.631,1.153,16.0
2376,-2.857,-0.453,0.000,-35.426,1.631,1.153,16.0
2377,-2.857,-0.453,0.000,-35.420,1.631,1.153,16.0
2378,-2.857,-0.453,0.000,-35.415,1.632,1.153,16.0
2379,-2.857,-0.453,0.000,-35.409,1.632,1.153,16.0
2380,-2.857,-0.453,0.000,-35.403,1.632,1.153,16.0
2381,-2.857,-0.453,0.000,-35.398,1.632,1.153,16.0
2382,-2.857,-0.453,0.000,-35.392,1.632,1.152,16.0
2383,-2.857,-0.453,0.000,-35.387,1.632,1.152,16.0
2384,-2.857,-0.453,0.000,-35.381,1.632,1.152,16.0
2385,-2.857,-0.453,0.000,-35.376,1.632,1.152,16.0
2386,-2.857,-0.453,0.000,-35.370,1.632,1.152,16.0
2387,-2.857,-0.453,0.000,-35.365,1.633,1.152,16.0
2388,-2.857,-0.453,0.000,-35.360,1.633,1.151,16.0
2389,-2.857,-0.453,0.000,-35.354,1.633,1.151,16.0
2390,-2.857,-0.453,0.000,-35.349,1.633,1.151,16.0
2391,-2.857,-0.453,0.000,-35.344,1.633,1.151,16.0
2392,-2.857,-0.453,0.000,-35.338,1.633,1.151,16.0
2393,-2.857,-0.453,0.000,-35.333,1.633,1.151,16.0
2394,-2.857,-0.453,0.000,-35.328,1.633,1.151,16.0
2395,-2.857,-0.453,0.000,-35.322,1.633,1.150,16.0
2396,-2.857,-0.453,0.000,-35.317,1.634,1.150,16.0
2397,-2.857,-0.453,0.000,-35.312,1.634,1.150,16.0
2398,-2.857,-0.453,0.000,-35.307,1.634,1.150,16.0
2399,-2.857,-0.453,0.000,-35.302,1.634,1.150,16.0
2400,-2.857,-0.453,0.000,-35.296,1.634,1.150,16.0
2401,-2.857,-0.453,0.000,-35.291,1.634,1.149,16.0
2402,-2.857,-0.453,0.000,-35.286,1.634,1.149,16.0
2403,-2.857,-0.453,0.000,-35.281,1.634,1.149,16.0
2404,-2.857,-0.453,0.000,-35.276,1.634,1.149,16.0
2405,-2.857,-0.453,0.000,-35.272,1.634,1.149,16.0
2406,-2.857,-0.453,0.000,-35.267,1.635,1.149,16.0
2407,-2.857,-0.453,0.000,-35.262,1.635,1.149,16.0
2408,-2.857,-0.453,0.000,-35.257,1.635,1.148,16.0
2409,-2.857,-0.453,0.000,-35.253,1.635,1.148,16.0
2410,-2.857,-0.453,0.000,-35.248,1.635,1.148,16.0
2411,-2.857,-0.453,0.000,-35.244,1.635,1.148,16.0
2412,-2.857,-0.453,0.000,-35.239,1.635,1.148,16.0
2413,-2.857,-0.453,0.000,-35.235,1.635,1.148,16.0
2414,-2.857,-0.453,0.000,-35.231,1.635,1.148,16.0
2415,-2.857,-0.453,0.000,-35.226,1.635,1.148,16.0
2416,-2.857,-0.453,0.000,-35.222,1.635,1.147,16.0
2417,-2.857,-0.453,0.000,-35.218,1.636,1.147,16.0
2418,-2.857,-0.453,0.000,-35.214,1.636,1.147,16.0
2419,-2.857,-0.453,0.000,-35.211,1.636,1.147,16.0
2420,-2.857,-0.453,0.000,-35.207,1.636,1.147,16.0
2421,-2.857,-0.453,0.000,-35.203,1.636,1.147,16.0
2422,-2.857,-0.453,0.000,-35.200,1.636,1.147,16.0
2423,-2.857,-0.453,0.000,-35.197,1.636,1.147,16.0
2424,-2.857,-0.453,0.000,-35.193,1.636,1.147,16.0
2425,-2.857,-0.453,0.000,-35.190,1.636,1.147,16.0
2426,-2.857,-0.453,0.000,-35.187,1.636,1.146,16.0
2427,-2.857,-0.453,0.000,-35.184,1.636,1.146,16.0
2428,-2.857,-0.453,0.000,-35.181,1.636,1.146,16.0
2429,-2.857,-0.453,0.000,-35.178,1.636,1.146,16.0
2430,-2.857,-0.453,0.000,-35.176,1.636,1.146,16.0
2431,-2.857,-0.453,0.000,-35.173,1.636,1.146,16.0
2432,-2.857,-0.453,0.000,-35.171,1.636,1.146,16.0
2433,-2.857,-0.453,0.000,-35.168,1.637,1.146,16.0
2434,-2.857,-0.453,0.000,-35.166,1.637,1.146,16.0
2435,-2.857,-0.453,0.000,-35.164,1.637,1.146,16.0
2436,-2.857,-0.453,0.000,-35.161,1.637,1.146,16.0
2437,-2.857,-0.453,0.000,-35.159,1.637,1.146,16.0
2438,-2.857,-0.453,0.000,-35.157,1.637,1.146,16.0
2439,-2.857,-0.453,0.000,-35.155,1.637,1.146,16.0
2440,-2.857,-0.453,0.000,-35.153,1.637,1.146,16.0
2441,-2.857,-0.453,0.000,-35.152,1.637,1.145,16.0
2442,-2.857,-0.453,0.000,-35.150,1.637,1.145,16.0
2443,-2.857,-0.453,0.000,-35.148,1.637,1.145,16.0
2444,-2.857,-0.453,0.000,-35.147,1.637,1.145,16.0
2445,-2.857,-0.453,0.000,-35.145,1.637,1.145,16.0
2446,-2.857,-0.453,0.000,-35.144,1.637,1.145,16.0
2447,-2.857,-0.453,0.000,-35.142,1.637,1.145,16.0
2448,-2.857,-0.453,0.000,-35.141,1.637,1.145,16.0
2449,-2.857,-0.453,0.000,-35.140,1.637,1.145,16.0
2450,-2.857,-0.453,0.000,-35.139,1.637,1.145,16.0
2451,-2.857,-0.453,0.000,-35.137,1.637,1.145,16.0
2452,-2.857,-0.453,0.000,-35.136,1.637,1.145,16.0
2453,-2.857,-0.453,0.000,-35.136,1.637,1.145,16.0
2454,-2.857,-0.453,0.000,-35.135,1.637,1.145,16.0
2455,-2.857,-0.453,0.000,-35.134,1.637,1.145,16.0
2456,-2.857,-0.453,0.000,-35.133,1.637,1.145,16.0
2457,-2.857,-0.453,0.000,-35.132,1.637,1.145,16.0
2458,-2.857,-0.453,0.000,-35.132,1.637,1.145,16.0
2459,-2.857,-0.453,0.000,-35.131,1.637,1.145,16.0
2460,-2.857,-0.453,0.000,-35.131,1.637,1.145,16.0
2461,-2.857,-0.453,0.000,-35.130,1.637,1.145,16.0
2462,-2.857,-0.453,0.000,-35.130,1.637,1.145,16.0
2463,-2.857,-0.453,0.000,-35.130,1.637,1.145,16.0
2464,-2.857,-0.453,0.000,-35.130,1.637,1.145,16.0
2465,-2.857,-0.453,0.000,-35.130,1.637,1.145,16.0
2466,-2.857,-0.453,0.000,-35.129,1.637,1.145,16.0
2467,-2.857,-0.453,0.000,-35.129,1.637,1.145,16.0
2468,-2.857,-0.453,0.000,-35.129,1.637,1.145,16.0
2469,-2.857,-0.453,0.000,-35.130,1.637,1.145,16.0
2470,-2.857,-0.453,0.000,-35.130,1.637,1.145,16.0
2471,-2.857,-0.453,0.000,-35.130,1.637,1.145,16.0
2472,-2.857,-0.453,0.000,-35.130,1.637,1.145,16.0
2473,-2.857,-0.453,0.000,-35.130,1.637,1.145,16.0
2474,-2.857,-0.453,0.000,-35.131,1.637,1.145,16.0
2475,-2.857,-0.453,0.000,-35.131,1.637,1.145,16.0
2476,-2.857,-0.453,0.000,-35.131,1.637,1.145,16.0
2477,-2.857,-0.453,0.000,-35.132,1.637,1.145,16.0
2478,-2.857,-0.453,0.000,-35.132,1.637,1.145,16.0
2479,-2.857,-0.453,0.000,-35.133,1.637,1.145,16.0
2480,-2.857,-0.453,0.000,-35.134,1.637,1.145,16.0
2481,-2.857,-0.453,0.000,-35.134,1.637,1.145,16.0
2482,-2.857,-0.453,0.000,-35.135,1.637,1.145,16.0
2483,-2.857,-0.453,0.000,-35.136,1.637,1.145,16.0
2484,-2.857,-0.453,0.000,-35.136,1.637,1.145,16.0
2485,-2.857,-0.453,0.000,-35.137,1.637,1.145,16.0
2486,-2.857,-0.453,0.000,-35.138,1.637,1.145,16.0
2487,-2.857,-0.453,0.000,-35.139,1.637,1.145,16.0
2488,-2.857,-0.453,0.000,-35.140,1.637,1.145,16.0
2489,-2.857,-0.453,0.000,-35.141,1.637,1.145,16.0
2490,-2.857,-0.453,0.000,-35.143,1.637,1.145,16.0
2491,-2.857,-0.453,0.000,-35.144,1.637,1.145,16.0
2492,-2.857,-0.453,0.000,-35.146,1.637,1.145,16.0
2493,-2.857,-0.453,0.000,-35.147,1.637,1.145,16.0
2494,-2.857,-0.453,0.000,-35.149,1.637,1.145,16.0
2495,-2.857,-0.453,0.000,-35.150,1.637,1.145,16.0
2496,-2.857,-0.453,0.000,-35.152,1.637,1.145,16.0
2497,-2.857,-0.453,0.000,-35.154,1.637,1.146,16.0
2498,-2.857,-0.453,0.000,-35.156,1.637,1.146,16.0
2499,-2.857,-0.453,0.000,-35.158,1.637,1.146,16.0
2500,-2.857,-0.453,0.000,-35.161,1.637,1.146,16.0
