1,0.500,0.500,0.000,0.000,0.000,-0.007,-1
2,0.500,0.500,0.000,0.000,0.000,-0.009,-1
3,0.500,0.500,0.000,0.000,0.000,-0.006,-1
4,0.500,0.500,0.000,0.000,0.000,-0.006,-1
5,0.500,0.500,0.000,0.000,0.000,-0.007,-1
6,0.500,0.500,0.000,0.000,0.000,-0.007,-1
7,0.500,0.500,0.000,-0.000,-0.000,-0.006,7.0
8,0.500,0.500,0.000,-0.000,-0.000,-0.006,7.0
9,0.500,0.500,0.000,-0.000,-0.000,-0.007,7.0
10,0.500,0.500,0.000,-0.000,-0.000,-0.007,7.0
11,0.500,0.500,0.000,-0.000,-0.000,-0.007,7.0
12,0.500,0.500,0.000,-0.000,-0.000,-0.007,7.0
13,0.500,0.500,0.000,-0.000,-0.000,-0.007,7.0
14,0.500,0.500,0.000,-0.000,-0.000,-0.007,7.0
15,0.500,0.500,0.000,-0.000,-0.000,-0.007,7.0
16,0.500,0.500,0.000,-0.000,-0.000,-0.007,7.0
17,0.500,0.500,0.000,-0.000,-0.000,-0.007,7.0
18,0.500,0.500,0.000,-0.000,-0.000,-0.007,7.0
19,0.500,0.500,0.000,-0.000,-0.000,-0.007,7.0
20,0.500,0.500,0.000,-0.000,-0.000,-0.007,7.0
21,0.500,0.500,0.000,-0.001,-0.000,-0.007,7.0
22,0.500,0.500,0.000,-0.002,-0.000,-0.006,7.0
23,0.501,0.500,0.000,-0.003,-0.000,-0.006,7.0
24,0.501,0.500,0.000,-0.005,0.001,-0.006,7.0
25,0.501,0.500,0.000,-0.006,0.002,-0.006,7.0
26,0.501,0.500,0.000,-0.007,0.003,-0.006,7.0
27,0.501,0.500,0.000,-0.008,0.004,-0.006,7.0
28,0.501,0.500,0.000,-0.010,0.005,-0.006,7.0
29,0.501,0.500,0.000,-0.011,0.006,-0.006,7.0
30,0.501,0.500,0.000,-0.012,0.008,-0.006,7.0
31,0.501,0.500,0.000,-0.013,0.009,-0.006,7.0
32,0.501,0.500,0.000,-0.015,0.010,-0.006,7.0
33,0.501,0.500,0.000,-0.016,0.011,-0.006,7.0
34,0.501,0.500,0.000,-0.017,0.013,-0.006,7.0
35,0.501,0.500,0.000,-0.018,0.014,-0.006,7.0
36,0.501,0.500,0.000,-0.020,0.015,-0.006,7.0
37,0.501,0.500,0.000,-0.021,0.017,-0.006,7.0
38,0.501,0.500,0.000,-0.022,0.018,-0.006,7.0
39,0.500,0.500,0.000,-0.023,0.020,-0.006,7.0
40,0.500,0.500,0.000,-0.024,0.022,-0.006,7.0
41,0.500,0.500,0.000,-0.025,0.024,-0.006,7.0
42,0.500,0.500,0.000,-0.026,0.026,-0.006,7.0
43,0.500,0.500,0.000,-0.027,0.027,-0.006,7.0
44,0.500,0.500,0.000,-0.029,0.030,-0.006,7.0
45,0.500,0.500,0.000,-0.030,0.032,-0.006,7.0
46,0.500,0.500,0.000,-0.031,0.034,-0.006,7.0
47,0.500,0.500,0.000,-0.032,0.037,-0.006,7.0
48,0.500,0.500,0.000,-0.033,0.039,-0.006,7.0
49,0.500,0.500,0.000,-0.034,0.042,-0.006,7.0
50,0.500,0.500,0.000,-0.035,0.045,-0.006,7.0
51,0.500,0.500,0.000,-0.037,0.048,-0.006,7.0
52,0.500,0.500,0.000,-0.038,0.052,-0.006,7.0
53,0.500,0.500,0.000,-0.039,0.056,-0.006,7.0
54,0.500,0.500,0.000,-0.040,0.059,-0.006,7.0
55,0.500,0.500,0.000,-0.041,0.064,-0.006,7.0
56,0.501,0.500,0.000,-0.043,0.068,0.013,7.0
57,0.501,0.500,0.000,-0.044,0.072,-0.000,7.0
58,0.501,0.500,0.000,-0.045,0.077,0.006,7.0
59,0.501,0.500,0.000,-0.046,0.083,0.009,7.0
60,0.501,0.500,0.000,-0.046,0.089,0.006,7.0
61,0.501,0.500,0.000,-0.046,0.096,0.005,7.0
62,0.501,0.500,0.000,-0.046,0.104,0.006,7.0
63,0.501,0.500,0.000,-0.046,0.112,0.007,7.0
64,0.501,0.500,0.000,-0.046,0.121,0.006,7.0
65,0.501,0.500,0.000,-0.046,0.131,0.006,7.0
66,0.501,0.500,0.000,-0.046,0.141,0.006,7.0
67,0.501,0.500,0.000,-0.046,0.151,0.006,7.0
68,0.501,0.500,0.000,-0.046,0.162,0.006,7.0
69,0.501,0.500,0.000,-0.046,0.174,0.006,7.0
70,0.501,0.500,0.000,-0.046,0.187,0.006,7.0
71,0.501,0.500,0.000,-0.046,0.200,0.006,7.0
72,0.501,0.500,0.000,-0.046,0.214,-0.011,7.0
73,0.501,0.500,0.000,-0.046,0.228,-0.011,7.0
74,0.502,0.500,0.000,-0.046,0.245,-0.004,7.0
75,0.502,0.500,0.000,-0.046,0.262,-0.005,7.0
76,0.502,0.500,0.000,-0.047,0.281,-0.007,7.0
77,0.502,0.500,0.000,-0.048,0.301,-0.007,7.0
78,0.502,0.500,0.000,-0.049,0.323,-0.006,7.0
79,0.502,0.500,0.000,-0.050,0.347,-0.006,7.0
80,0.502,0.500,0.000,-0.051,0.371,-0.006,7.0
81,0.502,0.500,0.000,-0.052,0.398,-0.006,7.0
82,0.502,0.500,0.000,-0.053,0.426,-0.006,7.0
83,0.502,0.500,0.000,-0.055,0.455,0.012,7.0
84,0.502,0.500,0.000,-0.056,0.487,0.011,7.0
85,0.502,0.500,0.000,-0.057,0.520,0.005,7.0
86,0.502,0.500,0.000,-0.057,0.557,0.005,7.0
87,0.502,0.500,0.000,-0.057,0.595,0.008,7.0
88,0.503,0.500,0.000,-0.057,0.637,0.008,7.0
89,0.503,0.500,0.000,-0.057,0.682,0.007,7.0
90,0.502,0.500,0.000,-0.056,0.729,0.007,7.0
91,0.502,0.500,0.000,-0.056,0.780,0.007,7.0
92,0.502,0.500,0.000,-0.056,0.834,0.007,7.0
93,0.502,0.500,0.000,-0.056,0.891,0.007,7.0
94,0.502,0.500,0.000,-0.055,0.952,0.007,7.0
95,0.502,0.500,0.000,-0.054,1.017,0.007,7.0
96,0.502,0.500,0.000,-0.054,1.087,0.007,7.0
97,0.502,0.500,0.000,-0.053,1.160,0.007,7.0
98,0.502,0.500,0.000,-0.052,1.239,0.007,7.0
99,0.502,0.500,0.000,-0.051,1.323,0.008,7.0
100,0.502,0.500,0.000,-0.050,1.412,0.008,7.0
101,0.502,0.500,0.000,-0.049,1.507,0.008,7.0
102,0.502,0.500,0.000,-0.048,1.609,0.008,7.0
103,0.502,0.500,0.000,-0.046,1.717,0.008,7.0
104,0.502,0.500,0.000,-0.045,1.832,0.008,7.0
105,0.502,0.500,0.000,-0.043,1.955,0.008,7.0
106,0.502,0.500,0.000,-0.042,2.023,-0.007,7.0
107,0.502,0.500,0.000,-0.041,1.934,0.010,7.0
108,0.502,0.500,0.000,-0.041,1.832,0.003,7.0
109,0.501,0.500,0.000,-0.041,1.740,0.007,7.0
110,0.501,0.500,0.000,-0.041,1.656,0.010,7.0
111,0.501,0.500,0.000,-0.042,1.580,0.008,7.0
112,0.501,0.500,0.000,-0.042,1.512,-0.015,7.0
113,0.501,0.500,0.000,-0.042,1.452,0.001,7.0
114,0.501,0.500,0.000,-0.042,1.398,-0.003,7.0
115,0.500,0.500,0.000,-0.042,1.352,-0.008,7.0
116,0.500,0.500,0.000,-0.042,1.311,-0.006,7.0
117,0.500,0.500,0.000,-0.042,1.275,-0.004,7.0
118,0.500,0.500,0.000,-0.043,1.246,-0.005,7.0
119,0.500,0.500,0.000,-0.043,1.223,-0.006,7.0
120,0.500,0.500,0.000,-0.043,1.205,-0.006,7.0
121,0.500,0.500,0.000,-0.043,1.194,-0.005,7.0
122,0.500,0.500,0.000,-0.044,1.187,-0.005,7.0
123,0.500,0.500,0.000,-0.044,1.187,-0.005,7.0
124,0.500,0.500,0.000,-0.044,1.192,-0.005,7.0
125,0.500,0.500,0.000,-0.044,1.202,-0.005,7.0
126,0.500,0.500,0.000,-0.044,1.217,-0.005,7.0
127,0.500,0.500,0.000,-0.045,1.239,-0.005,7.0
128,0.500,0.500,0.000,-0.045,1.265,0.002,7.0
129,0.499,0.500,0.000,-0.045,1.298,0.004,7.0
130,0.499,0.500,0.000,-0.045,1.336,0.012,7.0
131,0.499,0.500,0.000,-0.046,1.380,0.010,7.0
132,0.499,0.500,0.000,-0.046,1.430,0.006,7.0
133,0.499,0.500,0.000,-0.046,1.486,0.007,7.0
134,0.499,0.500,0.000,-0.046,1.547,0.008,7.0
135,0.499,0.500,0.000,-0.047,1.615,0.008,7.0
136,0.499,0.500,0.000,-0.047,1.689,0.007,7.0
137,0.499,0.500,0.000,-0.047,1.771,0.008,7.0
138,0.498,0.500,0.000,-0.047,1.860,0.008,7.0
139,0.498,0.500,0.000,-0.047,1.957,-0.014,7.0
140,0.498,0.500,0.000,-0.048,2.033,-0.006,7.0
141,0.498,0.500,0.000,-0.048,1.966,-0.004,7.0
142,0.498,0.500,0.000,-0.048,1.885,-0.002,7.0
143,0.498,0.500,0.000,-0.048,1.814,-0.005,7.0
144,0.498,0.500,0.000,-0.049,1.751,-0.006,7.0
145,0.498,0.500,0.000,-0.049,1.697,-0.005,7.0
146,0.498,0.500,0.000,-0.049,1.652,-0.004,7.0
147,0.498,0.500,0.000,-0.050,1.614,-0.005,7.0
148,0.498,0.500,0.000,-0.050,1.584,-0.005,7.0
149,0.498,0.500,0.000,-0.050,1.561,-0.005,7.0
150,0.498,0.500,0.000,-0.050,1.546,-0.005,7.0
151,0.498,0.500,0.000,-0.051,1.538,-0.005,7.0
152,0.498,0.500,0.000,-0.051,1.537,-0.005,7.0
153,0.498,0.500,0.000,-0.051,1.544,-0.005,7.0
154,0.498,0.500,0.000,-0.051,1.557,-0.005,7.0
155,0.498,0.500,0.000,-0.052,1.577,-0.005,7.0
156,0.498,0.500,0.000,-0.052,1.605,-0.005,7.0
157,0.498,0.500,0.000,-0.052,1.639,-0.005,7.0
158,0.498,0.500,0.000,-0.052,1.681,0.006,7.0
159,0.498,0.500,0.000,-0.053,1.731,0.002,7.0
160,0.498,0.500,0.000,-0.053,1.787,0.012,7.0
161,0.498,0.500,0.000,-0.053,1.852,0.010,7.0
162,0.497,0.500,0.000,-0.054,1.925,0.007,7.0
163,0.497,0.500,0.000,-0.055,1.999,-0.002,7.0
164,0.497,0.500,0.000,-0.055,1.959,0.020,7.0
165,0.497,0.500,0.000,-0.056,1.899,-0.002,7.0
166,0.497,0.500,0.000,-0.056,1.849,0.016,7.0
167,0.497,0.500,0.000,-0.057,1.808,0.010,7.0
168,0.497,0.500,0.000,-0.058,1.775,0.005,7.0
169,0.497,0.500,0.000,-0.059,1.751,0.008,7.0
170,0.497,0.500,0.000,-0.061,1.734,0.009,7.0
171,0.496,0.500,0.000,-0.062,1.725,0.008,7.0
172,0.496,0.500,0.000,-0.063,1.724,0.008,7.0
173,0.496,0.500,0.000,-0.065,1.730,0.008,7.0
174,0.496,0.500,0.000,-0.066,1.745,0.008,7.0
175,0.496,0.500,0.000,-0.067,1.768,0.008,7.0
176,0.496,0.500,0.000,-0.068,1.799,0.008,7.0
177,0.496,0.500,0.000,-0.070,1.837,0.009,7.0
178,0.496,0.500,0.000,-0.071,1.884,0.009,7.0
179,0.496,0.500,0.000,-0.072,1.939,0.009,7.0
180,0.496,0.500,0.000,-0.073,1.995,-0.000,7.0
181,0.496,0.500,0.000,-0.074,1.957,0.020,7.0
182,0.496,0.500,0.000,-0.075,1.912,0.000,7.0
183,0.496,0.500,0.000,-0.075,1.876,0.007,7.0
184,0.496,0.500,0.000,-0.076,1.849,0.012,7.0
185,0.496,0.500,0.000,-0.077,1.830,0.009,7.0
186,0.496,0.500,0.000,-0.077,1.820,0.007,7.0
187,0.496,0.500,0.000,-0.078,1.819,0.008,7.0
188,0.496,0.500,0.000,-0.079,1.826,-0.003,7.0
189,0.496,0.500,0.000,-0.079,1.841,0.002,7.0
190,0.496,0.500,0.000,-0.080,1.864,-0.007,7.0
191,0.496,0.500,0.000,-0.080,1.896,-0.007,7.0
192,0.496,0.500,0.000,-0.081,1.937,-0.003,7.0
193,0.496,0.500,0.000,-0.081,1.986,-0.003,7.0
194,0.496,0.500,0.000,-0.083,2.008,-0.001,7.0
195,0.496,0.500,0.000,-0.084,1.968,-0.005,7.0
196,0.495,0.500,0.000,-0.085,1.937,0.015,7.0
197,0.495,0.500,0.000,-0.086,1.916,0.013,7.0
198,0.495,0.500,0.000,-0.087,1.903,0.006,7.0
199,0.495,0.500,0.000,-0.088,1.898,0.007,7.0
200,0.495,0.500,0.000,-0.090,1.903,0.010,7.0
201,0.495,0.500,0.000,-0.091,1.916,0.010,7.0
202,0.495,0.500,0.000,-0.092,1.937,0.009,7.0
203,0.495,0.500,0.000,-0.093,1.968,0.009,7.0
204,0.495,0.500,0.000,-0.093,1.986,-0.001,7.0
205,0.495,0.500,0.000,-0.094,1.960,0.010,7.0
206,0.495,0.500,0.000,-0.094,1.942,0.013,7.0
207,0.495,0.500,0.000,-0.095,1.934,0.010,7.0
208,0.495,0.500,0.000,-0.095,1.934,0.008,7.0
209,0.495,0.500,0.000,-0.096,1.943,-0.012,7.0
210,0.495,0.500,0.000,-0.096,1.962,-0.005,7.0
211,0.495,0.500,0.000,-0.097,1.989,-0.000,7.0
212,0.495,0.500,0.000,-0.097,2.005,0.002,7.0
213,0.495,0.500,0.000,-0.097,1.983,-0.004,7.0
214,0.495,0.500,0.000,-0.097,1.968,-0.005,7.0
215,0.495,0.500,0.000,-0.097,1.963,0.019,7.0
216,0.495,0.500,0.000,-0.096,1.966,0.007,7.0
217,0.495,0.500,0.000,-0.096,1.978,-0.009,7.0
218,0.495,0.500,0.000,-0.096,1.999,0.004,7.0
219,0.495,0.500,0.000,-0.096,1.997,-0.000,7.0
220,0.495,0.500,0.000,-0.095,1.980,-0.004,7.0
221,0.495,0.500,0.000,-0.095,1.972,-0.005,7.0
222,0.495,0.500,0.000,-0.095,1.974,-0.003,7.0
223,0.494,0.500,0.000,-0.094,1.984,-0.002,7.0
224,0.494,0.500,0.000,-0.094,2.002,-0.002,7.0
225,0.494,0.500,0.000,-0.094,1.996,-0.004,7.0
226,0.494,0.500,0.000,-0.095,1.986,-0.002,7.0
227,0.494,0.500,0.000,-0.095,1.986,-0.003,7.0
228,0.494,0.500,0.000,-0.095,1.995,-0.003,7.0
229,0.494,0.500,0.000,-0.096,2.001,0.001,7.0
230,0.494,0.500,0.000,-0.096,1.992,-0.003,7.0
231,0.494,0.500,0.000,-0.097,1.992,-0.004,7.0
232,0.494,0.500,0.000,-0.097,2.000,-0.002,7.0
233,0.494,0.500,0.000,-0.097,1.997,-0.003,7.0
234,0.494,0.500,0.000,-0.098,1.995,-0.001,7.0
235,0.494,0.500,0.000,-0.098,1.999,-0.001,7.0
236,0.494,0.500,0.000,-0.099,1.997,-0.004,7.0
237,0.494,0.500,0.000,-0.099,1.987,0.001,7.0
238,0.494,0.500,0.000,-0.099,1.940,0.008,7.0
239,0.494,0.500,0.000,-0.100,1.901,0.013,7.0
240,0.494,0.500,0.000,-0.100,1.871,0.010,7.0
241,0.494,0.500,0.000,-0.100,1.850,0.008,7.0
242,0.494,0.500,0.000,-0.100,1.838,0.009,7.0
243,0.494,0.500,0.000,-0.101,1.834,0.010,7.0
244,0.494,0.500,0.000,-0.101,1.838,0.010,7.0
245,0.494,0.500,0.000,-0.101,1.852,0.008,7.0
246,0.494,0.500,0.000,-0.101,1.873,-0.005,7.0
247,0.494,0.500,0.000,-0.102,1.903,-0.009,7.0
248,0.494,0.500,0.000,-0.102,1.941,-0.003,7.0
249,0.495,0.500,0.000,-0.102,1.988,-0.001,7.0
250,0.495,0.500,0.000,-0.102,2.007,0.000,7.0
251,0.495,0.500,0.000,-0.101,1.967,0.002,7.0
252,0.495,0.500,0.000,-0.101,1.934,0.006,7.0
253,0.495,0.500,0.000,-0.100,1.911,0.015,7.0
254,0.495,0.500,0.000,-0.100,1.898,0.011,7.0
255,0.495,0.500,0.000,-0.100,1.893,0.008,7.0
256,0.495,0.500,0.000,-0.100,1.898,0.009,7.0
257,0.495,0.500,0.000,-0.100,1.911,0.010,7.0
258,0.495,0.500,0.000,-0.100,1.933,0.010,7.0
259,0.495,0.500,0.000,-0.100,1.963,0.009,7.0
260,0.495,0.500,0.000,-0.100,1.998,0.009,7.0
261,0.495,0.500,0.000,-0.100,1.987,0.012,7.0
262,0.495,0.500,0.000,-0.100,1.960,0.009,7.0
263,0.495,0.500,0.000,-0.101,1.943,0.009,7.0
264,0.495,0.500,0.000,-0.101,1.934,0.010,7.0
265,0.495,0.500,0.000,-0.101,1.935,0.010,7.0
266,0.495,0.500,0.000,-0.101,1.945,0.010,7.0
267,0.495,0.500,0.000,-0.101,1.963,0.010,7.0
268,0.495,0.500,0.000,-0.101,1.985,0.004,7.0
269,0.495,0.500,0.000,-0.101,1.971,0.015,7.0
270,0.495,0.500,0.000,-0.102,1.958,-0.016,7.0
271,0.495,0.500,0.000,-0.104,1.954,0.002,7.0
272,0.495,0.500,0.000,-0.105,1.960,0.001,7.0
273,0.496,0.500,0.000,-0.107,1.975,-0.004,7.0
274,0.496,0.500,0.000,-0.108,1.999,-0.004,7.0
275,0.496,0.500,0.000,-0.109,1.998,-0.002,7.0
276,0.496,0.500,0.000,-0.110,1.980,-0.001,7.0
277,0.496,0.500,0.000,-0.110,1.972,-0.003,7.0
278,0.496,0.500,0.000,-0.110,1.973,-0.003,7.0
279,0.496,0.500,0.000,-0.111,1.983,-0.002,7.0
280,0.496,0.500,0.000,-0.111,2.001,-0.001,7.0
281,0.496,0.500,0.000,-0.111,1.966,0.006,7.0
282,0.496,0.500,0.000,-0.112,1.899,0.004,7.0
283,0.496,0.500,0.000,-0.112,1.842,0.012,7.0
284,0.496,0.500,0.000,-0.112,1.793,0.012,7.0
285,0.496,0.500,0.000,-0.113,1.754,0.009,7.0
286,0.496,0.500,0.000,-0.113,1.722,0.009,7.0
287,0.496,0.500,0.000,-0.113,1.699,0.010,7.0
288,0.496,0.500,0.000,-0.114,1.684,0.010,7.0
289,0.496,0.500,0.000,-0.114,1.677,0.010,7.0
290,0.496,0.500,0.000,-0.115,1.678,0.009,7.0
291,0.496,0.500,0.000,-0.115,1.686,0.010,7.0
292,0.496,0.500,0.000,-0.115,1.702,0.010,7.0
293,0.496,0.500,0.000,-0.116,1.726,0.010,7.0
294,0.496,0.500,0.000,-0.116,1.757,0.010,7.0
295,0.496,0.500,0.000,-0.116,1.796,0.010,7.0
296,0.496,0.500,0.000,-0.117,1.843,0.010,7.0
297,0.496,0.500,0.000,-0.117,1.899,0.010,7.0
298,0.496,0.500,0.000,-0.117,1.962,0.010,7.0
299,0.496,0.500,0.000,-0.118,1.990,-0.006,7.0
300,0.496,0.500,0.000,-0.118,1.935,0.018,7.0
301,0.496,0.500,0.000,-0.118,1.889,0.013,7.0
302,0.496,0.500,0.000,-0.118,1.852,0.005,7.0
303,0.496,0.500,0.000,-0.119,1.824,0.009,7.0
304,0.496,0.500,0.000,-0.119,1.805,0.012,7.0
305,0.496,0.500,0.000,-0.119,1.794,0.011,7.0
306,0.495,0.500,0.000,-0.119,1.791,0.009,7.0
307,0.495,0.500,0.000,-0.120,1.797,0.010,7.0
308,0.495,0.500,0.000,-0.120,1.810,0.010,7.0
309,0.495,0.500,0.000,-0.120,1.832,0.010,7.0
310,0.495,0.500,0.000,-0.120,1.863,0.010,7.0
311,0.495,0.500,0.000,-0.121,1.901,0.010,7.0
312,0.495,0.500,0.000,-0.121,1.948,0.011,7.0
313,0.495,0.500,0.000,-0.121,1.994,-0.000,7.0
314,0.495,0.500,0.000,-0.121,1.958,0.021,7.0
315,0.495,0.500,0.000,-0.121,1.921,0.007,7.0
316,0.495,0.500,0.000,-0.122,1.894,0.006,7.0
317,0.495,0.500,0.000,-0.122,1.876,0.012,7.0
318,0.495,0.500,0.000,-0.122,1.866,0.012,7.0
319,0.495,0.500,0.000,-0.123,1.865,0.010,7.0
320,0.495,0.500,0.000,-0.123,1.873,0.010,7.0
321,0.495,0.500,0.000,-0.123,1.889,0.011,7.0
322,0.495,0.500,0.000,-0.124,1.914,-0.002,7.0
323,0.495,0.500,0.000,-0.124,1.947,0.004,7.0
324,0.496,0.500,0.000,-0.125,1.989,-0.004,7.0
325,0.496,0.500,0.000,-0.126,2.006,0.001,7.0
326,0.496,0.500,0.000,-0.126,1.969,-0.005,7.0
327,0.496,0.500,0.000,-0.125,1.941,-0.003,7.0
328,0.496,0.500,0.000,-0.125,1.923,-0.001,7.0
329,0.496,0.500,0.000,-0.124,1.914,-0.002,7.0
330,0.496,0.500,0.000,-0.124,1.914,-0.003,7.0
331,0.496,0.500,0.000,-0.123,1.923,-0.002,7.0
332,0.496,0.500,0.000,-0.123,1.941,-0.002,7.0
333,0.496,0.500,0.000,-0.122,1.968,-0.002,7.0
334,0.496,0.500,0.000,-0.122,2.003,-0.001,7.0
335,0.496,0.500,0.000,-0.121,1.995,-0.001,7.0
336,0.496,0.500,0.000,-0.121,1.970,-0.001,7.0
337,0.496,0.500,0.000,-0.120,1.955,-0.003,7.0
338,0.496,0.500,0.000,-0.119,1.949,-0.003,7.0
339,0.496,0.500,0.000,-0.118,1.952,-0.002,7.0
340,0.496,0.500,0.000,-0.117,1.964,-0.002,7.0
341,0.496,0.500,0.000,-0.116,1.985,-0.002,7.0
342,0.496,0.500,0.000,-0.114,2.006,0.003,7.0
343,0.496,0.500,0.000,-0.113,1.988,-0.004,7.0
344,0.496,0.500,0.000,-0.112,1.974,-0.003,7.0
345,0.496,0.500,0.000,-0.110,1.970,-0.002,7.0
346,0.496,0.500,0.000,-0.109,1.974,-0.002,7.0
347,0.496,0.500,0.000,-0.108,1.988,-0.003,7.0
348,0.496,0.500,0.000,-0.106,2.004,0.003,7.0
349,0.496,0.500,0.000,-0.104,1.991,-0.004,7.0
350,0.496,0.500,0.000,-0.103,1.983,-0.003,7.0
351,0.496,0.500,0.000,-0.101,1.984,-0.002,7.0
352,0.496,0.500,0.000,-0.099,1.994,-0.003,7.0
353,0.496,0.500,0.000,-0.097,2.001,0.001,7.0
354,0.496,0.500,0.000,-0.096,1.992,-0.003,7.0
355,0.496,0.500,0.000,-0.093,1.990,-0.004,7.0
356,0.496,0.500,0.000,-0.091,1.998,-0.003,7.0
357,0.496,0.500,0.000,-0.089,1.999,-0.001,7.0
358,0.496,0.500,0.000,-0.087,1.994,-0.002,7.0
359,0.496,0.500,0.000,-0.085,1.998,-0.003,7.0
360,0.496,0.500,0.000,-0.083,1.998,-0.003,7.0
361,0.496,0.500,0.000,-0.081,1.996,-0.003,7.0
362,0.496,0.500,0.000,-0.079,1.999,-0.001,7.0
363,0.496,0.500,0.000,-0.077,1.997,-0.004,7.0
364,0.496,0.500,0.000,-0.076,1.999,-0.003,7.0
365,0.496,0.500,0.000,-0.074,1.997,-0.003,7.0
366,0.496,0.500,0.000,-0.073,1.998,-0.003,7.0
367,0.496,0.500,0.000,-0.071,1.998,-0.003,7.0
368,0.496,0.500,0.000,-0.069,1.997,-0.003,7.0
369,0.496,0.500,0.000,-0.067,1.998,-0.003,7.0
370,0.496,0.500,0.000,-0.065,1.997,-0.004,7.0
371,0.496,0.500,0.000,-0.063,1.998,-0.003,7.0
372,0.496,0.500,0.000,-0.060,1.998,-0.004,7.0
373,0.496,0.500,0.000,-0.057,1.998,-0.003,7.0
374,0.496,0.500,0.000,-0.054,1.998,-0.004,7.0
375,0.496,0.500,0.000,-0.051,1.998,-0.004,7.0
376,0.496,0.500,0.000,-0.048,1.998,-0.004,7.0
377,0.496,0.500,0.000,-0.044,1.998,-0.004,7.0
378,0.496,0.500,0.000,-0.040,1.998,-0.004,7.0
379,0.496,0.500,0.000,-0.036,1.998,-0.004,7.0
380,0.496,0.500,0.000,-0.032,1.998,-0.004,7.0
381,0.496,0.500,0.000,-0.028,1.998,-0.005,7.0
382,0.496,0.500,0.000,-0.023,1.998,-0.005,7.0
383,0.496,0.500,0.000,-0.019,1.998,-0.005,7.0
384,0.496,0.500,0.000,-0.014,1.998,-0.005,7.0
385,0.496,0.500,0.000,-0.009,1.998,-0.005,7.0
386,0.496,0.500,0.000,-0.004,1.998,-0.006,7.0
387,0.496,0.500,0.000,0.001,1.998,-0.006,7.0
388,0.496,0.500,0.000,0.006,1.998,-0.006,7.0
389,0.496,0.500,0.000,0.012,1.998,-0.006,7.0
390,0.496,0.500,0.000,0.017,1.998,-0.006,7.0
391,0.496,0.500,0.000,0.022,1.998,-0.006,7.0
392,0.496,0.500,0.000,0.028,1.998,-0.007,7.0
393,0.496,0.500,0.000,0.033,1.998,-0.007,7.0
394,0.496,0.500,0.000,0.038,1.998,-0.007,7.0
395,0.496,0.500,0.000,0.043,1.998,-0.007,7.0
396,0.496,0.500,0.000,0.048,1.998,-0.007,7.0
397,0.496,0.500,0.000,0.053,1.998,-0.008,7.0
398,0.496,0.500,0.000,0.058,1.998,-0.008,7.0
399,0.496,0.500,0.000,0.063,1.998,-0.008,7.0
400,0.496,0.500,0.000,0.068,1.998,-0.008,7.0
401,0.496,0.500,0.000,0.073,1.998,-0.008,7.0
402,0.496,0.500,0.000,0.077,1.998,-0.008,7.0
403,0.496,0.500,0.000,0.082,1.998,-0.009,7.0
404,0.496,0.500,0.000,0.087,1.998,-0.009,7.0
405,0.496,0.500,0.000,0.091,1.998,-0.009,7.0
406,0.496,0.500,0.000,0.096,1.998,-0.009,7.0
407,0.496,0.500,0.000,0.101,1.998,-0.009,7.0
408,0.496,0.500,0.000,0.105,1.998,-0.009,7.0
409,0.496,0.500,0.000,0.108,1.998,-0.009,7.0
410,0.496,0.500,0.000,0.111,1.998,-0.010,7.0
411,0.496,0.500,0.000,0.113,1.998,-0.010,7.0
412,0.496,0.500,0.000,0.114,1.998,-0.010,7.0
413,0.496,0.500,0.000,0.115,1.998,-0.010,7.0
414,0.496,0.500,0.000,0.116,1.998,-0.010,7.0
415,0.496,0.500,0.000,0.117,1.998,-0.010,7.0
416,0.496,0.500,0.000,0.117,1.998,-0.010,7.0
417,0.496,0.500,0.000,0.117,1.998,-0.010,7.0
418,0.496,0.500,0.000,0.118,1.998,-0.010,7.0
419,0.496,0.500,0.000,0.118,1.998,-0.010,7.0
420,0.496,0.500,0.000,0.118,1.998,-0.010,7.0
421,0.496,0.500,0.000,0.118,1.998,-0.010,7.0
422,0.496,0.500,0.000,0.118,1.998,-0.010,7.0
423,0.496,0.500,0.000,0.118,1.998,-0.010,7.0
424,0.496,0.500,0.000,0.119,1.998,-0.010,7.0
425,0.496,0.500,0.000,0.119,1.998,-0.010,7.0
426,0.496,0.500,0.000,0.119,1.998,-0.010,7.0
427,0.496,0.500,0.000,0.119,1.998,-0.010,7.0
428,0.496,0.500,0.000,0.119,1.998,-0.010,7.0
429,0.496,0.500,0.000,0.119,1.998,-0.010,7.0
430,0.496,0.500,0.000,0.119,1.998,-0.010,7.0
431,0.496,0.500,0.000,0.119,1.998,-0.010,7.0
432,0.496,0.500,0.000,0.120,1.998,-0.010,7.0
433,0.496,0.500,0.000,0.120,1.998,-0.010,7.0
434,0.496,0.500,0.000,0.120,1.998,-0.010,7.0
435,0.496,0.500,0.000,0.120,1.998,-0.010,7.0
436,0.496,0.500,0.000,0.120,1.998,-0.010,7.0
437,0.496,0.500,0.000,0.120,1.998,-0.010,7.0
438,0.496,0.500,0.000,0.120,1.998,-0.010,7.0
439,0.496,0.500,0.000,0.120,1.998,-0.010,7.0
440,0.496,0.500,0.000,0.120,1.998,-0.010,7.0
441,0.496,0.500,0.000,0.120,1.998,-0.010,7.0
442,0.496,0.500,0.000,0.120,1.998,-0.010,7.0
443,0.496,0.500,0.000,0.121,1.998,-0.010,7.0
444,0.496,0.500,0.000,0.121,1.998,-0.010,7.0
445,0.496,0.500,0.000,0.121,1.998,-0.010,7.0
446,0.496,0.500,0.000,0.121,1.998,-0.010,7.0
447,0.496,0.500,0.000,0.121,1.998,-0.010,7.0
448,0.496,0.500,0.000,0.121,1.998,-0.010,7.0
449,0.496,0.500,0.000,0.121,1.998,-0.010,7.0
450,0.496,0.500,0.000,0.121,1.998,-0.010,7.0
451,0.496,0.500,0.000,0.121,1.998,-0.010,7.0
452,0.496,0.500,0.000,0.121,1.998,-0.010,7.0
453,0.496,0.500,0.000,0.121,1.998,-0.010,7.0
454,0.496,0.500,0.000,0.121,1.998,-0.010,7.0
455,0.496,0.500,0.000,0.121,1.998,-0.010,7.0
456,0.496,0.500,0.000,0.121,1.998,-0.010,7.0
457,0.496,0.500,0.000,0.121,1.998,-0.010,7.0
458,0.496,0.500,0.000,0.121,1.998,-0.010,7.0
459,0.496,0.500,0.000,0.122,1.998,-0.010,7.0
460,0.496,0.500,0.000,0.122,1.998,-0.010,7.0
461,0.496,0.500,0.000,0.122,1.998,-0.010,7.0
462,0.496,0.500,0.000,0.122,1.998,-0.010,7.0
463,0.496,0.500,0.000,0.122,1.998,-0.010,7.0
464,0.496,0.500,0.000,0.122,1.998,-0.010,7.0
465,0.496,0.500,0.000,0.122,1.998,-0.010,7.0
466,0.496,0.500,0.000,0.122,1.998,-0.010,7.0
467,0.496,0.500,0.000,0.122,1.998,-0.010,7.0
468,0.496,0.500,0.000,0.122,1.998,-0.010,7.0
469,0.496,0.500,0.000,0.122,1.998,-0.010,7.0
470,0.496,0.500,0.000,0.122,1.998,-0.010,7.0
471,0.496,0.500,0.000,0.122,1.998,-0.010,7.0
472,0.496,0.500,0.000,0.122,1.998,-0.010,7.0
473,0.496,0.500,0.000,0.122,1.998,-0.010,7.0
474,0.496,0.500,0.000,0.122,1.998,-0.010,7.0
475,0.496,0.500,0.000,0.122,1.998,-0.010,7.0
476,0.496,0.500,0.000,0.122,1.998,-0.010,7.0
477,0.496,0.500,0.000,0.122,1.998,-0.010,7.0
478,0.496,0.500,0.000,0.122,1.998,-0.010,7.0
479,0.496,0.500,0.000,0.122,1.998,-0.010,7.0
480,0.496,0.500,0.000,0.122,1.998,-0.010,7.0
481,0.496,0.500,0.000,0.122,1.998,-0.010,7.0
482,0.496,0.500,0.000,0.122,1.998,-0.010,7.0
483,0.496,0.500,0.000,0.122,1.998,-0.010,7.0
484,0.496,0.500,0.000,0.122,1.998,-0.010,7.0
485,0.496,0.500,0.000,0.122,1.998,-0.010,7.0
486,0.496,0.500,0.000,0.122,1.998,-0.010,7.0
487,0.496,0.500,0.000,0.122,1.998,-0.010,7.0
488,0.496,0.500,0.000,0.122,1.998,-0.010,7.0
489,0.496,0.500,0.000,0.122,1.998,-0.010,7.0
490,0.496,0.500,0.000,0.122,1.998,-0.010,7.0
491,0.496,0.500,0.000,0.122,1.998,-0.010,7.0
492,0.496,0.500,0.000,0.122,1.998,-0.010,7.0
493,0.496,0.500,0.000,0.122,1.998,-0.010,7.0
494,0.496,0.500,0.000,0.122,1.998,-0.010,7.0
495,0.496,0.500,0.000,0.122,1.998,-0.010,7.0
496,0.496,0.500,0.000,0.122,1.998,-0.010,7.0
497,0.496,0.500,0.000,0.122,1.998,-0.010,7.0
498,0.496,0.500,0.000,0.122,1.998,-0.010,7.0
499,0.496,0.500,0.000,0.122,1.998,-0.010,7.0
500,0.496,0.500,0.000,0.122,1.998,-0.010,7.0
501,0.496,0.500,0.000,0.122,1.998,-0.010,7.0
502,0.496,0.500,0.000,0.122,1.998,-0.010,7.0
503,0.496,0.500,0.000,0.122,1.998,-0.010,7.0
504,0.496,0.500,0.000,0.122,1.998,-0.010,7.0
505,0.496,0.500,0.000,0.122,1.998,-0.010,7.0
506,0.496,0.500,0.000,0.122,1.998,-0.010,7.0
507,0.496,0.500,0.000,0.122,1.998,-0.010,7.0
508,0.496,0.500,0.000,0.122,1.998,-0.010,7.0
509,0.496,0.500,0.000,0.122,1.998,-0.010,7.0
510,0.496,0.500,0.000,0.122,1.998,-0.010,7.0
511,0.496,0.500,0.000,0.122,1.998,-0.010,7.0
512,0.496,0.500,0.000,0.122,1.998,-0.010,7.0
513,0.496,0.500,0.000,0.122,1.998,-0.010,7.0
514,0.496,0.500,0.000,0.122,1.998,-0.010,7.0
515,0.496,0.500,0.000,0.122,1.998,-0.010,7.0
516,0.496,0.500,0.000,0.122,1.998,-0.010,7.0
517,0.496,0.500,0.000,0.122,1.998,-0.010,7.0
518,0.496,0.500,0.000,0.122,1.998,-0.010,7.0
519,0.496,0.500,0.000,0.122,1.998,-0.010,7.0
520,0.496,0.500,0.000,0.122,1.998,-0.010,7.0
521,0.496,0.500,0.000,0.121,1.998,-0.010,7.0
522,0.496,0.500,0.000,0.121,1.998,-0.010,7.0
523,0.496,0.500,0.000,0.121,1.998,-0.010,7.0
524,0.496,0.500,0.000,0.121,1.998,-0.010,7.0
525,0.496,0.500,0.000,0.121,1.998,-0.010,7.0
526,0.496,0.500,0.000,0.121,1.998,-0.010,7.0
527,0.496,0.500,0.000,0.121,1.998,-0.010,7.0
528,0.496,0.500,0.000,0.121,1.998,-0.010,7.0
529,0.496,0.500,0.000,0.121,1.998,-0.010,7.0
530,0.496,0.500,0.000,0.121,1.998,-0.010,7.0
531,0.496,0.500,0.000,0.121,1.998,-0.010,7.0
532,0.496,0.500,0.000,0.121,1.998,-0.010,7.0
533,0.496,0.500,0.000,0.121,1.998,-0.010,7.0
534,0.496,0.500,0.000,0.121,1.998,-0.010,7.0
535,0.496,0.500,0.000,0.121,1.998,-0.010,7.0
536,0.496,0.500,0.000,0.121,1.998,-0.010,7.0
537,0.496,0.500,0.000,0.121,1.998,-0.010,7.0
538,0.496,0.500,0.000,0.121,1.998,-0.010,7.0
539,0.496,0.500,0.000,0.121,1.998,-0.010,7.0
540,0.496,0.500,0.000,0.121,1.998,-0.010,7.0
541,0.496,0.500,0.000,0.121,1.998,-0.010,7.0
542,0.496,0.500,0.000,0.121,1.998,-0.010,7.0
543,0.496,0.500,0.000,0.121,1.998,-0.010,7.0
544,0.496,0.500,0.000,0.121,1.998,-0.010,7.0
545,0.496,0.500,0.000,0.121,1.998,-0.010,7.0
546,0.496,0.500,0.000,0.120,1.998,-0.010,7.0
547,0.496,0.500,0.000,0.120,1.998,-0.010,7.0
548,0.496,0.500,0.000,0.120,1.998,-0.010,7.0
549,0.496,0.500,0.000,0.120,1.998,-0.010,7.0
550,0.496,0.500,0.000,0.120,1.998,-0.010,7.0
551,0.496,0.500,0.000,0.120,1.998,-0.010,7.0
552,0.496,0.500,0.000,0.120,1.998,-0.010,7.0
553,0.496,0.500,0.000,0.120,1.998,-0.010,7.0
554,0.496,0.500,0.000,0.120,1.998,-0.010,7.0
555,0.496,0.500,0.000,0.120,1.998,-0.010,7.0
556,0.496,0.500,0.000,0.120,1.998,-0.010,7.0
557,0.496,0.500,0.000,0.120,1.998,-0.010,7.0
558,0.496,0.500,0.000,0.120,1.998,-0.010,7.0
559,0.496,0.500,0.000,0.120,1.998,-0.010,7.0
560,0.496,0.500,0.000,0.120,1.998,-0.010,7.0
561,0.496,0.500,0.000,0.120,1.998,-0.010,7.0
562,0.496,0.500,0.000,0.120,1.998,-0.010,7.0
563,0.496,0.500,0.000,0.120,1.998,-0.010,7.0
564,0.496,0.500,0.000,0.120,1.998,-0.010,7.0
565,0.496,0.500,0.000,0.119,1.998,-0.010,7.0
566,0.496,0.500,0.000,0.119,1.998,-0.010,7.0
567,0.496,0.500,0.000,0.119,1.998,-0.010,7.0
568,0.496,0.500,0.000,0.119,1.998,-0.010,7.0
569,0.496,0.500,0.000,0.119,1.998,-0.010,7.0
570,0.496,0.500,0.000,0.119,1.998,-0.010,7.0
571,0.496,0.500,0.000,0.119,1.998,-0.010,7.0
572,0.496,0.500,0.000,0.119,1.998,-0.010,7.0
573,0.496,0.500,0.000,0.119,1.998,-0.010,7.0
574,0.496,0.500,0.000,0.119,1.998,-0.010,7.0
575,0.496,0.500,0.000,0.119,1.998,-0.010,7.0
576,0.496,0.500,0.000,0.119,1.998,-0.010,7.0
577,0.496,0.500,0.000,0.119,1.998,-0.010,7.0
578,0.496,0.500,0.000,0.119,1.998,-0.010,7.0
579,0.496,0.500,0.000,0.119,1.998,-0.010,7.0
580,0.496,0.500,0.000,0.119,1.998,-0.010,7.0
581,0.496,0.500,0.000,0.119,1.998,-0.010,7.0
582,0.496,0.500,0.000,0.118,1.998,-0.010,7.0
583,0.496,0.500,0.000,0.118,1.998,-0.010,7.0
584,0.496,0.500,0.000,0.118,1.998,-0.010,7.0
585,0.496,0.500,0.000,0.118,1.998,-0.010,7.0
586,0.496,0.500,0.000,0.118,1.998,-0.010,7.0
587,0.496,0.500,0.000,0.118,1.998,-0.010,7.0
588,0.496,0.500,0.000,0.118,1.998,-0.010,7.0
589,0.496,0.500,0.000,0.118,1.998,-0.010,7.0
590,0.496,0.500,0.000,0.118,1.998,-0.010,7.0
591,0.496,0.500,0.000,0.118,1.998,-0.010,7.0
592,0.496,0.500,0.000,0.118,1.998,-0.010,7.0
593,0.496,0.500,0.000,0.118,1.998,-0.010,7.0
594,0.496,0.500,0.000,0.118,1.998,-0.010,7.0
595,0.496,0.500,0.000,0.118,1.998,-0.010,7.0
596,0.496,0.500,0.000,0.118,1.998,-0.010,7.0
597,0.496,0.500,0.000,0.117,1.998,-0.010,7.0
598,0.496,0.500,0.000,0.117,1.998,-0.010,7.0
599,0.496,0.500,0.000,0.117,1.998,-0.010,7.0
600,0.496,0.500,0.000,0.117,1.998,-0.010,7.0
601,0.496,0.500,0.000,0.117,1.998,-0.010,7.0
602,0.496,0.500,0.000,0.117,1.998,-0.010,7.0
603,0.496,0.500,0.000,0.117,1.998,-0.010,7.0
604,0.496,0.500,0.000,0.117,1.998,-0.010,7.0
605,0.496,0.500,0.000,0.117,1.998,-0.010,7.0
606,0.496,0.500,0.000,0.117,1.998,-0.010,7.0
607,0.496,0.500,0.000,0.117,1.998,-0.010,7.0
608,0.496,0.500,0.000,0.117,1.998,-0.010,7.0
609,0.496,0.500,0.000,0.117,1.998,-0.010,7.0
610,0.496,0.500,0.000,0.117,1.998,-0.010,7.0
611,0.496,0.500,0.000,0.117,1.998,-0.010,7.0
612,0.496,0.500,0.000,0.117,1.998,-0.010,7.0
613,0.496,0.500,0.000,0.116,1.998,-0.010,7.0
614,0.496,0.500,0.000,0.116,1.998,-0.010,7.0
615,0.496,0.500,0.000,0.116,1.998,-0.010,7.0
616,0.496,0.500,0.000,0.116,1.998,-0.010,7.0
617,0.496,0.500,0.000,0.116,1.998,-0.010,7.0
618,0.496,0.500,0.000,0.116,1.998,-0.010,7.0
619,0.496,0.500,0.000,0.116,1.998,-0.010,7.0
620,0.496,0.500,0.000,0.116,1.998,-0.010,7.0
621,0.496,0.500,0.000,0.116,1.998,-0.010,7.0
622,0.496,0.500,0.000,0.116,1.998,-0.010,7.0
623,0.496,0.500,0.000,0.116,1.998,-0.010,7.0
624,0.496,0.500,0.000,0.116,1.998,-0.010,7.0
625,0.496,0.500,0.000,0.116,1.998,-0.010,7.0
626,0.496,0.500,0.000,0.116,1.998,-0.010,7.0
627,0.496,0.500,0.000,0.115,1.998,-0.010,7.0
628,0.496,0.500,0.000,0.115,1.998,-0.010,7.0
629,0.496,0.500,0.000,0.115,1.998,-0.010,7.0
630,0.496,0.500,0.000,0.115,1.998,-0.010,7.0
631,0.496,0.500,0.000,0.115,1.998,-0.010,7.0
632,0.496,0.500,0.000,0.115,1.998,-0.010,7.0
633,0.496,0.500,0.000,0.115,1.998,-0.010,7.0
634,0.496,0.500,0.000,0.115,1.998,-0.010,7.0
635,0.496,0.500,0.000,0.115,1.998,-0.010,7.0
636,0.496,0.500,0.000,0.115,1.998,-0.010,7.0
637,0.496,0.500,0.000,0.115,1.998,-0.010,7.0
638,0.496,0.500,0.000,0.115,1.998,-0.010,7.0
639,0.496,0.500,0.000,0.115,1.998,-0.010,7.0
640,0.496,0.500,0.000,0.115,1.998,-0.010,7.0
641,0.496,0.500,0.000,0.115,1.998,-0.010,7.0
642,0.496,0.500,0.000,0.114,1.998,-0.010,7.0
643,0.496,0.500,0.000,0.114,1.998,-0.010,7.0
644,0.496,0.500,0.000,0.114,1.998,-0.010,7.0
645,0.496,0.500,0.000,0.114,1.998,-0.010,7.0
646,0.496,0.500,0.000,0.114,1.998,-0.010,7.0
647,0.496,0.500,0.000,0.114,1.998,-0.010,7.0
648,0.496,0.500,0.000,0.114,1.998,-0.010,7.0
649,0.496,0.500,0.000,0.114,1.998,-0.010,7.0
650,0.496,0.500,0.000,0.114,1.998,-0.010,7.0
651,0.496,0.500,0.000,0.114,1.998,-0.010,7.0
652,0.496,0.500,0.000,0.114,1.998,-0.010,7.0
653,0.496,0.500,0.000,0.114,1.998,-0.010,7.0
654,0.496,0.500,0.000,0.114,1.998,-0.010,7.0
655,0.496,0.500,0.000,0.114,1.998,-0.010,7.0
656,0.496,0.500,0.000,0.113,1.998,-0.010,7.0
657,0.496,0.500,0.000,0.113,1.998,-0.010,7.0
658,0.496,0.500,0.000,0.113,1.998,-0.010,7.0
659,0.496,0.500,0.000,0.113,1.998,-0.010,7.0
660,0.496,0.500,0.000,0.113,1.998,-0.010,7.0
661,0.496,0.500,0.000,0.113,1.998,-0.010,7.0
662,0.496,0.500,0.000,0.113,1.998,-0.010,7.0
663,0.496,0.500,0.000,0.113,1.998,-0.010,7.0
664,0.496,0.500,0.000,0.113,1.998,-0.010,7.0
665,0.496,0.500,0.000,0.113,1.998,-0.010,7.0
666,0.496,0.500,0.000,0.113,1.998,-0.010,7.0
667,0.496,0.500,0.000,0.113,1.998,-0.010,7.0
668,0.496,0.500,0.000,0.113,1.998,-0.010,7.0
669,0.496,0.500,0.000,0.113,1.998,-0.010,7.0
670,0.496,0.500,0.000,0.112,1.998,-0.010,7.0
671,0.496,0.500,0.000,0.112,1.998,-0.010,7.0
672,0.496,0.500,0.000,0.112,1.998,-0.010,7.0
673,0.496,0.500,0.000,0.112,1.998,-0.010,7.0
674,0.496,0.500,0.000,0.112,1.998,-0.010,7.0
675,0.496,0.500,0.000,0.112,1.998,-0.009,7.0
676,0.496,0.500,0.000,0.112,1.998,-0.009,7.0
677,0.496,0.500,0.000,0.112,1.998,-0.009,7.0
678,0.496,0.500,0.000,0.112,1.998,-0.009,7.0
679,0.496,0.500,0.000,0.112,1.998,-0.009,7.0
680,0.496,0.500,0.000,0.112,1.998,-0.009,7.0
681,0.496,0.500,0.000,0.112,1.998,-0.009,7.0
682,0.496,0.500,0.000,0.112,1.998,-0.009,7.0
683,0.496,0.500,0.000,0.111,1.998,-0.009,7.0
684,0.496,0.500,0.000,0.111,1.998,-0.009,7.0
685,0.496,0.500,0.000,0.111,1.998,-0.009,7.0
686,0.496,0.500,0.000,0.111,1.998,-0.009,7.0
687,0.496,0.500,0.000,0.111,1.998,-0.009,7.0
688,0.496,0.500,0.000,0.111,1.998,-0.009,7.0
689,0.496,0.500,0.000,0.111,1.998,-0.009,7.0
690,0.496,0.500,0.000,0.111,1.998,-0.009,7.0
691,0.496,0.500,0.000,0.111,1.998,-0.009,7.0
692,0.496,0.500,0.000,0.111,1.998,-0.009,7.0
693,0.496,0.500,0.000,0.111,1.998,-0.009,7.0
694,0.496,0.500,0.000,0.111,1.998,-0.009,7.0
695,0.496,0.500,0.000,0.111,1.998,-0.009,7.0
696,0.496,0.500,0.000,0.111,1.998,-0.009,7.0
697,0.496,0.500,0.000,0.110,1.998,-0.009,7.0
698,0.496,0.500,0.000,0.110,1.998,-0.009,7.0
699,0.496,0.500,0.000,0.110,1.998,-0.009,7.0
700,0.496,0.500,0.000,0.110,1.998,-0.009,7.0
701,0.496,0.500,0.000,0.110,1.998,-0.009,7.0
702,0.496,0.500,0.000,0.110,1.998,-0.009,7.0
703,0.496,0.500,0.000,0.110,1.998,-0.009,7.0
704,0.496,0.500,0.000,0.110,1.998,-0.009,7.0
705,0.496,0.500,0.000,0.110,1.998,-0.009,7.0
706,0.496,0.500,0.000,0.110,1.998,-0.009,7.0
707,0.496,0.500,0.000,0.110,1.998,-0.009,7.0
708,0.496,0.500,0.000,0.110,1.998,-0.009,7.0
709,0.496,0.500,0.000,0.110,1.998,-0.009,7.0
710,0.496,0.500,0.000,0.110,1.998,-0.009,7.0
711,0.496,0.500,0.000,0.109,1.998,-0.009,7.0
712,0.496,0.500,0.000,0.109,1.998,-0.009,7.0
713,0.496,0.500,0.000,0.109,1.998,-0.009,7.0
714,0.496,0.500,0.000,0.109,1.998,-0.009,7.0
715,0.496,0.500,0.000,0.109,1.998,-0.009,7.0
716,0.496,0.500,0.000,0.109,1.998,-0.009,7.0
717,0.496,0.500,0.000,0.109,1.998,-0.009,7.0
718,0.496,0.500,0.000,0.109,1.998,-0.009,7.0
719,0.496,0.500,0.000,0.109,1.998,-0.009,7.0
720,0.496,0.500,0.000,0.109,1.998,-0.009,7.0
721,0.496,0.500,0.000,0.109,1.998,-0.009,7.0
722,0.496,0.500,0.000,0.109,1.998,-0.009,7.0
723,0.496,0.500,0.000,0.109,1.998,-0.009,7.0
724,0.496,0.500,0.000,0.108,1.998,-0.009,7.0
725,0.496,0.500,0.000,0.108,1.998,-0.009,7.0
726,0.496,0.500,0.000,0.108,1.998,-0.009,7.0
727,0.496,0.500,0.000,0.108,1.998,-0.009,7.0
728,0.496,0.500,0.000,0.108,1.998,-0.009,7.0
729,0.496,0.500,0.000,0.108,1.998,-0.009,7.0
730,0.496,0.500,0.000,0.108,1.998,-0.009,7.0
731,0.496,0.500,0.000,0.108,1.998,-0.009,7.0
732,0.496,0.500,0.000,0.108,1.998,-0.009,7.0
733,0.496,0.500,0.000,0.108,1.998,-0.009,7.0
734,0.496,0.500,0.000,0.108,1.998,-0.009,7.0
735,0.496,0.500,0.000,0.108,1.998,-0.009,7.0
736,0.496,0.500,0.000,0.108,1.998,-0.009,7.0
737,0.496,0.500,0.000,0.108,1.998,-0.009,7.0
738,0.496,0.500,0.000,0.107,1.998,-0.009,7.0
739,0.496,0.500,0.000,0.107,1.998,-0.009,7.0
740,0.496,0.500,0.000,0.107,1.998,-0.009,7.0
741,0.496,0.500,0.000,0.107,1.998,-0.009,7.0
742,0.496,0.500,0.000,0.107,1.998,-0.009,7.0
743,0.496,0.500,0.000,0.107,1.998,-0.009,7.0
744,0.496,0.500,0.000,0.107,1.998,-0.009,7.0
745,0.496,0.500,0.000,0.107,1.998,-0.009,7.0
746,0.496,0.500,0.000,0.107,1.998,-0.009,7.0
747,0.496,0.500,0.000,0.107,1.998,-0.009,7.0
748,0.496,0.500,0.000,0.107,1.998,-0.009,7.0
749,0.496,0.500,0.000,0.107,1.998,-0.009,7.0
750,0.496,0.500,0.000,0.107,1.998,-0.009,7.0
751,0.496,0.500,0.000,0.107,1.998,-0.009,7.0
752,0.496,0.500,0.000,0.106,1.998,-0.009,7.0
753,0.496,0.500,0.000,0.106,1.998,-0.009,7.0
754,0.496,0.500,0.000,0.106,1.998,-0.009,7.0
755,0.496,0.500,0.000,0.106,1.998,-0.009,7.0
756,0.496,0.500,0.000,0.106,1.998,-0.009,7.0
757,0.496,0.500,0.000,0.106,1.998,-0.009,7.0
758,0.496,0.500,0.000,0.106,1.998,-0.009,7.0
759,0.496,0.500,0.000,0.106,1.998,-0.009,7.0
760,0.496,0.500,0.000,0.106,1.998,-0.009,7.0
761,0.496,0.500,0.000,0.106,1.998,-0.009,7.0
762,0.496,0.500,0.000,0.106,1.998,-0.009,7.0
763,0.496,0.500,0.000,0.106,1.998,-0.009,7.0
764,0.496,0.500,0.000,0.106,1.998,-0.009,7.0
765,0.496,0.500,0.000,0.105,1.998,-0.009,7.0
766,0.496,0.500,0.000,0.105,1.998,-0.009,7.0
767,0.496,0.500,0.000,0.105,1.998,-0.009,7.0
768,0.496,0.500,0.000,0.105,1.998,-0.009,7.0
769,0.496,0.500,0.000,0.105,1.998,-0.009,7.0
770,0.496,0.500,0.000,0.105,1.998,-0.009,7.0
771,0.496,0.500,0.000,0.105,1.998,-0.009,7.0
772,0.496,0.500,0.000,0.105,1.998,-0.009,7.0
773,0.496,0.500,0.000,0.105,1.998,-0.009,7.0
774,0.496,0.500,0.000,0.105,1.998,-0.009,7.0
775,0.496,0.500,0.000,0.105,1.998,-0.009,7.0
776,0.496,0.500,0.000,0.105,1.998,-0.009,7.0
777,0.496,0.500,0.000,0.105,1.998,-0.009,7.0
778,0.496,0.500,0.000,0.105,1.998,-0.009,7.0
779,0.496,0.500,0.000,0.104,1.998,-0.009,7.0
780,0.496,0.500,0.000,0.104,1.998,-0.009,7.0
781,0.496,0.500,0.000,0.104,1.998,-0.009,7.0
782,0.496,0.500,0.000,0.104,1.998,-0.009,7.0
783,0.496,0.500,0.000,0.104,1.998,-0.009,7.0
784,0.496,0.500,0.000,0.104,1.998,-0.009,7.0
785,0.496,0.500,0.000,0.104,1.998,-0.009,7.0
786,0.496,0.500,0.000,0.104,1.998,-0.009,7.0
787,0.496,0.500,0.000,0.104,1.998,-0.009,7.0
788,0.496,0.500,0.000,0.104,1.998,-0.009,7.0
789,0.496,0.500,0.000,0.104,1.998,-0.009,7.0
790,0.496,0.500,0.000,0.104,1.998,-0.009,7.0
791,0.496,0.500,0.000,0.104,1.998,-0.009,7.0
792,0.496,0.500,0.000,0.103,1.998,-0.009,7.0
793,0.496,0.500,0.000,0.103,1.998,-0.009,7.0
794,0.496,0.500,0.000,0.103,1.998,-0.009,7.0
795,0.496,0.500,0.000,0.103,1.998,-0.009,7.0
796,0.496,0.500,0.000,0.103,1.998,-0.009,7.0
797,0.496,0.500,0.000,0.103,1.998,-0.009,7.0
798,0.496,0.500,0.000,0.103,1.998,-0.009,7.0
799,0.496,0.500,0.000,0.103,1.998,-0.009,7.0
800,0.496,0.500,0.000,0.103,1.998,-0.009,7.0
801,0.496,0.500,0.000,0.103,1.998,-0.009,7.0
802,0.496,0.500,0.000,0.103,1.998,-0.009,7.0
803,0.496,0.500,0.000,0.103,1.998,-0.009,7.0
804,0.496,0.500,0.000,0.103,1.998,-0.009,7.0
805,0.496,0.500,0.000,0.103,1.998,-0.009,7.0
806,0.496,0.500,0.000,0.102,1.998,-0.009,7.0
807,0.496,0.500,0.000,0.102,1.998,-0.009,7.0
808,0.496,0.500,0.000,0.102,1.998,-0.009,7.0
809,0.496,0.500,0.000,0.102,1.998,-0.009,7.0
810,0.496,0.500,0.000,0.102,1.998,-0.009,7.0
811,0.496,0.500,0.000,0.102,1.998,-0.009,7.0
812,0.496,0.500,0.000,0.102,1.998,-0.009,7.0
813,0.496,0.500,0.000,0.102,1.998,-0.009,7.0
814,0.496,0.500,0.000,0.102,1.998,-0.009,7.0
815,0.496,0.500,0.000,0.102,1.998,-0.009,7.0
816,0.496,0.500,0.000,0.102,1.998,-0.009,7.0
817,0.496,0.500,0.000,0.102,1.998,-0.009,7.0
818,0.496,0.500,0.000,0.102,1.998,-0.009,7.0
819,0.496,0.500,0.000,0.101,1.998,-0.009,7.0
820,0.496,0.500,0.000,0.101,1.998,-0.009,7.0
821,0.496,0.500,0.000,0.101,1.998,-0.009,7.0
822,0.496,0.500,0.000,0.101,1.998,-0.009,7.0
823,0.496,0.500,0.000,0.101,1.998,-0.009,7.0
824,0.496,0.500,0.000,0.101,1.998,-0.009,7.0
825,0.496,0.500,0.000,0.101,1.998,-0.009,7.0
826,0.496,0.500,0.000,0.101,1.998,-0.009,7.0
827,0.496,0.500,0.000,0.101,1.998,-0.009,7.0
828,0.496,0.500,0.000,0.101,1.998,-0.009,7.0
829,0.496,0.500,0.000,0.101,1.998,-0.009,7.0
830,0.496,0.500,0.000,0.101,1.998,-0.009,7.0
831,0.496,0.500,0.000,0.101,1.998,-0.009,7.0
832,0.496,0.500,0.000,0.101,1.998,-0.009,7.0
833,0.496,0.500,0.000,0.100,1.998,-0.009,7.0
834,0.496,0.500,0.000,0.100,1.998,-0.009,7.0
835,0.496,0.500,0.000,0.100,1.998,-0.009,7.0
836,0.496,0.500,0.000,0.100,1.998,-0.009,7.0
837,0.496,0.500,0.000,0.100,1.998,-0.009,7.0
838,0.496,0.500,0.000,0.100,1.998,-0.009,7.0
839,0.496,0.500,0.000,0.100,1.998,-0.009,7.0
840,0.496,0.500,0.000,0.100,1.998,-0.009,7.0
841,0.496,0.500,0.000,0.100,1.998,-0.009,7.0
842,0.496,0.500,0.000,0.100,1.998,-0.009,7.0
843,0.496,0.500,0.000,0.100,1.998,-0.009,7.0
844,0.496,0.500,0.000,0.100,1.998,-0.009,7.0
845,0.496,0.500,0.000,0.100,1.998,-0.009,7.0
846,0.496,0.500,0.000,0.100,1.998,-0.009,7.0
847,0.496,0.500,0.000,0.099,1.998,-0.009,7.0
848,0.496,0.500,0.000,0.099,1.998,-0.009,7.0
849,0.496,0.500,0.000,0.099,1.998,-0.009,7.0
850,0.496,0.500,0.000,0.099,1.998,-0.009,7.0
851,0.496,0.500,0.000,0.099,1.998,-0.009,7.0
852,0.496,0.500,0.000,0.099,1.998,-0.009,7.0
853,0.496,0.500,0.000,0.099,1.998,-0.009,7.0
854,0.496,0.500,0.000,0.099,1.998,-0.009,7.0
855,0.496,0.500,0.000,0.099,1.998,-0.009,7.0
856,0.496,0.500,0.000,0.099,1.998,-0.009,7.0
857,0.496,0.500,0.000,0.099,1.998,-0.009,7.0
858,0.496,0.500,0.000,0.099,1.998,-0.009,7.0
859,0.496,0.500,0.000,0.099,1.998,-0.009,7.0
860,0.496,0.500,0.000,0.098,1.998,-0.009,7.0
861,0.496,0.500,0.000,0.098,1.998,-0.009,7.0
862,0.496,0.500,0.000,0.098,1.998,-0.009,7.0
863,0.496,0.500,0.000,0.098,1.998,-0.009,7.0
864,0.496,0.500,0.000,0.098,1.998,-0.009,7.0
865,0.496,0.500,0.000,0.098,1.998,-0.009,7.0
866,0.496,0.500,0.000,0.098,1.998,-0.009,7.0
867,0.496,0.500,0.000,0.098,1.998,-0.009,7.0
868,0.496,0.500,0.000,0.098,1.998,-0.009,7.0
869,0.496,0.500,0.000,0.098,1.998,-0.009,7.0
870,0.496,0.500,0.000,0.098,1.998,-0.009,7.0
871,0.496,0.500,0.000,0.098,1.998,-0.009,7.0
872,0.496,0.500,0.000,0.098,1.998,-0.009,7.0
873,0.496,0.500,0.000,0.098,1.998,-0.009,7.0
874,0.496,0.500,0.000,0.097,1.998,-0.009,7.0
875,0.496,0.500,0.000,0.097,1.998,-0.009,7.0
876,0.496,0.500,0.000,0.097,1.998,-0.009,7.0
877,0.496,0.500,0.000,0.097,1.998,-0.009,7.0
878,0.496,0.500,0.000,0.097,1.998,-0.009,7.0
879,0.496,0.500,0.000,0.097,1.998,-0.009,7.0
880,0.496,0.500,0.000,0.097,1.998,-0.009,7.0
881,0.496,0.500,0.000,0.097,1.998,-0.009,7.0
882,0.496,0.500,0.000,0.097,1.998,-0.009,7.0
883,0.496,0.500,0.000,0.097,1.998,-0.009,7.0
884,0.496,0.500,0.000,0.097,1.998,-0.009,7.0
885,0.496,0.500,0.000,0.097,1.998,-0.009,7.0
886,0.496,0.500,0.000,0.097,1.998,-0.009,7.0
887,0.496,0.500,0.000,0.097,1.998,-0.009,7.0
888,0.496,0.500,0.000,0.096,1.998,-0.009,7.0
889,0.496,0.500,0.000,0.096,1.998,-0.009,7.0
890,0.496,0.500,0.000,0.096,1.998,-0.009,7.0
891,0.496,0.500,0.000,0.096,1.998,-0.009,7.0
892,0.496,0.500,0.000,0.096,1.998,-0.009,7.0
893,0.496,0.500,0.000,0.096,1.998,-0.009,7.0
894,0.496,0.500,0.000,0.096,1.998,-0.009,7.0
895,0.496,0.500,0.000,0.096,1.998,-0.009,7.0
896,0.496,0.500,0.000,0.096,1.998,-0.009,7.0
897,0.496,0.500,0.000,0.096,1.998,-0.009,7.0
898,0.496,0.500,0.000,0.096,1.998,-0.009,7.0
899,0.496,0.500,0.000,0.096,1.998,-0.009,7.0
900,0.496,0.500,0.000,0.096,1.998,-0.009,7.0
901,0.496,0.500,0.000,0.095,1.998,-0.009,7.0
902,0.496,0.500,0.000,0.095,1.998,-0.009,7.0
903,0.496,0.500,0.000,0.095,1.998,-0.009,7.0
904,0.496,0.500,0.000,0.095,1.998,-0.009,7.0
905,0.496,0.500,0.000,0.095,1.998,-0.009,7.0
906,0.496,0.500,0.000,0.095,1.998,-0.009,7.0
907,0.496,0.500,0.000,0.095,1.998,-0.009,7.0
908,0.496,0.500,0.000,0.095,1.998,-0.009,7.0
909,0.496,0.500,0.000,0.095,1.998,-0.009,7.0
910,0.496,0.500,0.000,0.095,1.998,-0.009,7.0
911,0.496,0.500,0.000,0.095,1.998,-0.009,7.0
912,0.496,0.500,0.000,0.095,1.998,-0.009,7.0
913,0.496,0.500,0.000,0.095,1.998,-0.009,7.0
914,0.496,0.500,0.000,0.095,1.998,-0.009,7.0
915,0.496,0.500,0.000,0.094,1.998,-0.009,7.0
916,0.496,0.500,0.000,0.094,1.998,-0.009,7.0
917,0.496,0.500,0.000,0.094,1.998,-0.009,7.0
918,0.496,0.500,0.000,0.094,1.998,-0.009,7.0
919,0.496,0.500,0.000,0.094,1.998,-0.009,7.0
920,0.496,0.500,0.000,0.094,1.998,-0.009,7.0
921,0.496,0.500,0.000,0.094,1.998,-0.009,7.0
922,0.496,0.500,0.000,0.094,1.998,-0.009,7.0
923,0.496,0.500,0.000,0.094,1.998,-0.009,7.0
924,0.496,0.500,0.000,0.094,1.998,-0.009,7.0
925,0.496,0.500,0.000,0.094,1.998,-0.009,7.0
926,0.496,0.500,0.000,0.094,1.998,-0.009,7.0
927,0.496,0.500,0.000,0.094,1.998,-0.009,7.0
928,0.496,0.500,0.000,0.094,1.998,-0.009,7.0
929,0.496,0.500,0.000,0.093,1.998,-0.009,7.0
930,0.496,0.500,0.000,0.093,1.998,-0.009,7.0
931,0.496,0.500,0.000,0.093,1.998,-0.009,7.0
932,0.496,0.500,0.000,0.093,1.998,-0.009,7.0
933,0.496,0.500,0.000,0.093,1.998,-0.009,7.0
934,0.496,0.500,0.000,0.093,1.998,-0.009,7.0
935,0.496,0.500,0.000,0.093,1.998,-0.009,7.0
936,0.496,0.500,0.000,0.093,1.998,-0.009,7.0
937,0.496,0.500,0.000,0.093,1.998,-0.009,7.0
938,0.496,0.500,0.000,0.093,1.998,-0.009,7.0
939,0.496,0.500,0.000,0.093,1.998,-0.009,7.0
940,0.496,0.500,0.000,0.093,1.998,-0.009,7.0
941,0.496,0.500,0.000,0.093,1.998,-0.009,7.0
942,0.496,0.500,0.000,0.092,1.998,-0.009,7.0
943,0.496,0.500,0.000,0.092,1.998,-0.009,7.0
944,0.496,0.500,0.000,0.092,1.998,-0.009,7.0
945,0.496,0.500,0.000,0.092,1.998,-0.009,7.0
946,0.496,0.500,0.000,0.092,1.998,-0.009,7.0
947,0.496,0.500,0.000,0.092,1.998,-0.009,7.0
948,0.496,0.500,0.000,0.092,1.998,-0.009,7.0
949,0.496,0.500,0.000,0.092,1.998,-0.009,7.0
950,0.496,0.500,0.000,0.092,1.998,-0.009,7.0
951,0.496,0.500,0.000,0.092,1.998,-0.009,7.0
952,0.496,0.500,0.000,0.092,1.998,-0.009,7.0
953,0.496,0.500,0.000,0.092,1.998,-0.009,7.0
954,0.496,0.500,0.000,0.092,1.998,-0.009,7.0
955,0.496,0.500,0.000,0.092,1.998,-0.009,7.0
956,0.496,0.500,0.000,0.091,1.998,-0.009,7.0
957,0.496,0.500,0.000,0.091,1.998,-0.009,7.0
958,0.496,0.500,0.000,0.091,1.998,-0.009,7.0
959,0.496,0.500,0.000,0.091,1.998,-0.009,7.0
960,0.496,0.500,0.000,0.091,1.998,-0.009,7.0
961,0.496,0.500,0.000,0.091,1.998,-0.009,7.0
962,0.496,0.500,0.000,0.091,1.998,-0.009,7.0
963,0.496,0.500,0.000,0.091,1.998,-0.009,7.0
964,0.496,0.500,0.000,0.091,1.998,-0.009,7.0
965,0.496,0.500,0.000,0.091,1.998,-0.009,7.0
966,0.496,0.500,0.000,0.091,1.998,-0.009,7.0
967,0.496,0.500,0.000,0.091,1.998,-0.009,7.0
968,0.496,0.500,0.000,0.091,1.998,-0.009,7.0
969,0.496,0.500,0.000,0.091,1.998,-0.009,7.0
970,0.496,0.500,0.000,0.090,1.998,-0.009,7.0
971,0.496,0.500,0.000,0.090,1.998,-0.009,7.0
972,0.496,0.500,0.000,0.090,1.998,-0.009,7.0
973,0.496,0.500,0.000,0.090,1.998,-0.009,7.0
974,0.496,0.500,0.000,0.090,1.998,-0.009,7.0
975,0.496,0.500,0.000,0.090,1.998,-0.009,7.0
976,0.496,0.500,0.000,0.090,1.998,-0.009,7.0
977,0.496,0.500,0.000,0.090,1.998,-0.009,7.0
978,0.496,0.500,0.000,0.090,1.998,-0.009,7.0
979,0.496,0.500,0.000,0.090,1.998,-0.009,7.0
980,0.496,0.500,0.000,0.090,1.998,-0.009,7.0
981,0.496,0.500,0.000,0.090,1.998,-0.009,7.0
982,0.496,0.500,0.000,0.090,1.998,-0.009,7.0
983,0.496,0.500,0.000,0.090,1.998,-0.009,7.0
984,0.496,0.500,0.000,0.089,1.998,-0.009,7.0
985,0.496,0.500,0.000,0.089,1.998,-0.009,7.0
986,0.496,0.500,0.000,0.089,1.998,-0.009,7.0
987,0.496,0.500,0.000,0.089,1.998,-0.009,7.0
988,0.496,0.500,0.000,0.089,1.998,-0.009,7.0
989,0.496,0.500,0.000,0.089,1.998,-0.009,7.0
990,0.496,0.500,0.000,0.089,1.998,-0.009,7.0
991,0.496,0.500,0.000,0.089,1.998,-0.009,7.0
992,0.496,0.500,0.000,0.089,1.998,-0.009,7.0
993,0.496,0.500,0.000,0.089,1.998,-0.009,7.0
994,0.496,0.500,0.000,0.089,1.998,-0.009,7.0
995,0.496,0.500,0.000,0.089,1.998,-0.009,7.0
996,0.496,0.500,0.000,0.089,1.998,-0.009,7.0
997,0.496,0.500,0.000,0.089,1.998,-0.009,7.0
998,0.496,0.500,0.000,0.088,1.998,-0.009,7.0
999,0.496,0.500,0.000,0.088,1.998,-0.009,7.0
1000,0.496,0.500,0.000,0.088,1.998,-0.009,7.0
1001,0.496,0.500,0.000,0.088,1.998,-0.009,7.0
1002,0.496,0.500,0.000,0.088,1.998,-0.009,7.0
1003,0.496,0.500,0.000,0.088,1.998,-0.009,7.0
1004,0.496,0.500,0.000,0.088,1.998,-0.009,7.0
1005,0.496,0.500,0.000,0.088,1.998,-0.009,7.0
1006,0.496,0.500,0.000,0.088,1.998,-0.009,7.0
1007,0.496,0.500,0.000,0.088,1.998,-0.009,7.0
1008,0.496,0.500,0.000,0.088,1.998,-0.009,7.0
1009,0.496,0.500,0.000,0.088,1.998,-0.009,7.0
1010,0.496,0.500,0.000,0.088,1.998,-0.009,7.0
1011,0.496,0.500,0.000,0.087,1.998,-0.009,7.0
1012,0.496,0.500,0.000,0.087,1.998,-0.009,7.0
1013,0.496,0.500,0.000,0.087,1.998,-0.009,7.0
1014,0.496,0.500,0.000,0.087,1.998,-0.009,7.0
1015,0.496,0.500,0.000,0.087,1.998,-0.009,7.0
1016,0.496,0.500,0.000,0.087,1.998,-0.009,7.0
1017,0.496,0.500,0.000,0.087,1.998,-0.009,7.0
1018,0.496,0.500,0.000,0.087,1.998,-0.009,7.0
1019,0.496,0.500,0.000,0.087,1.998,-0.009,7.0
1020,0.496,0.500,0.000,0.087,1.998,-0.009,7.0
1021,0.496,0.500,0.000,0.087,1.998,-0.009,7.0
1022,0.496,0.500,0.000,0.087,1.998,-0.009,7.0
1023,0.496,0.500,0.000,0.087,1.998,-0.009,7.0
1024,0.496,0.500,0.000,0.087,1.998,-0.009,7.0
1025,0.496,0.500,0.000,0.086,1.998,-0.009,7.0
1026,0.496,0.500,0.000,0.086,1.998,-0.009,7.0
1027,0.496,0.500,0.000,0.086,1.998,-0.009,7.0
1028,0.496,0.500,0.000,0.086,1.998,-0.009,7.0
1029,0.496,0.500,0.000,0.086,1.998,-0.009,7.0
1030,0.496,0.500,0.000,0.086,1.998,-0.009,7.0
1031,0.496,0.500,0.000,0.086,1.998,-0.009,7.0
1032,0.496,0.500,0.000,0.086,1.998,-0.009,7.0
1033,0.496,0.500,0.000,0.086,1.998,-0.009,7.0
1034,0.496,0.500,0.000,0.086,1.998,-0.009,7.0
1035,0.496,0.500,0.000,0.086,1.998,-0.009,7.0
1036,0.496,0.500,0.000,0.086,1.998,-0.009,7.0
1037,0.496,0.500,0.000,0.086,1.998,-0.009,7.0
1038,0.496,0.500,0.000,0.086,1.998,-0.009,7.0
1039,0.496,0.500,0.000,0.085,1.998,-0.009,7.0
1040,0.496,0.500,0.000,0.085,1.998,-0.009,7.0
1041,0.496,0.500,0.000,0.085,1.998,-0.009,7.0
1042,0.496,0.500,0.000,0.085,1.998,-0.009,7.0
1043,0.496,0.500,0.000,0.085,1.998,-0.009,7.0
1044,0.496,0.500,0.000,0.085,1.998,-0.009,7.0
1045,0.496,0.500,0.000,0.085,1.998,-0.009,7.0
1046,0.496,0.500,0.000,0.085,1.998,-0.009,7.0
1047,0.496,0.500,0.000,0.085,1.998,-0.009,7.0
1048,0.496,0.500,0.000,0.085,1.998,-0.009,7.0
1049,0.496,0.500,0.000,0.085,1.998,-0.009,7.0
1050,0.496,0.500,0.000,0.085,1.998,-0.009,7.0
1051,0.496,0.500,0.000,0.085,1.998,-0.009,7.0
1052,0.496,0.500,0.000,0.085,1.998,-0.009,7.0
1053,0.496,0.500,0.000,0.084,1.998,-0.009,7.0
1054,0.496,0.500,0.000,0.084,1.998,-0.009,7.0
1055,0.496,0.500,0.000,0.084,1.998,-0.009,7.0
1056,0.496,0.500,0.000,0.084,1.998,-0.009,7.0
1057,0.496,0.500,0.000,0.084,1.998,-0.009,7.0
1058,0.496,0.500,0.000,0.084,1.998,-0.009,7.0
1059,0.496,0.500,0.000,0.084,1.998,-0.009,7.0
1060,0.496,0.500,0.000,0.084,1.998,-0.009,7.0
1061,0.496,0.500,0.000,0.084,1.998,-0.009,7.0
1062,0.496,0.500,0.000,0.084,1.998,-0.009,7.0
1063,0.496,0.500,0.000,0.084,1.998,-0.009,7.0
1064,0.496,0.500,0.000,0.084,1.998,-0.009,7.0
1065,0.496,0.500,0.000,0.084,1.998,-0.009,7.0
1066,0.496,0.500,0.000,0.084,1.998,-0.009,7.0
1067,0.496,0.500,0.000,0.083,1.998,-0.009,7.0
1068,0.496,0.500,0.000,0.083,1.998,-0.008,7.0
1069,0.496,0.500,0.000,0.083,1.998,-0.008,7.0
1070,0.496,0.500,0.000,0.083,1.998,-0.008,7.0
1071,0.496,0.500,0.000,0.083,1.998,-0.008,7.0
1072,0.496,0.500,0.000,0.083,1.998,-0.008,7.0
1073,0.496,0.500,0.000,0.083,1.998,-0.008,7.0
1074,0.496,0.500,0.000,0.083,1.998,-0.008,7.0
1075,0.496,0.500,0.000,0.083,1.998,-0.008,7.0
1076,0.496,0.500,0.000,0.083,1.998,-0.008,7.0
1077,0.496,0.500,0.000,0.083,1.998,-0.008,7.0
1078,0.496,0.500,0.000,0.083,1.998,-0.008,7.0
1079,0.496,0.500,0.000,0.083,1.998,-0.008,7.0
1080,0.496,0.500,0.000,0.083,1.998,-0.008,7.0
1081,0.496,0.500,0.000,0.082,1.998,-0.008,7.0
1082,0.496,0.500,0.000,0.082,1.998,-0.008,7.0
1083,0.496,0.500,0.000,0.082,1.998,-0.008,7.0
1084,0.496,0.500,0.000,0.082,1.998,-0.008,7.0
1085,0.496,0.500,0.000,0.082,1.998,-0.008,7.0
1086,0.496,0.500,0.000,0.082,1.998,-0.008,7.0
1087,0.496,0.500,0.000,0.082,1.998,-0.008,7.0
1088,0.496,0.500,0.000,0.082,1.998,-0.008,7.0
1089,0.496,0.500,0.000,0.082,1.998,-0.008,7.0
1090,0.496,0.500,0.000,0.082,1.998,-0.008,7.0
1091,0.496,0.500,0.000,0.082,1.998,-0.008,7.0
1092,0.496,0.500,0.000,0.082,1.998,-0.008,7.0
1093,0.496,0.500,0.000,0.082,1.998,-0.008,7.0
1094,0.496,0.500,0.000,0.082,1.998,-0.008,7.0
1095,0.496,0.500,0.000,0.081,1.998,-0.008,7.0
1096,0.496,0.500,0.000,0.081,1.998,-0.008,7.0
1097,0.496,0.500,0.000,0.081,1.998,-0.008,7.0
1098,0.496,0.500,0.000,0.081,1.998,-0.008,7.0
1099,0.496,0.500,0.000,0.081,1.998,-0.008,7.0
1100,0.496,0.500,0.000,0.081,1.998,-0.008,7.0
1101,0.496,0.500,0.000,0.081,1.998,-0.008,7.0
1102,0.496,0.500,0.000,0.081,1.998,-0.008,7.0
1103,0.496,0.500,0.000,0.081,1.998,-0.008,7.0
1104,0.496,0.500,0.000,0.081,1.998,-0.008,7.0
1105,0.496,0.500,0.000,0.081,1.998,-0.008,7.0
1106,0.496,0.500,0.000,0.081,1.998,-0.008,7.0
1107,0.496,0.500,0.000,0.081,1.998,-0.008,7.0
1108,0.496,0.500,0.000,0.081,1.998,-0.008,7.0
1109,0.496,0.500,0.000,0.080,1.998,-0.008,7.0
1110,0.496,0.500,0.000,0.080,1.998,-0.008,7.0
1111,0.496,0.500,0.000,0.080,1.998,-0.008,7.0
1112,0.496,0.500,0.000,0.080,1.998,-0.008,7.0
1113,0.496,0.500,0.000,0.080,1.998,-0.008,7.0
1114,0.496,0.500,0.000,0.080,1.998,-0.008,7.0
1115,0.496,0.500,0.000,0.080,1.998,-0.008,7.0
1116,0.496,0.500,0.000,0.080,1.998,-0.008,7.0
1117,0.496,0.500,0.000,0.080,1.998,-0.008,7.0
1118,0.496,0.500,0.000,0.080,1.998,-0.008,7.0
1119,0.496,0.500,0.000,0.080,1.998,-0.008,7.0
1120,0.496,0.500,0.000,0.080,1.998,-0.008,7.0
1121,0.496,0.500,0.000,0.080,1.998,-0.008,7.0
1122,0.496,0.500,0.000,0.080,1.998,-0.008,7.0
1123,0.496,0.500,0.000,0.079,1.998,-0.008,7.0
1124,0.496,0.500,0.000,0.079,1.998,-0.008,7.0
1125,0.496,0.500,0.000,0.079,1.998,-0.008,7.0
1126,0.496,0.500,0.000,0.079,1.998,-0.008,7.0
1127,0.496,0.500,0.000,0.079,1.998,-0.008,7.0
1128,0.496,0.500,0.000,0.079,1.998,-0.008,7.0
1129,0.496,0.500,0.000,0.079,1.998,-0.008,7.0
1130,0.496,0.500,0.000,0.079,1.998,-0.008,7.0
1131,0.496,0.500,0.000,0.079,1.998,-0.008,7.0
1132,0.496,0.500,0.000,0.079,1.998,-0.008,7.0
1133,0.496,0.500,0.000,0.079,1.998,-0.008,7.0
1134,0.496,0.500,0.000,0.079,1.998,-0.008,7.0
1135,0.496,0.500,0.000,0.079,1.998,-0.008,7.0
1136,0.496,0.500,0.000,0.079,1.998,-0.008,7.0
1137,0.496,0.500,0.000,0.078,1.998,-0.008,7.0
1138,0.496,0.500,0.000,0.078,1.998,-0.008,7.0
1139,0.496,0.500,0.000,0.078,1.998,-0.008,7.0
1140,0.496,0.500,0.000,0.078,1.998,-0.008,7.0
1141,0.496,0.500,0.000,0.078,1.998,-0.008,7.0
1142,0.496,0.500,0.000,0.078,1.998,-0.008,7.0
1143,0.496,0.500,0.000,0.078,1.998,-0.008,7.0
1144,0.496,0.500,0.000,0.078,1.998,-0.008,7.0
1145,0.496,0.500,0.000,0.078,1.998,-0.008,7.0
1146,0.496,0.500,0.000,0.078,1.998,-0.008,7.0
1147,0.496,0.500,0.000,0.078,1.998,-0.008,7.0
1148,0.496,0.500,0.000,0.078,1.998,-0.008,7.0
1149,0.496,0.500,0.000,0.078,1.998,-0.008,7.0
1150,0.496,0.500,0.000,0.078,1.998,-0.008,7.0
1151,0.496,0.500,0.000,0.077,1.998,-0.008,7.0
1152,0.496,0.500,0.000,0.077,1.998,-0.008,7.0
1153,0.496,0.500,0.000,0.077,1.998,-0.008,7.0
1154,0.496,0.500,0.000,0.077,1.998,-0.008,7.0
1155,0.496,0.500,0.000,0.077,1.998,-0.008,7.0
1156,0.496,0.500,0.000,0.077,1.998,-0.008,7.0
1157,0.496,0.500,0.000,0.077,1.998,-0.008,7.0
1158,0.496,0.500,0.000,0.077,1.998,-0.008,7.0
1159,0.496,0.500,0.000,0.077,1.998,-0.008,7.0
1160,0.496,0.500,0.000,0.077,1.998,-0.008,7.0
1161,0.496,0.500,0.000,0.077,1.998,-0.008,7.0
1162,0.496,0.500,0.000,0.077,1.998,-0.008,7.0
1163,0.496,0.500,0.000,0.077,1.998,-0.008,7.0
1164,0.496,0.500,0.000,0.077,1.998,-0.008,7.0
1165,0.496,0.500,0.000,0.077,1.998,-0.008,7.0
1166,0.496,0.500,0.000,0.076,1.998,-0.008,7.0
1167,0.496,0.500,0.000,0.076,1.998,-0.008,7.0
1168,0.496,0.500,0.000,0.076,1.998,-0.008,7.0
1169,0.496,0.500,0.000,0.076,1.998,-0.008,7.0
1170,0.496,0.500,0.000,0.076,1.998,-0.008,7.0
1171,0.496,0.500,0.000,0.076,1.998,-0.008,7.0
1172,0.496,0.500,0.000,0.076,1.998,-0.008,7.0
1173,0.496,0.500,0.000,0.076,1.998,-0.008,7.0
1174,0.496,0.500,0.000,0.076,1.998,-0.008,7.0
1175,0.496,0.500,0.000,0.076,1.998,-0.008,7.0
1176,0.496,0.500,0.000,0.076,1.998,-0.008,7.0
1177,0.496,0.500,0.000,0.076,1.998,-0.008,7.0
1178,0.496,0.500,0.000,0.076,1.998,-0.008,7.0
1179,0.496,0.500,0.000,0.076,1.998,-0.008,7.0
1180,0.496,0.500,0.000,0.075,1.998,-0.008,7.0
1181,0.496,0.500,0.000,0.075,1.998,-0.008,7.0
1182,0.496,0.500,0.000,0.075,1.998,-0.008,7.0
1183,0.496,0.500,0.000,0.075,1.998,-0.008,7.0
1184,0.496,0.500,0.000,0.075,1.998,-0.008,7.0
1185,0.496,0.500,0.000,0.075,1.998,-0.008,7.0
1186,0.496,0.500,0.000,0.075,1.998,-0.008,7.0
1187,0.496,0.500,0.000,0.075,1.998,-0.008,7.0
1188,0.496,0.500,0.000,0.075,1.998,-0.008,7.0
1189,0.496,0.500,0.000,0.075,1.998,-0.008,7.0
1190,0.496,0.500,0.000,0.075,1.998,-0.008,7.0
1191,0.496,0.500,0.000,0.075,1.998,-0.008,7.0
1192,0.496,0.500,0.000,0.075,1.998,-0.008,7.0
1193,0.496,0.500,0.000,0.075,1.998,-0.008,7.0
1194,0.496,0.500,0.000,0.074,1.998,-0.008,7.0
1195,0.496,0.500,0.000,0.074,1.998,-0.008,7.0
1196,0.496,0.500,0.000,0.074,1.998,-0.008,7.0
1197,0.496,0.500,0.000,0.074,1.998,-0.008,7.0
1198,0.496,0.500,0.000,0.074,1.998,-0.008,7.0
1199,0.496,0.500,0.000,0.074,1.998,-0.008,7.0
1200,0.496,0.500,0.000,0.074,1.998,-0.008,7.0
1201,0.496,0.500,0.000,0.074,1.998,-0.008,7.0
1202,0.496,0.500,0.000,0.074,1.998,-0.008,7.0
1203,0.496,0.500,0.000,0.074,1.998,-0.008,7.0
1204,0.496,0.500,0.000,0.074,1.998,-0.008,7.0
1205,0.496,0.500,0.000,0.074,1.998,-0.008,7.0
1206,0.496,0.500,0.000,0.074,1.998,-0.008,7.0
1207,0.496,0.500,0.000,0.074,1.998,-0.008,7.0
1208,0.496,0.500,0.000,0.073,1.998,-0.008,7.0
1209,0.496,0.500,0.000,0.073,1.998,-0.008,7.0
1210,0.496,0.500,0.000,0.073,1.998,-0.008,7.0
1211,0.496,0.500,0.000,0.073,1.998,-0.008,7.0
1212,0.496,0.500,0.000,0.073,1.998,-0.008,7.0
1213,0.496,0.500,0.000,0.073,1.998,-0.008,7.0
1214,0.496,0.500,0.000,0.073,1.998,-0.008,7.0
1215,0.496,0.500,0.000,0.073,1.998,-0.008,7.0
1216,0.496,0.500,0.000,0.073,1.998,-0.008,7.0
1217,0.496,0.500,0.000,0.073,1.998,-0.008,7.0
1218,0.496,0.500,0.000,0.073,1.998,-0.008,7.0
1219,0.496,0.500,0.000,0.073,1.998,-0.008,7.0
1220,0.496,0.500,0.000,0.073,1.998,-0.008,7.0
1221,0.496,0.500,0.000,0.073,1.998,-0.008,7.0
1222,0.496,0.500,0.000,0.072,1.998,-0.008,7.0
1223,0.496,0.500,0.000,0.072,1.998,-0.008,7.0
1224,0.496,0.500,0.000,0.072,1.998,-0.008,7.0
1225,0.496,0.500,0.000,0.072,1.998,-0.008,7.0
1226,0.496,0.500,0.000,0.072,1.998,-0.008,7.0
1227,0.496,0.500,0.000,0.072,1.998,-0.008,7.0
1228,0.496,0.500,0.000,0.072,1.998,-0.008,7.0
1229,0.496,0.500,0.000,0.072,1.998,-0.008,7.0
1230,0.496,0.500,0.000,0.072,1.998,-0.008,7.0
1231,0.496,0.500,0.000,0.072,1.998,-0.008,7.0
1232,0.496,0.500,0.000,0.072,1.998,-0.008,7.0
1233,0.496,0.500,0.000,0.072,1.998,-0.008,7.0
1234,0.496,0.500,0.000,0.072,1.998,-0.008,7.0
1235,0.496,0.500,0.000,0.072,1.998,-0.008,7.0
1236,0.496,0.500,0.000,0.072,1.998,-0.008,7.0
1237,0.496,0.500,0.000,0.071,1.998,-0.008,7.0
1238,0.496,0.500,0.000,0.071,1.998,-0.008,7.0
1239,0.496,0.500,0.000,0.071,1.998,-0.008,7.0
1240,0.496,0.500,0.000,0.071,1.998,-0.008,7.0
1241,0.496,0.500,0.000,0.071,1.998,-0.008,7.0
1242,0.496,0.500,0.000,0.071,1.998,-0.008,7.0
1243,0.496,0.500,0.000,0.071,1.998,-0.008,7.0
1244,0.496,0.500,0.000,0.071,1.998,-0.008,7.0
1245,0.496,0.500,0.000,0.071,1.998,-0.008,7.0
1246,0.496,0.500,0.000,0.071,1.998,-0.008,7.0
1247,0.496,0.500,0.000,0.071,1.998,-0.008,7.0
1248,0.496,0.500,0.000,0.071,1.998,-0.008,7.0
1249,0.496,0.500,0.000,0.071,1.998,-0.008,7.0
1250,0.496,0.500,0.000,0.071,1.998,-0.008,7.0
1251,0.496,0.500,0.000,0.070,1.998,-0.008,7.0
1252,0.496,0.500,0.000,0.070,1.998,-0.008,7.0
1253,0.496,0.500,0.000,0.070,1.998,-0.008,7.0
1254,0.496,0.500,0.000,0.070,1.998,-0.008,7.0
1255,0.496,0.500,0.000,0.070,1.998,-0.008,7.0
1256,0.496,0.500,0.000,0.070,1.998,-0.008,7.0
1257,0.496,0.500,0.000,0.070,1.998,-0.008,7.0
1258,0.496,0.500,0.000,0.070,1.998,-0.008,7.0
1259,0.496,0.500,0.000,0.070,1.998,-0.008,7.0
1260,0.496,0.500,0.000,0.070,1.998,-0.008,7.0
1261,0.496,0.500,0.000,0.070,1.998,-0.008,7.0
1262,0.496,0.500,0.000,0.070,1.998,-0.008,7.0
1263,0.496,0.500,0.000,0.070,1.998,-0.008,7.0
1264,0.496,0.500,0.000,0.070,1.998,-0.008,7.0
1265,0.496,0.500,0.000,0.069,1.998,-0.008,7.0
1266,0.496,0.500,0.000,0.069,1.998,-0.008,7.0
1267,0.496,0.500,0.000,0.069,1.998,-0.008,7.0
1268,0.496,0.500,0.000,0.069,1.998,-0.008,7.0
1269,0.496,0.500,0.000,0.069,1.998,-0.008,7.0
1270,0.496,0.500,0.000,0.069,1.998,-0.008,7.0
1271,0.496,0.500,0.000,0.069,1.998,-0.008,7.0
1272,0.496,0.500,0.000,0.069,1.998,-0.008,7.0
1273,0.496,0.500,0.000,0.069,1.998,-0.008,7.0
1274,0.496,0.500,0.000,0.069,1.998,-0.008,7.0
1275,0.496,0.500,0.000,0.069,1.998,-0.008,7.0
1276,0.496,0.500,0.000,0.069,1.998,-0.008,7.0
1277,0.496,0.500,0.000,0.069,1.998,-0.008,7.0
1278,0.496,0.500,0.000,0.069,1.998,-0.008,7.0
1279,0.496,0.500,0.000,0.068,1.998,-0.008,7.0
1280,0.496,0.500,0.000,0.068,1.998,-0.008,7.0
1281,0.496,0.500,0.000,0.068,1.998,-0.008,7.0
1282,0.496,0.500,0.000,0.068,1.998,-0.008,7.0
1283,0.496,0.500,0.000,0.068,1.998,-0.008,7.0
1284,0.496,0.500,0.000,0.068,1.998,-0.008,7.0
1285,0.496,0.500,0.000,0.068,1.998,-0.008,7.0
1286,0.496,0.500,0.000,0.068,1.998,-0.008,7.0
1287,0.496,0.500,0.000,0.068,1.998,-0.008,7.0
1288,0.496,0.500,0.000,0.068,1.998,-0.008,7.0
1289,0.496,0.500,0.000,0.068,1.998,-0.008,7.0
1290,0.496,0.500,0.000,0.068,1.998,-0.008,7.0
1291,0.496,0.500,0.000,0.068,1.998,-0.008,7.0
1292,0.496,0.500,0.000,0.068,1.998,-0.008,7.0
1293,0.496,0.500,0.000,0.068,1.998,-0.008,7.0
1294,0.496,0.500,0.000,0.067,1.998,-0.008,7.0
1295,0.496,0.500,0.000,0.067,1.998,-0.008,7.0
1296,0.496,0.500,0.000,0.067,1.998,-0.008,7.0
1297,0.496,0.500,0.000,0.067,1.998,-0.008,7.0
1298,0.496,0.500,0.000,0.067,1.998,-0.008,7.0
1299,0.496,0.500,0.000,0.067,1.998,-0.008,7.0
1300,0.496,0.500,0.000,0.067,1.998,-0.008,7.0
1301,0.496,0.500,0.000,0.067,1.998,-0.008,7.0
1302,0.496,0.500,0.000,0.067,1.998,-0.008,7.0
1303,0.496,0.500,0.000,0.067,1.998,-0.008,7.0
1304,0.496,0.500,0.000,0.067,1.998,-0.008,7.0
1305,0.496,0.500,0.000,0.067,1.998,-0.008,7.0
1306,0.496,0.500,0.000,0.067,1.998,-0.008,7.0
1307,0.496,0.500,0.000,0.067,1.998,-0.008,7.0
1308,0.496,0.500,0.000,0.066,1.998,-0.008,7.0
1309,0.496,0.500,0.000,0.066,1.998,-0.008,7.0
1310,0.496,0.500,0.000,0.066,1.998,-0.008,7.0
1311,0.496,0.500,0.000,0.066,1.998,-0.008,7.0
1312,0.496,0.500,0.000,0.066,1.998,-0.008,7.0
1313,0.496,0.500,0.000,0.066,1.998,-0.008,7.0
1314,0.496,0.500,0.000,0.066,1.998,-0.008,7.0
1315,0.496,0.500,0.000,0.066,1.998,-0.008,7.0
1316,0.496,0.500,0.000,0.066,1.998,-0.008,7.0
1317,0.496,0.500,0.000,0.066,1.998,-0.008,7.0
1318,0.496,0.500,0.000,0.066,1.998,-0.008,7.0
1319,0.496,0.500,0.000,0.066,1.998,-0.008,7.0
1320,0.496,0.500,0.000,0.066,1.998,-0.008,7.0
1321,0.496,0.500,0.000,0.066,1.998,-0.008,7.0
1322,0.496,0.500,0.000,0.065,1.998,-0.008,7.0
1323,0.496,0.500,0.000,0.065,1.998,-0.008,7.0
1324,0.496,0.500,0.000,0.065,1.998,-0.008,7.0
1325,0.496,0.500,0.000,0.065,1.998,-0.008,7.0
1326,0.496,0.500,0.000,0.065,1.998,-0.008,7.0
1327,0.496,0.500,0.000,0.065,1.998,-0.008,7.0
1328,0.496,0.500,0.000,0.065,1.998,-0.008,7.0
1329,0.496,0.500,0.000,0.065,1.998,-0.008,7.0
1330,0.496,0.500,0.000,0.065,1.998,-0.008,7.0
1331,0.496,0.500,0.000,0.065,1.998,-0.008,7.0
1332,0.496,0.500,0.000,0.065,1.998,-0.008,7.0
1333,0.496,0.500,0.000,0.065,1.998,-0.008,7.0
1334,0.496,0.500,0.000,0.065,1.998,-0.008,7.0
1335,0.496,0.500,0.000,0.065,1.998,-0.008,7.0
1336,0.496,0.500,0.000,0.065,1.998,-0.008,7.0
1337,0.496,0.500,0.000,0.064,1.998,-0.008,7.0
1338,0.496,0.500,0.000,0.064,1.998,-0.008,7.0
1339,0.496,0.500,0.000,0.064,1.998,-0.008,7.0
1340,0.496,0.500,0.000,0.064,1.998,-0.008,7.0
1341,0.496,0.500,0.000,0.064,1.998,-0.008,7.0
1342,0.496,0.500,0.000,0.064,1.998,-0.008,7.0
1343,0.496,0.500,0.000,0.064,1.998,-0.008,7.0
1344,0.496,0.500,0.000,0.064,1.998,-0.008,7.0
1345,0.496,0.500,0.000,0.064,1.998,-0.008,7.0
1346,0.496,0.500,0.000,0.064,1.998,-0.008,7.0
1347,0.496,0.500,0.000,0.064,1.998,-0.008,7.0
1348,0.496,0.500,0.000,0.064,1.998,-0.008,7.0
1349,0.496,0.500,0.000,0.064,1.998,-0.008,7.0
1350,0.496,0.500,0.000,0.064,1.998,-0.008,7.0
1351,0.496,0.500,0.000,0.063,1.998,-0.008,7.0
1352,0.496,0.500,0.000,0.063,1.998,-0.008,7.0
1353,0.496,0.500,0.000,0.063,1.998,-0.008,7.0
1354,0.496,0.500,0.000,0.063,1.998,-0.008,7.0
1355,0.496,0.500,0.000,0.063,1.998,-0.008,7.0
1356,0.496,0.500,0.000,0.063,1.998,-0.008,7.0
1357,0.496,0.500,0.000,0.063,1.998,-0.008,7.0
1358,0.496,0.500,0.000,0.063,1.998,-0.008,7.0
1359,0.496,0.500,0.000,0.063,1.998,-0.008,7.0
1360,0.496,0.500,0.000,0.063,1.998,-0.008,7.0
1361,0.496,0.500,0.000,0.063,1.998,-0.008,7.0
1362,0.496,0.500,0.000,0.063,1.998,-0.008,7.0
1363,0.496,0.500,0.000,0.063,1.998,-0.008,7.0
1364,0.496,0.500,0.000,0.063,1.998,-0.008,7.0
1365,0.496,0.500,0.000,0.063,1.998,-0.008,7.0
1366,0.496,0.500,0.000,0.062,1.998,-0.008,7.0
1367,0.496,0.500,0.000,0.062,1.998,-0.008,7.0
1368,0.496,0.500,0.000,0.062,1.998,-0.008,7.0
1369,0.496,0.500,0.000,0.062,1.998,-0.008,7.0
1370,0.496,0.500,0.000,0.062,1.998,-0.008,7.0
1371,0.496,0.500,0.000,0.062,1.998,-0.008,7.0
1372,0.496,0.500,0.000,0.062,1.998,-0.008,7.0
1373,0.496,0.500,0.000,0.062,1.998,-0.008,7.0
1374,0.496,0.500,0.000,0.062,1.998,-0.008,7.0
1375,0.496,0.500,0.000,0.062,1.998,-0.008,7.0
1376,0.496,0.500,0.000,0.062,1.998,-0.008,7.0
1377,0.496,0.500,0.000,0.062,1.998,-0.008,7.0
1378,0.496,0.500,0.000,0.062,1.998,-0.008,7.0
1379,0.496,0.500,0.000,0.062,1.998,-0.008,7.0
1380,0.496,0.500,0.000,0.061,1.998,-0.008,7.0
1381,0.496,0.500,0.000,0.061,1.998,-0.008,7.0
1382,0.496,0.500,0.000,0.061,1.998,-0.008,7.0
1383,0.496,0.500,0.000,0.061,1.998,-0.008,7.0
1384,0.496,0.500,0.000,0.061,1.998,-0.008,7.0
1385,0.496,0.500,0.000,0.061,1.998,-0.008,7.0
1386,0.496,0.500,0.000,0.061,1.998,-0.008,7.0
1387,0.496,0.500,0.000,0.061,1.998,-0.008,7.0
1388,0.496,0.500,0.000,0.061,1.998,-0.008,7.0
1389,0.496,0.500,0.000,0.061,1.998,-0.008,7.0
1390,0.496,0.500,0.000,0.061,1.998,-0.008,7.0
1391,0.496,0.500,0.000,0.061,1.998,-0.008,7.0
1392,0.496,0.500,0.000,0.061,1.998,-0.008,7.0
1393,0.496,0.500,0.000,0.061,1.998,-0.008,7.0
1394,0.496,0.500,0.000,0.061,1.998,-0.008,7.0
1395,0.496,0.500,0.000,0.060,1.998,-0.008,7.0
1396,0.496,0.500,0.000,0.060,1.998,-0.008,7.0
1397,0.496,0.500,0.000,0.060,1.998,-0.008,7.0
1398,0.496,0.500,0.000,0.060,1.998,-0.008,7.0
1399,0.496,0.500,0.000,0.060,1.998,-0.008,7.0
1400,0.496,0.500,0.000,0.060,1.998,-0.008,7.0
1401,0.496,0.500,0.000,0.060,1.998,-0.008,7.0
1402,0.496,0.500,0.000,0.060,1.998,-0.008,7.0
1403,0.496,0.500,0.000,0.060,1.998,-0.008,7.0
1404,0.496,0.500,0.000,0.060,1.998,-0.008,7.0
1405,0.496,0.500,0.000,0.060,1.998,-0.008,7.0
1406,0.496,0.500,0.000,0.060,1.998,-0.008,7.0
1407,0.496,0.500,0.000,0.060,1.998,-0.008,7.0
1408,0.496,0.500,0.000,0.060,1.998,-0.008,7.0
1409,0.496,0.500,0.000,0.059,1.998,-0.008,7.0
1410,0.496,0.500,0.000,0.059,1.998,-0.008,7.0
1411,0.496,0.500,0.000,0.059,1.998,-0.008,7.0
1412,0.496,0.500,0.000,0.059,1.998,-0.008,7.0
1413,0.496,0.500,0.000,0.059,1.998,-0.008,7.0
1414,0.496,0.500,0.000,0.059,1.998,-0.008,7.0
1415,0.496,0.500,0.000,0.059,1.998,-0.008,7.0
1416,0.496,0.500,0.000,0.059,1.998,-0.008,7.0
1417,0.496,0.500,0.000,0.059,1.998,-0.008,7.0
1418,0.496,0.500,0.000,0.059,1.998,-0.008,7.0
1419,0.496,0.500,0.000,0.059,1.998,-0.008,7.0
1420,0.496,0.500,0.000,0.059,1.998,-0.008,7.0
1421,0.496,0.500,0.000,0.059,1.998,-0.008,7.0
1422,0.496,0.500,0.000,0.059,1.998,-0.008,7.0
1423,0.496,0.500,0.000,0.059,1.998,-0.008,7.0
1424,0.496,0.500,0.000,0.058,1.998,-0.008,7.0
1425,0.496,0.500,0.000,0.058,1.998,-0.008,7.0
1426,0.496,0.500,0.000,0.058,1.998,-0.008,7.0
1427,0.496,0.500,0.000,0.058,1.998,-0.008,7.0
1428,0.496,0.500,0.000,0.058,1.998,-0.008,7.0
1429,0.496,0.500,0.000,0.058,1.998,-0.008,7.0
1430,0.496,0.500,0.000,0.058,1.998,-0.008,7.0
1431,0.496,0.500,0.000,0.058,1.998,-0.008,7.0
1432,0.496,0.500,0.000,0.058,1.998,-0.008,7.0
1433,0.496,0.500,0.000,0.058,1.998,-0.008,7.0
1434,0.496,0.500,0.000,0.058,1.998,-0.008,7.0
1435,0.496,0.500,0.000,0.058,1.998,-0.008,7.0
1436,0.496,0.500,0.000,0.058,1.998,-0.008,7.0
1437,0.496,0.500,0.000,0.058,1.998,-0.008,7.0
1438,0.496,0.500,0.000,0.057,1.998,-0.008,7.0
1439,0.496,0.500,0.000,0.057,1.998,-0.008,7.0
1440,0.496,0.500,0.000,0.057,1.998,-0.008,7.0
1441,0.496,0.500,0.000,0.057,1.998,-0.008,7.0
1442,0.496,0.500,0.000,0.057,1.998,-0.008,7.0
1443,0.496,0.500,0.000,0.057,1.998,-0.008,7.0
1444,0.496,0.500,0.000,0.057,1.998,-0.008,7.0
1445,0.496,0.500,0.000,0.057,1.998,-0.008,7.0
1446,0.496,0.500,0.000,0.057,1.998,-0.008,7.0
1447,0.496,0.500,0.000,0.057,1.998,-0.008,7.0
1448,0.496,0.500,0.000,0.057,1.998,-0.008,7.0
1449,0.496,0.500,0.000,0.057,1.998,-0.008,7.0
1450,0.496,0.500,0.000,0.057,1.998,-0.008,7.0
1451,0.496,0.500,0.000,0.057,1.998,-0.008,7.0
1452,0.496,0.500,0.000,0.057,1.998,-0.008,7.0
1453,0.496,0.500,0.000,0.056,1.998,-0.008,7.0
1454,0.496,0.500,0.000,0.056,1.998,-0.008,7.0
1455,0.496,0.500,0.000,0.056,1.998,-0.008,7.0
1456,0.496,0.500,0.000,0.056,1.998,-0.008,7.0
1457,0.496,0.500,0.000,0.056,1.998,-0.008,7.0
1458,0.496,0.500,0.000,0.056,1.998,-0.008,7.0
1459,0.496,0.500,0.000,0.056,1.998,-0.008,7.0
1460,0.496,0.500,0.000,0.056,1.998,-0.008,7.0
1461,0.496,0.500,0.000,0.056,1.998,-0.008,7.0
1462,0.496,0.500,0.000,0.056,1.998,-0.008,7.0
1463,0.496,0.500,0.000,0.056,1.998,-0.008,7.0
1464,0.496,0.500,0.000,0.056,1.998,-0.008,7.0
1465,0.496,0.500,0.000,0.056,1.998,-0.008,7.0
1466,0.496,0.500,0.000,0.056,1.998,-0.008,7.0
1467,0.496,0.500,0.000,0.056,1.998,-0.008,7.0
1468,0.496,0.500,0.000,0.055,1.998,-0.008,7.0
1469,0.496,0.500,0.000,0.055,1.998,-0.008,7.0
1470,0.496,0.500,0.000,0.055,1.998,-0.008,7.0
1471,0.496,0.500,0.000,0.055,1.998,-0.008,7.0
1472,0.496,0.500,0.000,0.055,1.998,-0.008,7.0
1473,0.496,0.500,0.000,0.055,1.998,-0.008,7.0
1474,0.496,0.500,0.000,0.055,1.998,-0.008,7.0
1475,0.496,0.500,0.000,0.055,1.998,-0.008,7.0
1476,0.496,0.500,0.000,0.055,1.998,-0.008,7.0
1477,0.496,0.500,0.000,0.055,1.998,-0.008,7.0
1478,0.496,0.500,0.000,0.055,1.998,-0.007,7.0
1479,0.496,0.500,0.000,0.055,1.998,-0.007,7.0
1480,0.496,0.500,0.000,0.055,1.998,-0.007,7.0
1481,0.496,0.500,0.000,0.055,1.998,-0.007,7.0
1482,0.496,0.500,0.000,0.054,1.998,-0.007,7.0
1483,0.496,0.500,0.000,0.054,1.998,-0.007,7.0
1484,0.496,0.500,0.000,0.054,1.998,-0.007,7.0
1485,0.496,0.500,0.000,0.054,1.998,-0.007,7.0
1486,0.496,0.500,0.000,0.054,1.998,-0.007,7.0
1487,0.496,0.500,0.000,0.054,1.998,-0.007,7.0
1488,0.496,0.500,0.000,0.054,1.998,-0.007,7.0
1489,0.496,0.500,0.000,0.054,1.998,-0.007,7.0
1490,0.496,0.500,0.000,0.054,1.998,-0.007,7.0
1491,0.496,0.500,0.000,0.054,1.998,-0.007,7.0
1492,0.496,0.500,0.000,0.054,1.998,-0.007,7.0
1493,0.496,0.500,0.000,0.054,1.998,-0.007,7.0
1494,0.496,0.500,0.000,0.054,1.998,-0.007,7.0
1495,0.496,0.500,0.000,0.054,1.998,-0.007,7.0
1496,0.496,0.500,0.000,0.054,1.998,-0.007,7.0
1497,0.496,0.500,0.000,0.053,1.998,-0.007,7.0
1498,0.496,0.500,0.000,0.053,1.998,-0.007,7.0
1499,0.496,0.500,0.000,0.053,1.998,-0.007,7.0
1500,0.496,0.500,0.000,0.053,1.998,-0.007,7.0
1501,0.496,0.500,0.000,0.053,1.998,-0.007,7.0
1502,0.496,0.500,0.000,0.053,1.998,-0.007,7.0
1503,0.496,0.500,0.000,0.053,1.998,-0.007,7.0
1504,0.496,0.500,0.000,0.053,1.998,-0.007,7.0
1505,0.496,0.500,0.000,0.053,1.998,-0.007,7.0
1506,0.496,0.500,0.000,0.053,1.998,-0.007,7.0
1507,0.496,0.500,0.000,0.053,1.998,-0.007,7.0
1508,0.496,0.500,0.000,0.053,1.998,-0.007,7.0
1509,0.496,0.500,0.000,0.053,1.998,-0.007,7.0
1510,0.496,0.500,0.000,0.053,1.998,-0.007,7.0
1511,0.496,0.500,0.000,0.053,1.998,-0.007,7.0
1512,0.496,0.500,0.000,0.052,1.998,-0.007,7.0
1513,0.496,0.500,0.000,0.052,1.998,-0.007,7.0
1514,0.496,0.500,0.000,0.052,1.998,-0.007,7.0
1515,0.496,0.500,0.000,0.052,1.998,-0.007,7.0
1516,0.496,0.500,0.000,0.052,1.998,-0.007,7.0
1517,0.496,0.500,0.000,0.052,1.998,-0.007,7.0
1518,0.496,0.500,0.000,0.052,1.998,-0.007,7.0
1519,0.496,0.500,0.000,0.052,1.998,-0.007,7.0
1520,0.496,0.500,0.000,0.052,1.998,-0.007,7.0
1521,0.496,0.500,0.000,0.052,1.998,-0.007,7.0
1522,0.496,0.500,0.000,0.052,1.998,-0.007,7.0
1523,0.496,0.500,0.000,0.052,1.998,-0.007,7.0
1524,0.496,0.500,0.000,0.052,1.998,-0.007,7.0
1525,0.496,0.500,0.000,0.052,1.998,-0.007,7.0
1526,0.496,0.500,0.000,0.051,1.998,-0.007,7.0
1527,0.496,0.500,0.000,0.051,1.998,-0.007,7.0
1528,0.496,0.500,0.000,0.051,1.998,-0.007,7.0
1529,0.496,0.500,0.000,0.051,1.998,-0.007,7.0
1530,0.496,0.500,0.000,0.051,1.998,-0.007,7.0
1531,0.496,0.500,0.000,0.051,1.998,-0.007,7.0
1532,0.496,0.500,0.000,0.051,1.998,-0.007,7.0
1533,0.496,0.500,0.000,0.051,1.998,-0.007,7.0
1534,0.496,0.500,0.000,0.051,1.998,-0.007,7.0
1535,0.496,0.500,0.000,0.051,1.998,-0.007,7.0
1536,0.496,0.500,0.000,0.051,1.998,-0.007,7.0
1537,0.496,0.500,0.000,0.051,1.998,-0.007,7.0
1538,0.496,0.500,0.000,0.051,1.998,-0.007,7.0
1539,0.496,0.500,0.000,0.051,1.998,-0.007,7.0
1540,0.496,0.500,0.000,0.051,1.998,-0.007,7.0
1541,0.496,0.500,0.000,0.050,1.998,-0.007,7.0
1542,0.496,0.500,0.000,0.050,1.998,-0.007,7.0
1543,0.496,0.500,0.000,0.050,1.998,-0.007,7.0
1544,0.496,0.500,0.000,0.050,1.998,-0.007,7.0
1545,0.496,0.500,0.000,0.050,1.998,-0.007,7.0
1546,0.496,0.500,0.000,0.050,1.998,-0.007,7.0
1547,0.496,0.500,0.000,0.050,1.998,-0.007,7.0
1548,0.496,0.500,0.000,0.050,1.998,-0.007,7.0
1549,0.496,0.500,0.000,0.050,1.998,-0.007,7.0
1550,0.496,0.500,0.000,0.050,1.998,-0.007,7.0
1551,0.496,0.500,0.000,0.050,1.998,-0.007,7.0
1552,0.496,0.500,0.000,0.050,1.998,-0.007,7.0
1553,0.496,0.500,0.000,0.050,1.998,-0.007,7.0
1554,0.496,0.500,0.000,0.050,1.998,-0.007,7.0
1555,0.496,0.500,0.000,0.050,1.998,-0.007,7.0
1556,0.496,0.500,0.000,0.049,1.998,-0.007,7.0
1557,0.496,0.500,0.000,0.049,1.998,-0.007,7.0
1558,0.496,0.500,0.000,0.049,1.998,-0.007,7.0
1559,0.496,0.500,0.000,0.049,1.998,-0.007,7.0
1560,0.496,0.500,0.000,0.049,1.998,-0.007,7.0
1561,0.496,0.500,0.000,0.049,1.998,-0.007,7.0
1562,0.496,0.500,0.000,0.049,1.998,-0.007,7.0
1563,0.496,0.500,0.000,0.049,1.998,-0.007,7.0
1564,0.496,0.500,0.000,0.049,1.998,-0.007,7.0
1565,0.496,0.500,0.000,0.049,1.998,-0.007,7.0
1566,0.496,0.500,0.000,0.049,1.998,-0.007,7.0
1567,0.496,0.500,0.000,0.049,1.998,-0.007,7.0
1568,0.496,0.500,0.000,0.049,1.998,-0.007,7.0
1569,0.496,0.500,0.000,0.049,1.998,-0.007,7.0
1570,0.496,0.500,0.000,0.049,1.998,-0.007,7.0
1571,0.496,0.500,0.000,0.048,1.998,-0.007,7.0
1572,0.496,0.500,0.000,0.048,1.998,-0.007,7.0
1573,0.496,0.500,0.000,0.048,1.998,-0.007,7.0
1574,0.496,0.500,0.000,0.048,1.998,-0.007,7.0
1575,0.496,0.500,0.000,0.048,1.998,-0.007,7.0
1576,0.496,0.500,0.000,0.048,1.998,-0.007,7.0
1577,0.496,0.500,0.000,0.048,1.998,-0.007,7.0
1578,0.496,0.500,0.000,0.048,1.998,-0.007,7.0
1579,0.496,0.500,0.000,0.048,1.998,-0.007,7.0
1580,0.496,0.500,0.000,0.048,1.998,-0.007,7.0
1581,0.496,0.500,0.000,0.048,1.998,-0.007,7.0
1582,0.496,0.500,0.000,0.048,1.998,-0.007,7.0
1583,0.496,0.500,0.000,0.048,1.998,-0.007,7.0
1584,0.496,0.500,0.000,0.048,1.998,-0.007,7.0
1585,0.496,0.500,0.000,0.048,1.998,-0.007,7.0
1586,0.496,0.500,0.000,0.047,1.998,-0.007,7.0
1587,0.496,0.500,0.000,0.047,1.998,-0.007,7.0
1588,0.496,0.500,0.000,0.047,1.998,-0.007,7.0
1589,0.496,0.500,0.000,0.047,1.998,-0.007,7.0
1590,0.496,0.500,0.000,0.047,1.998,-0.007,7.0
1591,0.496,0.500,0.000,0.047,1.998,-0.007,7.0
1592,0.496,0.500,0.000,0.047,1.998,-0.007,7.0
1593,0.496,0.500,0.000,0.047,1.998,-0.007,7.0
1594,0.496,0.500,0.000,0.047,1.998,-0.007,7.0
1595,0.496,0.500,0.000,0.047,1.998,-0.007,7.0
1596,0.496,0.500,0.000,0.047,1.998,-0.007,7.0
1597,0.496,0.500,0.000,0.047,1.998,-0.007,7.0
1598,0.496,0.500,0.000,0.047,1.998,-0.007,7.0
1599,0.496,0.500,0.000,0.047,1.998,-0.007,7.0
1600,0.496,0.500,0.000,0.046,1.998,-0.007,7.0
1601,0.496,0.500,0.000,0.046,1.998,-0.007,7.0
1602,0.496,0.500,0.000,0.046,1.998,-0.007,7.0
1603,0.496,0.500,0.000,0.046,1.998,-0.007,7.0
1604,0.496,0.500,0.000,0.046,1.998,-0.007,7.0
1605,0.496,0.500,0.000,0.046,1.998,-0.007,7.0
1606,0.496,0.500,0.000,0.046,1.998,-0.007,7.0
1607,0.496,0.500,0.000,0.046,1.998,-0.007,7.0
1608,0.496,0.500,0.000,0.046,1.998,-0.007,7.0
1609,0.496,0.500,0.000,0.046,1.998,-0.007,7.0
1610,0.496,0.500,0.000,0.046,1.998,-0.007,7.0
1611,0.496,0.500,0.000,0.046,1.998,-0.007,7.0
1612,0.496,0.500,0.000,0.046,1.998,-0.007,7.0
1613,0.496,0.500,0.000,0.046,1.998,-0.007,7.0
1614,0.496,0.500,0.000,0.046,1.998,-0.007,7.0
1615,0.496,0.500,0.000,0.045,1.998,-0.007,7.0
1616,0.496,0.500,0.000,0.045,1.998,-0.007,7.0
1617,0.496,0.500,0.000,0.045,1.998,-0.007,7.0
1618,0.496,0.500,0.000,0.045,1.998,-0.007,7.0
1619,0.496,0.500,0.000,0.045,1.998,-0.007,7.0
1620,0.496,0.500,0.000,0.045,1.998,-0.007,7.0
1621,0.496,0.500,0.000,0.045,1.998,-0.007,7.0
1622,0.496,0.500,0.000,0.045,1.998,-0.007,7.0
1623,0.496,0.500,0.000,0.045,1.998,-0.007,7.0
1624,0.496,0.500,0.000,0.045,1.998,-0.007,7.0
1625,0.496,0.500,0.000,0.045,1.998,-0.007,7.0
1626,0.496,0.500,0.000,0.045,1.998,-0.007,7.0
1627,0.496,0.500,0.000,0.045,1.998,-0.007,7.0
1628,0.496,0.500,0.000,0.045,1.998,-0.007,7.0
1629,0.496,0.500,0.000,0.045,1.998,-0.007,7.0
1630,0.496,0.500,0.000,0.044,1.998,-0.007,7.0
1631,0.496,0.500,0.000,0.044,1.998,-0.007,7.0
1632,0.496,0.500,0.000,0.044,1.998,-0.007,7.0
1633,0.496,0.500,0.000,0.044,1.998,-0.007,7.0
1634,0.496,0.500,0.000,0.044,1.998,-0.007,7.0
1635,0.496,0.500,0.000,0.044,1.998,-0.007,7.0
1636,0.496,0.500,0.000,0.044,1.998,-0.007,7.0
1637,0.496,0.500,0.000,0.044,1.998,-0.007,7.0
1638,0.496,0.500,0.000,0.044,1.998,-0.007,7.0
1639,0.496,0.500,0.000,0.044,1.998,-0.007,7.0
1640,0.496,0.500,0.000,0.044,1.998,-0.007,7.0
1641,0.496,0.500,0.000,0.044,1.998,-0.007,7.0
1642,0.496,0.500,0.000,0.044,1.998,-0.007,7.0
1643,0.496,0.500,0.000,0.044,1.998,-0.007,7.0
1644,0.496,0.500,0.000,0.044,1.998,-0.007,7.0
1645,0.496,0.500,0.000,0.043,1.998,-0.007,7.0
1646,0.496,0.500,0.000,0.043,1.998,-0.007,7.0
1647,0.496,0.500,0.000,0.043,1.998,-0.007,7.0
1648,0.496,0.500,0.000,0.043,1.998,-0.007,7.0
1649,0.496,0.500,0.000,0.043,1.998,-0.007,7.0
1650,0.496,0.500,0.000,0.043,1.998,-0.007,7.0
1651,0.496,0.500,0.000,0.043,1.998,-0.007,7.0
1652,0.496,0.500,0.000,0.043,1.998,-0.007,7.0
1653,0.496,0.500,0.000,0.043,1.998,-0.007,7.0
1654,0.496,0.500,0.000,0.043,1.998,-0.007,7.0
1655,0.496,0.500,0.000,0.043,1.998,-0.007,7.0
1656,0.496,0.500,0.000,0.043,1.998,-0.007,7.0
1657,0.496,0.500,0.000,0.043,1.998,-0.007,7.0
1658,0.496,0.500,0.000,0.043,1.998,-0.007,7.0
1659,0.496,0.500,0.000,0.043,1.998,-0.007,7.0
1660,0.496,0.500,0.000,0.042,1.998,-0.007,7.0
1661,0.496,0.500,0.000,0.042,1.998,-0.007,7.0
1662,0.496,0.500,0.000,0.042,1.998,-0.007,7.0
1663,0.496,0.500,0.000,0.042,1.998,-0.007,7.0
1664,0.496,0.500,0.000,0.042,1.998,-0.007,7.0
1665,0.496,0.500,0.000,0.042,1.998,-0.007,7.0
1666,0.496,0.500,0.000,0.042,1.998,-0.007,7.0
1667,0.496,0.500,0.000,0.042,1.998,-0.007,7.0
1668,0.496,0.500,0.000,0.042,1.998,-0.007,7.0
1669,0.496,0.500,0.000,0.042,1.998,-0.007,7.0
1670,0.496,0.500,0.000,0.042,1.998,-0.007,7.0
1671,0.496,0.500,0.000,0.042,1.998,-0.007,7.0
1672,0.496,0.500,0.000,0.042,1.998,-0.007,7.0
1673,0.496,0.500,0.000,0.042,1.998,-0.007,7.0
1674,0.496,0.500,0.000,0.042,1.998,-0.007,7.0
1675,0.496,0.500,0.000,0.041,1.998,-0.007,7.0
1676,0.496,0.500,0.000,0.041,1.998,-0.007,7.0
1677,0.496,0.500,0.000,0.041,1.998,-0.007,7.0
1678,0.496,0.500,0.000,0.041,1.998,-0.007,7.0
1679,0.496,0.500,0.000,0.041,1.998,-0.007,7.0
1680,0.496,0.500,0.000,0.041,1.998,-0.007,7.0
1681,0.496,0.500,0.000,0.041,1.998,-0.007,7.0
1682,0.496,0.500,0.000,0.041,1.998,-0.007,7.0
1683,0.496,0.500,0.000,0.041,1.998,-0.007,7.0
1684,0.496,0.500,0.000,0.041,1.998,-0.007,7.0
1685,0.496,0.500,0.000,0.041,1.998,-0.007,7.0
1686,0.496,0.500,0.000,0.041,1.998,-0.007,7.0
1687,0.496,0.500,0.000,0.041,1.998,-0.007,7.0
1688,0.496,0.500,0.000,0.041,1.998,-0.007,7.0
1689,0.496,0.500,0.000,0.041,1.998,-0.007,7.0
1690,0.496,0.500,0.000,0.040,1.998,-0.007,7.0
1691,0.496,0.500,0.000,0.040,1.998,-0.007,7.0
1692,0.496,0.500,0.000,0.040,1.998,-0.007,7.0
1693,0.496,0.500,0.000,0.040,1.998,-0.007,7.0
1694,0.496,0.500,0.000,0.040,1.998,-0.007,7.0
1695,0.496,0.500,0.000,0.040,1.998,-0.007,7.0
1696,0.496,0.500,0.000,0.040,1.998,-0.007,7.0
1697,0.496,0.500,0.000,0.040,1.998,-0.007,7.0
1698,0.496,0.500,0.000,0.040,1.998,-0.007,7.0
1699,0.496,0.500,0.000,0.040,1.998,-0.007,7.0
1700,0.496,0.500,0.000,0.040,1.998,-0.007,7.0
1701,0.496,0.500,0.000,0.040,1.998,-0.007,7.0
1702,0.496,0.500,0.000,0.040,1.998,-0.007,7.0
1703,0.496,0.500,0.000,0.040,1.998,-0.007,7.0
1704,0.496,0.500,0.000,0.040,1.998,-0.007,7.0
1705,0.496,0.500,0.000,0.039,1.998,-0.007,7.0
1706,0.496,0.500,0.000,0.039,1.998,-0.007,7.0
1707,0.496,0.500,0.000,0.039,1.998,-0.007,7.0
1708,0.496,0.500,0.000,0.039,1.998,-0.007,7.0
1709,0.496,0.500,0.000,0.039,1.998,-0.007,7.0
1710,0.496,0.500,0.000,0.039,1.998,-0.007,7.0
1711,0.496,0.500,0.000,0.039,1.998,-0.007,7.0
1712,0.496,0.500,0.000,0.039,1.998,-0.007,7.0
1713,0.496,0.500,0.000,0.039,1.998,-0.007,7.0
1714,0.496,0.500,0.000,0.039,1.998,-0.007,7.0
1715,0.496,0.500,0.000,0.039,1.998,-0.007,7.0
1716,0.496,0.500,0.000,0.039,1.998,-0.007,7.0
1717,0.496,0.500,0.000,0.039,1.998,-0.007,7.0
1718,0.496,0.500,0.000,0.039,1.998,-0.007,7.0
1719,0.496,0.500,0.000,0.039,1.998,-0.007,7.0
1720,0.496,0.500,0.000,0.038,1.998,-0.007,7.0
1721,0.496,0.500,0.000,0.038,1.998,-0.007,7.0
1722,0.496,0.500,0.000,0.038,1.998,-0.007,7.0
1723,0.496,0.500,0.000,0.038,1.998,-0.007,7.0
1724,0.496,0.500,0.000,0.038,1.998,-0.007,7.0
1725,0.496,0.500,0.000,0.038,1.998,-0.007,7.0
1726,0.496,0.500,0.000,0.038,1.998,-0.007,7.0
1727,0.496,0.500,0.000,0.038,1.998,-0.007,7.0
1728,0.496,0.500,0.000,0.038,1.998,-0.007,7.0
1729,0.496,0.500,0.000,0.038,1.998,-0.007,7.0
1730,0.496,0.500,0.000,0.038,1.998,-0.007,7.0
1731,0.496,0.500,0.000,0.038,1.998,-0.007,7.0
1732,0.496,0.500,0.000,0.038,1.998,-0.007,7.0
1733,0.496,0.500,0.000,0.038,1.998,-0.007,7.0
1734,0.496,0.500,0.000,0.038,1.998,-0.007,7.0
1735,0.496,0.500,0.000,0.037,1.998,-0.007,7.0
1736,0.496,0.500,0.000,0.037,1.998,-0.007,7.0
1737,0.496,0.500,0.000,0.037,1.998,-0.007,7.0
1738,0.496,0.500,0.000,0.037,1.998,-0.007,7.0
1739,0.496,0.500,0.000,0.037,1.998,-0.007,7.0
1740,0.496,0.500,0.000,0.037,1.998,-0.007,7.0
1741,0.496,0.500,0.000,0.037,1.998,-0.007,7.0
1742,0.496,0.500,0.000,0.037,1.998,-0.007,7.0
1743,0.496,0.500,0.000,0.037,1.998,-0.007,7.0
1744,0.496,0.500,0.000,0.037,1.998,-0.007,7.0
1745,0.496,0.500,0.000,0.037,1.998,-0.007,7.0
1746,0.496,0.500,0.000,0.037,1.998,-0.007,7.0
1747,0.496,0.500,0.000,0.037,1.998,-0.007,7.0
1748,0.496,0.500,0.000,0.037,1.998,-0.007,7.0
1749,0.496,0.500,0.000,0.037,1.998,-0.007,7.0
1750,0.496,0.500,0.000,0.036,1.998,-0.007,7.0
1751,0.496,0.500,0.000,0.036,1.998,-0.007,7.0
1752,0.496,0.500,0.000,0.036,1.998,-0.007,7.0
1753,0.496,0.500,0.000,0.036,1.998,-0.007,7.0
1754,0.496,0.500,0.000,0.036,1.998,-0.007,7.0
1755,0.496,0.500,0.000,0.036,1.998,-0.007,7.0
1756,0.496,0.500,0.000,0.036,1.998,-0.007,7.0
1757,0.496,0.500,0.000,0.036,1.998,-0.007,7.0
1758,0.496,0.500,0.000,0.036,1.998,-0.007,7.0
1759,0.496,0.500,0.000,0.036,1.998,-0.007,7.0
1760,0.496,0.500,0.000,0.036,1.998,-0.007,7.0
1761,0.496,0.500,0.000,0.036,1.998,-0.007,7.0
1762,0.496,0.500,0.000,0.036,1.998,-0.007,7.0
1763,0.496,0.500,0.000,0.036,1.998,-0.007,7.0
1764,0.496,0.500,0.000,0.036,1.998,-0.007,7.0
1765,0.496,0.500,0.000,0.035,1.998,-0.007,7.0
1766,0.496,0.500,0.000,0.035,1.998,-0.007,7.0
1767,0.496,0.500,0.000,0.035,1.998,-0.007,7.0
1768,0.496,0.500,0.000,0.035,1.998,-0.007,7.0
1769,0.496,0.500,0.000,0.035,1.998,-0.007,7.0
1770,0.496,0.500,0.000,0.035,1.998,-0.007,7.0
1771,0.496,0.500,0.000,0.035,1.998,-0.007,7.0
1772,0.496,0.500,0.000,0.035,1.998,-0.007,7.0
1773,0.496,0.500,0.000,0.035,1.998,-0.007,7.0
1774,0.496,0.500,0.000,0.035,1.998,-0.007,7.0
1775,0.496,0.500,0.000,0.035,1.998,-0.007,7.0
1776,0.496,0.500,0.000,0.035,1.998,-0.007,7.0
1777,0.496,0.500,0.000,0.035,1.998,-0.007,7.0
1778,0.496,0.500,0.000,0.035,1.998,-0.007,7.0
1779,0.496,0.500,0.000,0.035,1.998,-0.007,7.0
1780,0.496,0.500,0.000,0.034,1.998,-0.007,7.0
1781,0.496,0.500,0.000,0.034,1.998,-0.007,7.0
1782,0.496,0.500,0.000,0.034,1.998,-0.007,7.0
1783,0.496,0.500,0.000,0.034,1.998,-0.007,7.0
1784,0.496,0.500,0.000,0.034,1.998,-0.007,7.0
1785,0.496,0.500,0.000,0.034,1.998,-0.007,7.0
1786,0.496,0.500,0.000,0.034,1.998,-0.007,7.0
1787,0.496,0.500,0.000,0.034,1.998,-0.007,7.0
1788,0.496,0.500,0.000,0.034,1.998,-0.007,7.0
1789,0.496,0.500,0.000,0.034,1.998,-0.007,7.0
1790,0.496,0.500,0.000,0.034,1.998,-0.007,7.0
1791,0.496,0.500,0.000,0.034,1.998,-0.007,7.0
1792,0.496,0.500,0.000,0.034,1.998,-0.007,7.0
1793,0.496,0.500,0.000,0.034,1.998,-0.007,7.0
1794,0.496,0.500,0.000,0.034,1.998,-0.007,7.0
1795,0.496,0.500,0.000,0.033,1.998,-0.007,7.0
1796,0.496,0.500,0.000,0.033,1.998,-0.007,7.0
1797,0.496,0.500,0.000,0.033,1.998,-0.007,7.0
1798,0.496,0.500,0.000,0.033,1.998,-0.007,7.0
1799,0.496,0.500,0.000,0.033,1.998,-0.007,7.0
1800,0.496,0.500,0.000,0.033,1.998,-0.007,7.0
1801,0.496,0.500,0.000,0.033,1.998,-0.007,7.0
1802,0.496,0.500,0.000,0.033,1.998,-0.007,7.0
1803,0.496,0.500,0.000,0.033,1.998,-0.007,7.0
1804,0.496,0.500,0.000,0.033,1.998,-0.007,7.0
1805,0.496,0.500,0.000,0.033,1.998,-0.007,7.0
1806,0.496,0.500,0.000,0.033,1.998,-0.007,7.0
1807,0.496,0.500,0.000,0.033,1.998,-0.007,7.0
1808,0.496,0.500,0.000,0.033,1.998,-0.007,7.0
1809,0.496,0.500,0.000,0.033,1.998,-0.007,7.0
1810,0.496,0.500,0.000,0.033,1.998,-0.007,7.0
1811,0.496,0.500,0.000,0.032,1.998,-0.007,7.0
1812,0.496,0.500,0.000,0.032,1.998,-0.007,7.0
1813,0.496,0.500,0.000,0.032,1.998,-0.007,7.0
1814,0.496,0.500,0.000,0.032,1.998,-0.007,7.0
1815,0.496,0.500,0.000,0.032,1.998,-0.007,7.0
1816,0.496,0.500,0.000,0.032,1.998,-0.007,7.0
1817,0.496,0.500,0.000,0.032,1.998,-0.007,7.0
1818,0.496,0.500,0.000,0.032,1.998,-0.007,7.0
1819,0.496,0.500,0.000,0.032,1.998,-0.007,7.0
1820,0.496,0.500,0.000,0.032,1.998,-0.007,7.0
1821,0.496,0.500,0.000,0.032,1.998,-0.007,7.0
1822,0.496,0.500,0.000,0.032,1.998,-0.007,7.0
1823,0.496,0.500,0.000,0.032,1.998,-0.007,7.0
1824,0.496,0.500,0.000,0.032,1.998,-0.007,7.0
1825,0.496,0.500,0.000,0.032,1.998,-0.007,7.0
1826,0.496,0.500,0.000,0.031,1.998,-0.007,7.0
1827,0.496,0.500,0.000,0.031,1.998,-0.007,7.0
1828,0.496,0.500,0.000,0.031,1.998,-0.007,7.0
1829,0.496,0.500,0.000,0.031,1.998,-0.007,7.0
1830,0.496,0.500,0.000,0.031,1.998,-0.007,7.0
1831,0.496,0.500,0.000,0.031,1.998,-0.007,7.0
1832,0.496,0.500,0.000,0.031,1.998,-0.007,7.0
1833,0.496,0.500,0.000,0.031,1.998,-0.007,7.0
1834,0.496,0.500,0.000,0.031,1.998,-0.007,7.0
1835,0.496,0.500,0.000,0.031,1.998,-0.007,7.0
1836,0.496,0.500,0.000,0.031,1.998,-0.007,7.0
1837,0.496,0.500,0.000,0.031,1.998,-0.007,7.0
1838,0.496,0.500,0.000,0.031,1.998,-0.007,7.0
1839,0.496,0.500,0.000,0.031,1.998,-0.007,7.0
1840,0.496,0.500,0.000,0.031,1.998,-0.007,7.0
1841,0.496,0.500,0.000,0.030,1.998,-0.007,7.0
1842,0.496,0.500,0.000,0.030,1.998,-0.007,7.0
1843,0.496,0.500,0.000,0.030,1.998,-0.007,7.0
1844,0.496,0.500,0.000,0.030,1.998,-0.007,7.0
1845,0.496,0.500,0.000,0.030,1.998,-0.007,7.0
1846,0.496,0.500,0.000,0.030,1.998,-0.007,7.0
1847,0.496,0.500,0.000,0.030,1.998,-0.007,7.0
1848,0.496,0.500,0.000,0.030,1.998,-0.007,7.0
1849,0.496,0.500,0.000,0.030,1.998,-0.007,7.0
1850,0.496,0.500,0.000,0.030,1.998,-0.007,7.0
1851,0.496,0.500,0.000,0.030,1.998,-0.007,7.0
1852,0.496,0.500,0.000,0.030,1.998,-0.007,7.0
1853,0.496,0.500,0.000,0.030,1.998,-0.007,7.0
1854,0.496,0.500,0.000,0.030,1.998,-0.007,7.0
1855,0.496,0.500,0.000,0.030,1.998,-0.007,7.0
1856,0.496,0.500,0.000,0.029,1.998,-0.007,7.0
1857,0.496,0.500,0.000,0.029,1.998,-0.007,7.0
1858,0.496,0.500,0.000,0.029,1.998,-0.007,7.0
1859,0.496,0.500,0.000,0.029,1.998,-0.007,7.0
1860,0.496,0.500,0.000,0.029,1.998,-0.007,7.0
1861,0.496,0.500,0.000,0.029,1.998,-0.007,7.0
1862,0.496,0.500,0.000,0.029,1.998,-0.007,7.0
1863,0.496,0.500,0.000,0.029,1.998,-0.007,7.0
1864,0.496,0.500,0.000,0.029,1.998,-0.007,7.0
1865,0.496,0.500,0.000,0.029,1.998,-0.007,7.0
1866,0.496,0.500,0.000,0.029,1.998,-0.007,7.0
1867,0.496,0.500,0.000,0.029,1.998,-0.007,7.0
1868,0.496,0.500,0.000,0.029,1.998,-0.007,7.0
1869,0.496,0.500,0.000,0.029,1.998,-0.007,7.0
1870,0.496,0.500,0.000,0.029,1.998,-0.007,7.0
1871,0.496,0.500,0.000,0.029,1.998,-0.007,7.0
1872,0.496,0.500,0.000,0.028,1.998,-0.007,7.0
1873,0.496,0.500,0.000,0.028,1.998,-0.007,7.0
1874,0.496,0.500,0.000,0.028,1.998,-0.007,7.0
1875,0.496,0.500,0.000,0.028,1.998,-0.007,7.0
1876,0.496,0.500,0.000,0.028,1.998,-0.007,7.0
1877,0.496,0.500,0.000,0.028,1.998,-0.007,7.0
1878,0.496,0.500,0.000,0.028,1.998,-0.007,7.0
1879,0.496,0.500,0.000,0.028,1.998,-0.007,7.0
1880,0.496,0.500,0.000,0.028,1.998,-0.007,7.0
1881,0.496,0.500,0.000,0.028,1.998,-0.007,7.0
1882,0.496,0.500,0.000,0.028,1.998,-0.007,7.0
1883,0.496,0.500,0.000,0.028,1.998,-0.007,7.0
1884,0.496,0.500,0.000,0.028,1.998,-0.007,7.0
1885,0.496,0.500,0.000,0.028,1.998,-0.007,7.0
1886,0.496,0.500,0.000,0.028,1.998,-0.007,7.0
1887,0.496,0.500,0.000,0.027,1.998,-0.007,7.0
1888,0.496,0.500,0.000,0.027,1.998,-0.007,7.0
1889,0.496,0.500,0.000,0.027,1.998,-0.007,7.0
1890,0.496,0.500,0.000,0.027,1.998,-0.007,7.0
1891,0.496,0.500,0.000,0.027,1.998,-0.007,7.0
1892,0.496,0.500,0.000,0.027,1.998,-0.007,7.0
1893,0.496,0.500,0.000,0.027,1.998,-0.007,7.0
1894,0.496,0.500,0.000,0.027,1.998,-0.007,7.0
1895,0.496,0.500,0.000,0.027,1.998,-0.007,7.0
1896,0.496,0.500,0.000,0.027,1.998,-0.007,7.0
1897,0.496,0.500,0.000,0.027,1.998,-0.007,7.0
1898,0.496,0.500,0.000,0.027,1.998,-0.007,7.0
1899,0.496,0.500,0.000,0.027,1.998,-0.007,7.0
1900,0.496,0.500,0.000,0.027,1.998,-0.007,7.0
1901,0.496,0.500,0.000,0.027,1.998,-0.007,7.0
1902,0.496,0.500,0.000,0.026,1.998,-0.007,7.0
1903,0.496,0.500,0.000,0.026,1.998,-0.007,7.0
1904,0.496,0.500,0.000,0.026,1.998,-0.007,7.0
1905,0.496,0.500,0.000,0.026,1.998,-0.007,7.0
1906,0.496,0.500,0.000,0.026,1.998,-0.007,7.0
1907,0.496,0.500,0.000,0.026,1.998,-0.007,7.0
1908,0.496,0.500,0.000,0.026,1.998,-0.006,7.0
1909,0.496,0.500,0.000,0.026,1.998,-0.006,7.0
1910,0.496,0.500,0.000,0.026,1.998,-0.006,7.0
1911,0.496,0.500,0.000,0.026,1.998,-0.006,7.0
1912,0.496,0.500,0.000,0.026,1.998,-0.006,7.0
1913,0.496,0.500,0.000,0.026,1.998,-0.006,7.0
1914,0.496,0.500,0.000,0.026,1.998,-0.006,7.0
1915,0.496,0.500,0.000,0.026,1.998,-0.006,7.0
1916,0.496,0.500,0.000,0.026,1.998,-0.006,7.0
1917,0.496,0.500,0.000,0.026,1.998,-0.006,7.0
1918,0.496,0.500,0.000,0.025,1.998,-0.006,7.0
1919,0.496,0.500,0.000,0.025,1.998,-0.006,7.0
1920,0.496,0.500,0.000,0.025,1.998,-0.006,7.0
1921,0.496,0.500,0.000,0.025,1.998,-0.006,7.0
1922,0.496,0.500,0.000,0.025,1.998,-0.006,7.0
1923,0.496,0.500,0.000,0.025,1.998,-0.006,7.0
1924,0.496,0.500,0.000,0.025,1.998,-0.006,7.0
1925,0.496,0.500,0.000,0.025,1.998,-0.006,7.0
1926,0.496,0.500,0.000,0.025,1.998,-0.006,7.0
1927,0.496,0.500,0.000,0.025,1.998,-0.006,7.0
1928,0.496,0.500,0.000,0.025,1.998,-0.006,7.0
1929,0.496,0.500,0.000,0.025,1.998,-0.006,7.0
1930,0.496,0.500,0.000,0.025,1.998,-0.006,7.0
1931,0.496,0.500,0.000,0.025,1.998,-0.006,7.0
1932,0.496,0.500,0.000,0.025,1.998,-0.006,7.0
1933,0.496,0.500,0.000,0.024,1.998,-0.006,7.0
1934,0.496,0.500,0.000,0.024,1.998,-0.006,7.0
1935,0.496,0.500,0.000,0.024,1.998,-0.006,7.0
1936,0.496,0.500,0.000,0.024,1.998,-0.006,7.0
1937,0.496,0.500,0.000,0.024,1.998,-0.006,7.0
1938,0.496,0.500,0.000,0.024,1.998,-0.006,7.0
1939,0.496,0.500,0.000,0.024,1.998,-0.006,7.0
1940,0.496,0.500,0.000,0.024,1.998,-0.006,7.0
1941,0.496,0.500,0.000,0.024,1.998,-0.006,7.0
1942,0.496,0.500,0.000,0.024,1.998,-0.006,7.0
1943,0.496,0.500,0.000,0.024,1.998,-0.006,7.0
1944,0.496,0.500,0.000,0.024,1.998,-0.006,7.0
1945,0.496,0.500,0.000,0.024,1.998,-0.006,7.0
1946,0.496,0.500,0.000,0.024,1.998,-0.006,7.0
1947,0.496,0.500,0.000,0.024,1.998,-0.006,7.0
1948,0.496,0.500,0.000,0.023,1.998,-0.006,7.0
1949,0.496,0.500,0.000,0.023,1.998,-0.006,7.0
1950,0.496,0.500,0.000,0.023,1.998,-0.006,7.0
1951,0.496,0.500,0.000,0.023,1.998,-0.006,7.0
1952,0.496,0.500,0.000,0.023,1.998,-0.006,7.0
1953,0.496,0.500,0.000,0.023,1.998,-0.006,7.0
1954,0.496,0.500,0.000,0.023,1.998,-0.006,7.0
1955,0.496,0.500,0.000,0.023,1.998,-0.006,7.0
1956,0.496,0.500,0.000,0.023,1.998,-0.006,7.0
1957,0.496,0.500,0.000,0.023,1.998,-0.006,7.0
1958,0.496,0.500,0.000,0.023,1.998,-0.006,7.0
1959,0.496,0.500,0.000,0.023,1.998,-0.006,7.0
1960,0.496,0.500,0.000,0.023,1.998,-0.006,7.0
1961,0.496,0.500,0.000,0.023,1.998,-0.006,7.0
1962,0.496,0.500,0.000,0.023,1.998,-0.006,7.0
1963,0.496,0.500,0.000,0.023,1.998,-0.006,7.0
1964,0.496,0.500,0.000,0.022,1.998,-0.006,7.0
1965,0.496,0.500,0.000,0.022,1.998,-0.006,7.0
1966,0.496,0.500,0.000,0.022,1.998,-0.006,7.0
1967,0.496,0.500,0.000,0.022,1.998,-0.006,7.0
1968,0.496,0.500,0.000,0.022,1.998,-0.006,7.0
1969,0.496,0.500,0.000,0.022,1.998,-0.006,7.0
1970,0.496,0.500,0.000,0.022,1.998,-0.006,7.0
1971,0.496,0.500,0.000,0.022,1.998,-0.006,7.0
1972,0.496,0.500,0.000,0.022,1.998,-0.006,7.0
1973,0.496,0.500,0.000,0.022,1.998,-0.006,7.0
1974,0.496,0.500,0.000,0.022,1.998,-0.006,7.0
1975,0.496,0.500,0.000,0.022,1.998,-0.006,7.0
1976,0.496,0.500,0.000,0.022,1.998,-0.006,7.0
1977,0.496,0.500,0.000,0.022,1.998,-0.006,7.0
1978,0.496,0.500,0.000,0.022,1.998,-0.006,7.0
1979,0.496,0.500,0.000,0.021,1.998,-0.006,7.0
1980,0.496,0.500,0.000,0.021,1.998,-0.006,7.0
1981,0.496,0.500,0.000,0.021,1.998,-0.006,7.0
1982,0.496,0.500,0.000,0.021,1.998,-0.006,7.0
1983,0.496,0.500,0.000,0.021,1.998,-0.006,7.0
1984,0.496,0.500,0.000,0.021,1.998,-0.006,7.0
1985,0.496,0.500,0.000,0.021,1.998,-0.006,7.0
1986,0.496,0.500,0.000,0.021,1.998,-0.006,7.0
1987,0.496,0.500,0.000,0.021,1.998,-0.006,7.0
1988,0.496,0.500,0.000,0.021,1.998,-0.006,7.0
1989,0.496,0.500,0.000,0.021,1.998,-0.006,7.0
1990,0.496,0.500,0.000,0.021,1.998,-0.006,7.0
1991,0.496,0.500,0.000,0.021,1.998,-0.006,7.0
1992,0.496,0.500,0.000,0.021,1.998,-0.006,7.0
1993,0.496,0.500,0.000,0.021,1.998,-0.006,7.0
1994,0.496,0.500,0.000,0.021,1.998,-0.006,7.0
1995,0.496,0.500,0.000,0.020,1.998,-0.006,7.0
1996,0.496,0.500,0.000,0.020,1.998,-0.006,7.0
1997,0.496,0.500,0.000,0.020,1.998,-0.006,7.0
1998,0.496,0.500,0.000,0.020,1.998,-0.006,7.0
1999,0.496,0.500,0.000,0.020,1.998,-0.006,7.0
2000,0.496,0.500,0.000,0.020,1.998,-0.006,7.0
2001,0.496,0.500,0.000,0.020,1.998,-0.006,7.0
2002,0.496,0.500,0.000,0.020,1.998,-0.006,7.0
2003,0.496,0.500,0.000,0.020,1.998,-0.006,7.0
2004,0.496,0.500,0.000,0.020,1.998,-0.006,7.0
2005,0.496,0.500,0.000,0.020,1.998,-0.006,7.0
2006,0.496,0.500,0.000,0.020,1.998,-0.006,7.0
2007,0.496,0.500,0.000,0.020,1.998,-0.006,7.0
2008,0.496,0.500,0.000,0.020,1.998,-0.006,7.0
2009,0.496,0.500,0.000,0.020,1.998,-0.006,7.0
2010,0.496,0.500,0.000,0.019,1.998,-0.006,7.0
2011,0.496,0.500,0.000,0.019,1.998,-0.006,7.0
2012,0.496,0.500,0.000,0.019,1.998,-0.006,7.0
2013,0.496,0.500,0.000,0.019,1.998,-0.006,7.0
2014,0.496,0.500,0.000,0.019,1.998,-0.006,7.0
2015,0.496,0.500,0.000,0.019,1.998,-0.006,7.0
2016,0.496,0.500,0.000,0.019,1.998,-0.006,7.0
2017,0.496,0.500,0.000,0.019,1.998,-0.006,7.0
2018,0.496,0.500,0.000,0.019,1.998,-0.006,7.0
2019,0.496,0.500,0.000,0.019,1.998,-0.006,7.0
2020,0.496,0.500,0.000,0.019,1.998,-0.006,7.0
2021,0.496,0.500,0.000,0.019,1.998,-0.006,7.0
2022,0.496,0.500,0.000,0.019,1.998,-0.006,7.0
2023,0.496,0.500,0.000,0.019,1.998,-0.006,7.0
2024,0.496,0.500,0.000,0.019,1.998,-0.006,7.0
2025,0.496,0.500,0.000,0.019,1.998,-0.006,7.0
2026,0.496,0.500,0.000,0.018,1.998,-0.006,7.0
2027,0.496,0.500,0.000,0.018,1.998,-0.006,7.0
2028,0.496,0.500,0.000,0.018,1.998,-0.006,7.0
2029,0.496,0.500,0.000,0.018,1.998,-0.006,7.0
2030,0.496,0.500,0.000,0.018,1.998,-0.006,7.0
2031,0.496,0.500,0.000,0.018,1.998,-0.006,7.0
2032,0.496,0.500,0.000,0.018,1.998,-0.006,7.0
2033,0.496,0.500,0.000,0.018,1.998,-0.006,7.0
2034,0.496,0.500,0.000,0.018,1.998,-0.006,7.0
2035,0.496,0.500,0.000,0.018,1.998,-0.006,7.0
2036,0.496,0.500,0.000,0.018,1.998,-0.006,7.0
2037,0.496,0.500,0.000,0.018,1.998,-0.006,7.0
2038,0.496,0.500,0.000,0.018,1.998,-0.006,7.0
2039,0.496,0.500,0.000,0.018,1.998,-0.006,7.0
2040,0.496,0.500,0.000,0.018,1.998,-0.006,7.0
2041,0.496,0.500,0.000,0.017,1.998,-0.006,7.0
2042,0.496,0.500,0.000,0.017,1.998,-0.006,7.0
2043,0.496,0.500,0.000,0.017,1.998,-0.006,7.0
2044,0.496,0.500,0.000,0.017,1.998,-0.006,7.0
2045,0.496,0.500,0.000,0.017,1.998,-0.006,7.0
2046,0.496,0.500,0.000,0.017,1.998,-0.006,7.0
2047,0.496,0.500,0.000,0.017,1.998,-0.006,7.0
2048,0.496,0.500,0.000,0.017,1.998,-0.006,7.0
2049,0.496,0.500,0.000,0.017,1.998,-0.006,7.0
2050,0.496,0.500,0.000,0.017,1.998,-0.006,7.0
2051,0.496,0.500,0.000,0.017,1.998,-0.006,7.0
2052,0.496,0.500,0.000,0.017,1.998,-0.006,7.0
2053,0.496,0.500,0.000,0.017,1.998,-0.006,7.0
2054,0.496,0.500,0.000,0.017,1.998,-0.006,7.0
2055,0.496,0.500,0.000,0.017,1.998,-0.006,7.0
2056,0.496,0.500,0.000,0.017,1.998,-0.006,7.0
2057,0.496,0.500,0.000,0.016,1.998,-0.006,7.0
2058,0.496,0.500,0.000,0.016,1.998,-0.006,7.0
2059,0.496,0.500,0.000,0.016,1.998,-0.006,7.0
2060,0.496,0.500,0.000,0.016,1.998,-0.006,7.0
2061,0.496,0.500,0.000,0.016,1.998,-0.006,7.0
2062,0.496,0.500,0.000,0.016,1.998,-0.006,7.0
2063,0.496,0.500,0.000,0.016,1.998,-0.006,7.0
2064,0.496,0.500,0.000,0.016,1.998,-0.006,7.0
2065,0.496,0.500,0.000,0.016,1.998,-0.006,7.0
2066,0.496,0.500,0.000,0.016,1.998,-0.006,7.0
2067,0.496,0.500,0.000,0.016,1.998,-0.006,7.0
2068,0.496,0.500,0.000,0.016,1.998,-0.006,7.0
2069,0.496,0.500,0.000,0.016,1.998,-0.006,7.0
2070,0.496,0.500,0.000,0.016,1.998,-0.006,7.0
2071,0.496,0.500,0.000,0.016,1.998,-0.006,7.0
2072,0.496,0.500,0.000,0.015,1.998,-0.006,7.0
2073,0.496,0.500,0.000,0.015,1.998,-0.006,7.0
2074,0.496,0.500,0.000,0.015,1.998,-0.006,7.0
2075,0.496,0.500,0.000,0.015,1.998,-0.006,7.0
2076,0.496,0.500,0.000,0.015,1.998,-0.006,7.0
2077,0.496,0.500,0.000,0.015,1.998,-0.006,7.0
2078,0.496,0.500,0.000,0.015,1.998,-0.006,7.0
2079,0.496,0.500,0.000,0.015,1.998,-0.006,7.0
2080,0.496,0.500,0.000,0.015,1.998,-0.006,7.0
2081,0.496,0.500,0.000,0.015,1.998,-0.006,7.0
2082,0.496,0.500,0.000,0.015,1.998,-0.006,7.0
2083,0.496,0.500,0.000,0.015,1.998,-0.006,7.0
2084,0.496,0.500,0.000,0.015,1.998,-0.006,7.0
2085,0.496,0.500,0.000,0.015,1.998,-0.006,7.0
2086,0.496,0.500,0.000,0.015,1.998,-0.006,7.0
2087,0.496,0.500,0.000,0.015,1.998,-0.006,7.0
2088,0.496,0.500,0.000,0.014,1.998,-0.006,7.0
2089,0.496,0.500,0.000,0.014,1.998,-0.006,7.0
2090,0.496,0.500,0.000,0.014,1.998,-0.006,7.0
2091,0.496,0.500,0.000,0.014,1.998,-0.006,7.0
2092,0.496,0.500,0.000,0.014,1.998,-0.006,7.0
2093,0.496,0.500,0.000,0.014,1.998,-0.006,7.0
2094,0.496,0.500,0.000,0.014,1.998,-0.006,7.0
2095,0.496,0.500,0.000,0.014,1.998,-0.006,7.0
2096,0.496,0.500,0.000,0.014,1.998,-0.006,7.0
2097,0.496,0.500,0.000,0.014,1.998,-0.006,7.0
2098,0.496,0.500,0.000,0.014,1.998,-0.006,7.0
2099,0.496,0.500,0.000,0.014,1.998,-0.006,7.0
2100,0.496,0.500,0.000,0.014,1.998,-0.006,7.0
2101,0.496,0.500,0.000,0.014,1.998,-0.006,7.0
2102,0.496,0.500,0.000,0.014,1.998,-0.006,7.0
2103,0.496,0.500,0.000,0.014,1.998,-0.006,7.0
2104,0.496,0.500,0.000,0.013,1.998,-0.006,7.0
2105,0.496,0.500,0.000,0.013,1.998,-0.006,7.0
2106,0.496,0.500,0.000,0.013,1.998,-0.006,7.0
2107,0.496,0.500,0.000,0.013,1.998,-0.006,7.0
2108,0.496,0.500,0.000,0.013,1.998,-0.006,7.0
2109,0.496,0.500,0.000,0.013,1.998,-0.006,7.0
2110,0.496,0.500,0.000,0.013,1.998,-0.006,7.0
2111,0.496,0.500,0.000,0.013,1.998,-0.006,7.0
2112,0.496,0.500,0.000,0.013,1.998,-0.006,7.0
2113,0.496,0.500,0.000,0.013,1.998,-0.006,7.0
2114,0.496,0.500,0.000,0.013,1.998,-0.006,7.0
2115,0.496,0.500,0.000,0.013,1.998,-0.006,7.0
2116,0.496,0.500,0.000,0.013,1.998,-0.006,7.0
2117,0.496,0.500,0.000,0.013,1.998,-0.006,7.0
2118,0.496,0.500,0.000,0.013,1.998,-0.006,7.0
2119,0.496,0.500,0.000,0.012,1.998,-0.006,7.0
2120,0.496,0.500,0.000,0.012,1.998,-0.006,7.0
2121,0.496,0.500,0.000,0.012,1.998,-0.006,7.0
2122,0.496,0.500,0.000,0.012,1.998,-0.006,7.0
2123,0.496,0.500,0.000,0.012,1.998,-0.006,7.0
2124,0.496,0.500,0.000,0.012,1.998,-0.006,7.0
2125,0.496,0.500,0.000,0.012,1.998,-0.006,7.0
2126,0.496,0.500,0.000,0.012,1.998,-0.006,7.0
2127,0.496,0.500,0.000,0.012,1.998,-0.006,7.0
2128,0.496,0.500,0.000,0.012,1.998,-0.006,7.0
2129,0.496,0.500,0.000,0.012,1.998,-0.006,7.0
2130,0.496,0.500,0.000,0.012,1.998,-0.006,7.0
2131,0.496,0.500,0.000,0.012,1.998,-0.006,7.0
2132,0.496,0.500,0.000,0.012,1.998,-0.006,7.0
2133,0.496,0.500,0.000,0.012,1.998,-0.006,7.0
2134,0.496,0.500,0.000,0.012,1.998,-0.006,7.0
2135,0.496,0.500,0.000,0.011,1.998,-0.006,7.0
2136,0.496,0.500,0.000,0.011,1.998,-0.006,7.0
2137,0.496,0.500,0.000,0.011,1.998,-0.006,7.0
2138,0.496,0.500,0.000,0.011,1.998,-0.006,7.0
2139,0.496,0.500,0.000,0.011,1.998,-0.006,7.0
2140,0.496,0.500,0.000,0.011,1.998,-0.006,7.0
2141,0.496,0.500,0.000,0.011,1.998,-0.006,7.0
2142,0.496,0.500,0.000,0.011,1.998,-0.006,7.0
2143,0.496,0.500,0.000,0.011,1.998,-0.006,7.0
2144,0.496,0.500,0.000,0.011,1.998,-0.006,7.0
2145,0.496,0.500,0.000,0.011,1.998,-0.006,7.0
2146,0.496,0.500,0.000,0.011,1.998,-0.006,7.0
2147,0.496,0.500,0.000,0.011,1.998,-0.006,7.0
2148,0.496,0.500,0.000,0.011,1.998,-0.006,7.0
2149,0.496,0.500,0.000,0.011,1.998,-0.006,7.0
2150,0.496,0.500,0.000,0.011,1.998,-0.006,7.0
2151,0.496,0.500,0.000,0.010,1.998,-0.006,7.0
2152,0.496,0.500,0.000,0.010,1.998,-0.006,7.0
2153,0.496,0.500,0.000,0.010,1.998,-0.006,7.0
2154,0.496,0.500,0.000,0.010,1.998,-0.006,7.0
2155,0.496,0.500,0.000,0.010,1.998,-0.006,7.0
2156,0.496,0.500,0.000,0.010,1.998,-0.006,7.0
2157,0.496,0.500,0.000,0.010,1.998,-0.006,7.0
2158,0.496,0.500,0.000,0.010,1.998,-0.006,7.0
2159,0.496,0.500,0.000,0.010,1.998,-0.006,7.0
2160,0.496,0.500,0.000,0.010,1.998,-0.006,7.0
2161,0.496,0.500,0.000,0.010,1.998,-0.006,7.0
2162,0.496,0.500,0.000,0.010,1.998,-0.006,7.0
2163,0.496,0.500,0.000,0.010,1.998,-0.006,7.0
2164,0.496,0.500,0.000,0.010,1.998,-0.006,7.0
2165,0.496,0.500,0.000,0.010,1.998,-0.006,7.0
2166,0.496,0.500,0.000,0.010,1.998,-0.006,7.0
2167,0.496,0.500,0.000,0.009,1.998,-0.006,7.0
2168,0.496,0.500,0.000,0.009,1.998,-0.006,7.0
2169,0.496,0.500,0.000,0.009,1.998,-0.006,7.0
2170,0.496,0.500,0.000,0.009,1.998,-0.006,7.0
2171,0.496,0.500,0.000,0.009,1.998,-0.006,7.0
2172,0.496,0.500,0.000,0.009,1.998,-0.006,7.0
2173,0.496,0.500,0.000,0.009,1.998,-0.006,7.0
2174,0.496,0.500,0.000,0.009,1.998,-0.006,7.0
2175,0.496,0.500,0.000,0.009,1.998,-0.006,7.0
2176,0.496,0.500,0.000,0.009,1.998,-0.006,7.0
2177,0.496,0.500,0.000,0.009,1.998,-0.006,7.0
2178,0.496,0.500,0.000,0.009,1.998,-0.006,7.0
2179,0.496,0.500,0.000,0.009,1.998,-0.006,7.0
2180,0.496,0.500,0.000,0.009,1.998,-0.006,7.0
2181,0.496,0.500,0.000,0.009,1.998,-0.006,7.0
2182,0.496,0.500,0.000,0.008,1.998,-0.006,7.0
2183,0.496,0.500,0.000,0.008,1.998,-0.006,7.0
2184,0.496,0.500,0.000,0.008,1.998,-0.006,7.0
2185,0.496,0.500,0.000,0.008,1.998,-0.006,7.0
2186,0.496,0.500,0.000,0.008,1.998,-0.006,7.0
2187,0.496,0.500,0.000,0.008,1.998,-0.006,7.0
2188,0.496,0.500,0.000,0.008,1.998,-0.006,7.0
2189,0.496,0.500,0.000,0.008,1.998,-0.006,7.0
2190,0.496,0.500,0.000,0.008,1.998,-0.006,7.0
2191,0.496,0.500,0.000,0.008,1.998,-0.006,7.0
2192,0.496,0.500,0.000,0.008,1.998,-0.006,7.0
2193,0.496,0.500,0.000,0.008,1.998,-0.006,7.0
2194,0.496,0.500,0.000,0.008,1.998,-0.006,7.0
2195,0.496,0.500,0.000,0.008,1.998,-0.006,7.0
2196,0.496,0.500,0.000,0.008,1.998,-0.006,7.0
2197,0.496,0.500,0.000,0.008,1.998,-0.006,7.0
2198,0.496,0.500,0.000,0.007,1.998,-0.006,7.0
2199,0.496,0.500,0.000,0.007,1.998,-0.006,7.0
2200,0.496,0.500,0.000,0.007,1.998,-0.006,7.0
2201,0.496,0.500,0.000,0.007,1.998,-0.006,7.0
2202,0.496,0.500,0.000,0.007,1.998,-0.006,7.0
2203,0.496,0.500,0.000,0.007,1.998,-0.006,7.0
2204,0.496,0.500,0.000,0.007,1.998,-0.006,7.0
2205,0.496,0.500,0.000,0.007,1.998,-0.006,7.0
2206,0.496,0.500,0.000,0.007,1.998,-0.006,7.0
2207,0.496,0.500,0.000,0.007,1.998,-0.006,7.0
2208,0.496,0.500,0.000,0.007,1.998,-0.006,7.0
2209,0.496,0.500,0.000,0.007,1.998,-0.006,7.0
2210,0.496,0.500,0.000,0.007,1.998,-0.006,7.0
2211,0.496,0.500,0.000,0.007,1.998,-0.006,7.0
2212,0.496,0.500,0.000,0.007,1.998,-0.006,7.0
2213,0.496,0.500,0.000,0.007,1.998,-0.006,7.0
2214,0.496,0.500,0.000,0.006,1.998,-0.006,7.0
2215,0.496,0.500,0.000,0.006,1.998,-0.006,7.0
2216,0.496,0.500,0.000,0.006,1.998,-0.006,7.0
2217,0.496,0.500,0.000,0.006,1.998,-0.006,7.0
2218,0.496,0.500,0.000,0.006,1.998,-0.006,7.0
2219,0.496,0.500,0.000,0.006,1.998,-0.006,7.0
2220,0.496,0.500,0.000,0.006,1.998,-0.006,7.0
2221,0.496,0.500,0.000,0.006,1.998,-0.006,7.0
2222,0.496,0.500,0.000,0.006,1.998,-0.006,7.0
2223,0.496,0.500,0.000,0.006,1.998,-0.006,7.0
2224,0.496,0.500,0.000,0.006,1.998,-0.006,7.0
2225,0.496,0.500,0.000,0.006,1.998,-0.006,7.0
2226,0.496,0.500,0.000,0.006,1.998,-0.006,7.0
2227,0.496,0.500,0.000,0.006,1.998,-0.006,7.0
2228,0.496,0.500,0.000,0.006,1.998,-0.006,7.0
2229,0.496,0.500,0.000,0.006,1.998,-0.006,7.0
2230,0.496,0.500,0.000,0.005,1.998,-0.006,7.0
2231,0.496,0.500,0.000,0.005,1.998,-0.006,7.0
2232,0.496,0.500,0.000,0.005,1.998,-0.006,7.0
2233,0.496,0.500,0.000,0.005,1.998,-0.006,7.0
2234,0.496,0.500,0.000,0.005,1.998,-0.006,7.0
2235,0.496,0.500,0.000,0.005,1.998,-0.006,7.0
2236,0.496,0.500,0.000,0.005,1.998,-0.006,7.0
2237,0.496,0.500,0.000,0.005,1.998,-0.006,7.0
2238,0.496,0.500,0.000,0.005,1.998,-0.006,7.0
2239,0.496,0.500,0.000,0.005,1.998,-0.006,7.0
2240,0.496,0.500,0.000,0.005,1.998,-0.006,7.0
2241,0.496,0.500,0.000,0.005,1.998,-0.006,7.0
2242,0.496,0.500,0.000,0.005,1.998,-0.006,7.0
2243,0.496,0.500,0.000,0.005,1.998,-0.006,7.0
2244,0.496,0.500,0.000,0.005,1.998,-0.006,7.0
2245,0.496,0.500,0.000,0.005,1.998,-0.006,7.0
2246,0.496,0.500,0.000,0.004,1.998,-0.006,7.0
2247,0.496,0.500,0.000,0.004,1.998,-0.006,7.0
2248,0.496,0.500,0.000,0.004,1.998,-0.006,7.0
2249,0.496,0.500,0.000,0.004,1.998,-0.006,7.0
2250,0.496,0.500,0.000,0.004,1.998,-0.006,7.0
2251,0.496,0.500,0.000,0.004,1.998,-0.006,7.0
2252,0.496,0.500,0.000,0.004,1.998,-0.006,7.0
2253,0.496,0.500,0.000,0.004,1.998,-0.006,7.0
2254,0.496,0.500,0.000,0.004,1.998,-0.006,7.0
2255,0.496,0.500,0.000,0.004,1.998,-0.006,7.0
2256,0.496,0.500,0.000,0.004,1.998,-0.006,7.0
2257,0.496,0.500,0.000,0.004,1.998,-0.006,7.0
2258,0.496,0.500,0.000,0.004,1.998,-0.006,7.0
2259,0.496,0.500,0.000,0.004,1.998,-0.006,7.0
2260,0.496,0.500,0.000,0.004,1.998,-0.006,7.0
2261,0.496,0.500,0.000,0.004,1.998,-0.006,7.0
2262,0.496,0.500,0.000,0.003,1.998,-0.006,7.0
2263,0.496,0.500,0.000,0.003,1.998,-0.006,7.0
2264,0.496,0.500,0.000,0.003,1.998,-0.006,7.0
2265,0.496,0.500,0.000,0.003,1.998,-0.006,7.0
2266,0.496,0.500,0.000,0.003,1.998,-0.006,7.0
2267,0.496,0.500,0.000,0.003,1.998,-0.006,7.0
2268,0.496,0.500,0.000,0.003,1.998,-0.006,7.0
2269,0.496,0.500,0.000,0.003,1.998,-0.006,7.0
2270,0.496,0.500,0.000,0.003,1.998,-0.006,7.0
2271,0.496,0.500,0.000,0.003,1.998,-0.006,7.0
2272,0.496,0.500,0.000,0.003,1.998,-0.006,7.0
2273,0.496,0.500,0.000,0.003,1.998,-0.006,7.0
2274,0.496,0.500,0.000,0.003,1.998,-0.006,7.0
2275,0.496,0.500,0.000,0.003,1.998,-0.006,7.0
2276,0.496,0.500,0.000,0.003,1.998,-0.006,7.0
2277,0.496,0.500,0.000,0.003,1.998,-0.006,7.0
2278,0.496,0.500,0.000,0.002,1.998,-0.006,7.0
2279,0.496,0.500,0.000,0.002,1.998,-0.006,7.0
2280,0.496,0.500,0.000,0.002,1.998,-0.006,7.0
2281,0.496,0.500,0.000,0.002,1.998,-0.006,7.0
2282,0.496,0.500,0.000,0.002,1.998,-0.006,7.0
2283,0.496,0.500,0.000,0.002,1.998,-0.006,7.0
2284,0.496,0.500,0.000,0.002,1.998,-0.006,7.0
2285,0.496,0.500,0.000,0.002,1.998,-0.006,7.0
2286,0.496,0.500,0.000,0.002,1.998,-0.006,7.0
2287,0.496,0.500,0.000,0.002,1.998,-0.006,7.0
2288,0.496,0.500,0.000,0.002,1.998,-0.006,7.0
2289,0.496,0.500,0.000,0.002,1.998,-0.006,7.0
2290,0.496,0.500,0.000,0.002,1.998,-0.006,7.0
2291,0.496,0.500,0.000,0.002,1.998,-0.006,7.0
2292,0.496,0.500,0.000,0.002,1.998,-0.006,7.0
2293,0.496,0.500,0.000,0.002,1.998,-0.006,7.0
2294,0.496,0.500,0.000,0.001,1.998,-0.006,7.0
2295,0.496,0.500,0.000,0.001,1.998,-0.006,7.0
2296,0.496,0.500,0.000,0.001,1.998,-0.006,7.0
2297,0.496,0.500,0.000,0.001,1.998,-0.006,7.0
2298,0.496,0.500,0.000,0.001,1.998,-0.006,7.0
2299,0.496,0.500,0.000,0.001,1.998,-0.006,7.0
2300,0.496,0.500,0.000,0.001,1.998,-0.006,7.0
2301,0.496,0.500,0.000,0.001,1.998,-0.006,7.0
2302,0.496,0.500,0.000,0.001,1.998,-0.006,7.0
2303,0.496,0.500,0.000,0.001,1.998,-0.006,7.0
2304,0.496,0.500,0.000,0.001,1.998,-0.006,7.0
2305,0.496,0.500,0.000,0.001,1.998,-0.006,7.0
2306,0.496,0.500,0.000,0.001,1.998,-0.006,7.0
2307,0.496,0.500,0.000,0.001,1.998,-0.006,7.0
2308,0.496,0.500,0.000,0.001,1.998,-0.006,7.0
2309,0.496,0.500,0.000,0.001,1.998,-0.006,7.0
2310,0.496,0.500,0.000,0.000,1.998,-0.006,7.0
2311,0.496,0.500,0.000,0.000,1.998,-0.006,7.0
2312,0.496,0.500,0.000,0.000,1.998,-0.006,7.0
2313,0.496,0.500,0.000,0.000,1.998,-0.006,7.0
2314,0.496,0.500,0.000,0.000,1.998,-0.006,7.0
2315,0.496,0.500,0.000,0.000,1.998,-0.006,7.0
2316,0.496,0.500,0.000,0.000,1.998,-0.006,7.0
2317,0.496,0.500,0.000,0.000,1.998,-0.006,7.0
2318,0.496,0.500,0.000,-0.000,1.998,-0.006,7.0
2319,0.496,0.500,0.000,-0.000,1.998,-0.006,7.0
2320,0.496,0.500,0.000,-0.000,1.998,-0.006,7.0
2321,0.496,0.500,0.000,-0.000,1.998,-0.006,7.0
2322,0.496,0.500,0.000,-0.000,1.998,-0.006,7.0
2323,0.496,0.500,0.000,-0.000,1.998,-0.006,7.0
2324,0.496,0.500,0.000,-0.000,1.998,-0.006,7.0
2325,0.496,0.500,0.000,-0.000,1.998,-0.006,7.0
2326,0.496,0.500,0.000,-0.001,1.998,-0.006,7.0
2327,0.496,0.500,0.000,-0.001,1.998,-0.006,7.0
2328,0.496,0.500,0.000,-0.001,1.998,-0.006,7.0
2329,0.496,0.500,0.000,-0.001,1.998,-0.006,7.0
2330,0.496,0.500,0.000,-0.001,1.998,-0.006,7.0
2331,0.496,0.500,0.000,-0.001,1.998,-0.006,7.0
2332,0.496,0.500,0.000,-0.001,1.998,-0.006,7.0
2333,0.496,0.500,0.000,-0.001,1.998,-0.006,7.0
2334,0.496,0.500,0.000,-0.001,1.998,-0.006,7.0
2335,0.496,0.500,0.000,-0.001,1.998,-0.006,7.0
2336,0.496,0.500,0.000,-0.001,1.998,-0.006,7.0
2337,0.496,0.500,0.000,-0.001,1.998,-0.006,7.0
2338,0.496,0.500,0.000,-0.001,1.998,-0.006,7.0
2339,0.496,0.500,0.000,-0.001,1.998,-0.006,7.0
2340,0.496,0.500,0.000,-0.001,1.998,-0.006,7.0
2341,0.496,0.500,0.000,-0.001,1.998,-0.006,7.0
2342,0.496,0.500,0.000,-0.002,1.998,-0.006,7.0
2343,0.496,0.500,0.000,-0.002,1.998,-0.006,7.0
2344,0.496,0.500,0.000,-0.002,1.998,-0.006,7.0
2345,0.496,0.500,0.000,-0.002,1.998,-0.006,7.0
2346,0.496,0.500,0.000,-0.002,1.998,-0.006,7.0
2347,0.496,0.500,0.000,-0.002,1.998,-0.006,7.0
2348,0.496,0.500,0.000,-0.002,1.998,-0.006,7.0
2349,0.496,0.500,0.000,-0.002,1.998,-0.006,7.0
2350,0.496,0.500,0.000,-0.002,1.998,-0.006,7.0
2351,0.496,0.500,0.000,-0.002,1.998,-0.006,7.0
2352,0.496,0.500,0.000,-0.002,1.998,-0.006,7.0
2353,0.496,0.500,0.000,-0.002,1.998,-0.006,7.0
2354,0.496,0.500,0.000,-0.002,1.998,-0.006,7.0
2355,0.496,0.500,0.000,-0.002,1.998,-0.006,7.0
2356,0.496,0.500,0.000,-0.002,1.998,-0.006,7.0
2357,0.496,0.500,0.000,-0.002,1.998,-0.006,7.0
2358,0.496,0.500,0.000,-0.003,1.998,-0.006,7.0
2359,0.496,0.500,0.000,-0.003,1.998,-0.005,7.0
2360,0.496,0.500,0.000,-0.003,1.998,-0.005,7.0
2361,0.496,0.500,0.000,-0.003,1.998,-0.005,7.0
2362,0.496,0.500,0.000,-0.003,1.998,-0.005,7.0
2363,0.496,0.500,0.000,-0.003,1.998,-0.005,7.0
2364,0.496,0.500,0.000,-0.003,1.998,-0.005,7.0
2365,0.496,0.500,0.000,-0.003,1.998,-0.005,7.0
2366,0.496,0.500,0.000,-0.003,1.998,-0.005,7.0
2367,0.496,0.500,0.000,-0.003,1.998,-0.005,7.0
2368,0.496,0.500,0.000,-0.003,1.998,-0.005,7.0
2369,0.496,0.500,0.000,-0.003,1.998,-0.005,7.0
2370,0.496,0.500,0.000,-0.003,1.998,-0.005,7.0
2371,0.496,0.500,0.000,-0.003,1.998,-0.005,7.0
2372,0.496,0.500,0.000,-0.003,1.998,-0.005,7.0
2373,0.496,0.500,0.000,-0.003,1.998,-0.005,7.0
2374,0.496,0.500,0.000,-0.004,1.998,-0.005,7.0
2375,0.496,0.500,0.000,-0.004,1.998,-0.005,7.0
2376,0.496,0.500,0.000,-0.004,1.998,-0.005,7.0
2377,0.496,0.500,0.000,-0.004,1.998,-0.005,7.0
2378,0.496,0.500,0.000,-0.004,1.998,-0.005,7.0
2379,0.496,0.500,0.000,-0.004,1.998,-0.005,7.0
2380,0.496,0.500,0.000,-0.004,1.998,-0.005,7.0
2381,0.496,0.500,0.000,-0.004,1.998,-0.005,7.0
2382,0.496,0.500,0.000,-0.004,1.998,-0.005,7.0
2383,0.496,0.500,0.000,-0.004,1.998,-0.005,7.0
2384,0.496,0.500,0.000,-0.004,1.998,-0.005,7.0
2385,0.496,0.500,0.000,-0.004,1.998,-0.005,7.0
2386,0.496,0.500,0.000,-0.004,1.998,-0.005,7.0
2387,0.496,0.500,0.000,-0.004,1.998,-0.005,7.0
2388,0.496,0.500,0.000,-0.004,1.998,-0.005,7.0
2389,0.496,0.500,0.000,-0.004,1.998,-0.005,7.0
2390,0.496,0.500,0.000,-0.005,1.998,-0.005,7.0
2391,0.496,0.500,0.000,-0.005,1.998,-0.005,7.0
2392,0.496,0.500,0.000,-0.005,1.998,-0.005,7.0
2393,0.496,0.500,0.000,-0.005,1.998,-0.005,7.0
2394,0.496,0.500,0.000,-0.005,1.998,-0.005,7.0
2395,0.496,0.500,0.000,-0.005,1.998,-0.005,7.0
2396,0.496,0.500,0.000,-0.005,1.998,-0.005,7.0
2397,0.496,0.500,0.000,-0.005,1.998,-0.005,7.0
2398,0.496,0.500,0.000,-0.005,1.998,-0.005,7.0
2399,0.496,0.500,0.000,-0.005,1.998,-0.005,7.0
2400,0.496,0.500,0.000,-0.005,1.998,-0.005,7.0
2401,0.496,0.500,0.000,-0.005,1.998,-0.005,7.0
2402,0.496,0.500,0.000,-0.005,1.998,-0.005,7.0
2403,0.496,0.500,0.000,-0.005,1.998,-0.005,7.0
2404,0.496,0.500,0.000,-0.005,1.998,-0.005,7.0
2405,0.496,0.500,0.000,-0.005,1.998,-0.005,7.0
2406,0.496,0.500,0.000,-0.006,1.998,-0.005,7.0
2407,0.496,0.500,0.000,-0.006,1.998,-0.005,7.0
2408,0.496,0.500,0.000,-0.006,1.998,-0.005,7.0
2409,0.496,0.500,0.000,-0.006,1.998,-0.005,7.0
2410,0.496,0.500,0.000,-0.006,1.998,-0.005,7.0
2411,0.496,0.500,0.000,-0.006,1.998,-0.005,7.0
2412,0.496,0.500,0.000,-0.006,1.998,-0.005,7.0
2413,0.496,0.500,0.000,-0.006,1.998,-0.005,7.0
2414,0.496,0.500,0.000,-0.006,1.998,-0.005,7.0
2415,0.496,0.500,0.000,-0.006,1.998,-0.005,7.0
2416,0.496,0.500,0.000,-0.006,1.998,-0.005,7.0
2417,0.496,0.500,0.000,-0.006,1.998,-0.005,7.0
2418,0.496,0.500,0.000,-0.006,1.998,-0.005,7.0
2419,0.496,0.500,0.000,-0.006,1.998,-0.005,7.0
2420,0.496,0.500,0.000,-0.006,1.998,-0.005,7.0
2421,0.496,0.500,0.000,-0.006,1.998,-0.005,7.0
2422,0.496,0.500,0.000,-0.007,1.998,-0.005,7.0
2423,0.496,0.500,0.000,-0.007,1.998,-0.005,7.0
2424,0.496,0.500,0.000,-0.007,1.998,-0.005,7.0
2425,0.496,0.500,0.000,-0.007,1.998,-0.005,7.0
2426,0.496,0.500,0.000,-0.007,1.998,-0.005,7.0
2427,0.496,0.500,0.000,-0.007,1.998,-0.005,7.0
2428,0.496,0.500,0.000,-0.007,1.998,-0.005,7.0
2429,0.496,0.500,0.000,-0.007,1.998,-0.005,7.0
2430,0.496,0.500,0.000,-0.007,1.998,-0.005,7.0
2431,0.496,0.500,0.000,-0.007,1.998,-0.005,7.0
2432,0.496,0.500,0.000,-0.007,1.998,-0.005,7.0
2433,0.496,0.500,0.000,-0.007,1.998,-0.005,7.0
2434,0.496,0.500,0.000,-0.007,1.998,-0.005,7.0
2435,0.496,0.500,0.000,-0.007,1.998,-0.005,7.0
2436,0.496,0.500,0.000,-0.007,1.998,-0.005,7.0
2437,0.496,0.500,0.000,-0.007,1.998,-0.005,7.0
2438,0.496,0.500,0.000,-0.008,1.998,-0.005,7.0
2439,0.496,0.500,0.000,-0.008,1.998,-0.005,7.0
2440,0.496,0.500,0.000,-0.008,1.998,-0.005,7.0
2441,0.496,0.500,0.000,-0.008,1.998,-0.005,7.0
2442,0.496,0.500,0.000,-0.008,1.998,-0.005,7.0
2443,0.496,0.500,0.000,-0.008,1.998,-0.005,7.0
2444,0.496,0.500,0.000,-0.008,1.998,-0.005,7.0
2445,0.496,0.500,0.000,-0.008,1.998,-0.005,7.0
2446,0.496,0.500,0.000,-0.008,1.998,-0.005,7.0
2447,0.496,0.500,0.000,-0.008,1.998,-0.005,7.0
2448,0.496,0.500,0.000,-0.008,1.998,-0.005,7.0
2449,0.496,0.500,0.000,-0.008,1.998,-0.005,7.0
2450,0.496,0.500,0.000,-0.008,1.998,-0.005,7.0
2451,0.496,0.500,0.000,-0.008,1.998,-0.005,7.0
2452,0.496,0.500,0.000,-0.008,1.998,-0.005,7.0
2453,0.496,0.500,0.000,-0.008,1.998,-0.005,7.0
2454,0.496,0.500,0.000,-0.008,1.998,-0.005,7.0
2455,0.496,0.500,0.000,-0.009,1.998,-0.005,7.0
2456,0.496,0.500,0.000,-0.009,1.998,-0.005,7.0
2457,0.496,0.500,0.000,-0.009,1.998,-0.005,7.0
2458,0.496,0.500,0.000,-0.009,1.998,-0.005,7.0
2459,0.496,0.500,0.000,-0.009,1.998,-0.005,7.0
2460,0.496,0.500,0.000,-0.009,1.998,-0.005,7.0
2461,0.496,0.500,0.000,-0.009,1.998,-0.005,7.0
2462,0.496,0.500,0.000,-0.009,1.998,-0.005,7.0
2463,0.496,0.500,0.000,-0.009,1.998,-0.005,7.0
2464,0.496,0.500,0.000,-0.009,1.998,-0.005,7.0
2465,0.496,0.500,0.000,-0.009,1.998,-0.005,7.0
2466,0.496,0.500,0.000,-0.009,1.998,-0.005,7.0
2467,0.496,0.500,0.000,-0.009,1.998,-0.005,7.0
2468,0.496,0.500,0.000,-0.009,1.998,-0.005,7.0
2469,0.496,0.500,0.000,-0.009,1.998,-0.005,7.0
2470,0.496,0.500,0.000,-0.009,1.998,-0.005,7.0
2471,0.496,0.500,0.000,-0.010,1.998,-0.005,7.0
2472,0.496,0.500,0.000,-0.010,1.998,-0.005,7.0
2473,0.496,0.500,0.000,-0.010,1.998,-0.005,7.0
2474,0.496,0.500,0.000,-0.010,1.998,-0.005,7.0
2475,0.496,0.500,0.000,-0.010,1.998,-0.005,7.0
2476,0.496,0.500,0.000,-0.010,1.998,-0.005,7.0
2477,0.496,0.500,0.000,-0.010,1.998,-0.005,7.0
2478,0.496,0.500,0.000,-0.010,1.998,-0.005,7.0
2479,0.496,0.500,0.000,-0.010,1.998,-0.005,7.0
2480,0.496,0.500,0.000,-0.010,1.998,-0.005,7.0
2481,0.496,0.500,0.000,-0.010,1.998,-0.005,7.0
2482,0.496,0.500,0.000,-0.010,1.998,-0.005,7.0
2483,0.496,0.500,0.000,-0.010,1.998,-0.005,7.0
2484,0.496,0.500,0.000,-0.010,1.998,-0.005,7.0
2485,0.496,0.500,0.000,-0.010,1.998,-0.005,7.0
2486,0.496,0.500,0.000,-0.010,1.998,-0.005,7.0
2487,0.496,0.500,0.000,-0.011,1.998,-0.005,7.0
2488,0.496,0.500,0.000,-0.011,1.998,-0.005,7.0
2489,0.496,0.500,0.000,-0.011,1.998,-0.005,7.0
2490,0.496,0.500,0.000,-0.011,1.998,-0.005,7.0
2491,0.496,0.500,0.000,-0.011,1.998,-0.005,7.0
2492,0.496,0.500,0.000,-0.011,1.998,-0.005,7.0
2493,0.496,0.500,0.000,-0.011,1.998,-0.005,7.0
2494,0.496,0.500,0.000,-0.011,1.998,-0.005,7.0
2495,0.496,0.500,0.000,-0.011,1.998,-0.005,7.0
2496,0.496,0.500,0.000,-0.011,1.998,-0.005,7.0
2497,0.496,0.500,0.000,-0.011,1.998,-0.005,7.0
2498,0.496,0.500,0.000,-0.011,1.998,-0.005,7.0
2499,0.496,0.500,0.000,-0.011,1.998,-0.005,7.0
2500,0.496,0.500,0.000,-0.011,1.998,-0.005,7.0
2501,0.496,0.500,0.000,-0.011,1.998,-0.005,7.0
2502,0.496,0.500,0.000,-0.011,1.998,-0.005,7.0
2503,0.496,0.500,0.000,-0.012,1.998,-0.005,7.0
2504,0.496,0.500,0.000,-0.012,1.998,-0.005,7.0
2505,0.496,0.500,0.000,-0.012,1.998,-0.005,7.0
2506,0.496,0.500,0.000,-0.012,1.998,-0.005,7.0
2507,0.496,0.500,0.000,-0.012,1.998,-0.005,7.0
2508,0.496,0.500,0.000,-0.012,1.998,-0.005,7.0
2509,0.496,0.500,0.000,-0.012,1.998,-0.005,7.0
2510,0.496,0.500,0.000,-0.012,1.998,-0.005,7.0
2511,0.496,0.500,0.000,-0.012,1.998,-0.005,7.0
2512,0.496,0.500,0.000,-0.012,1.998,-0.005,7.0
2513,0.496,0.500,0.000,-0.012,1.998,-0.005,7.0
2514,0.496,0.500,0.000,-0.012,1.998,-0.005,7.0
2515,0.496,0.500,0.000,-0.012,1.998,-0.005,7.0
2516,0.496,0.500,0.000,-0.012,1.998,-0.005,7.0
2517,0.496,0.500,0.000,-0.012,1.998,-0.005,7.0
2518,0.496,0.500,0.000,-0.012,1.998,-0.005,7.0
2519,0.496,0.500,0.000,-0.012,1.998,-0.005,7.0
2520,0.496,0.500,0.000,-0.013,1.998,-0.005,7.0
2521,0.496,0.500,0.000,-0.013,1.998,-0.005,7.0
2522,0.496,0.500,0.000,-0.013,1.998,-0.005,7.0
2523,0.496,0.500,0.000,-0.013,1.998,-0.005,7.0
2524,0.496,0.500,0.000,-0.013,1.998,-0.005,7.0
2525,0.496,0.500,0.000,-0.013,1.998,-0.005,7.0
2526,0.496,0.500,0.000,-0.013,1.998,-0.005,7.0
2527,0.496,0.500,0.000,-0.013,1.998,-0.005,7.0
2528,0.496,0.500,0.000,-0.013,1.998,-0.005,7.0
2529,0.496,0.500,0.000,-0.013,1.998,-0.005,7.0
2530,0.496,0.500,0.000,-0.013,1.998,-0.005,7.0
2531,0.496,0.500,0.000,-0.013,1.998,-0.005,7.0
2532,0.496,0.500,0.000,-0.013,1.998,-0.005,7.0
2533,0.496,0.500,0.000,-0.013,1.998,-0.005,7.0
2534,0.496,0.500,0.000,-0.013,1.998,-0.005,7.0
2535,0.496,0.500,0.000,-0.013,1.998,-0.005,7.0
2536,0.496,0.500,0.000,-0.014,1.998,-0.005,7.0
2537,0.496,0.500,0.000,-0.014,1.998,-0.005,7.0
2538,0.496,0.500,0.000,-0.014,1.998,-0.005,7.0
2539,0.496,0.500,0.000,-0.014,1.998,-0.005,7.0
2540,0.496,0.500,0.000,-0.014,1.998,-0.005,7.0
2541,0.496,0.500,0.000,-0.014,1.998,-0.005,7.0
2542,0.496,0.500,0.000,-0.014,1.998,-0.005,7.0
2543,0.496,0.500,0.000,-0.014,1.998,-0.005,7.0
2544,0.496,0.500,0.000,-0.014,1.998,-0.005,7.0
2545,0.496,0.500,0.000,-0.014,1.998,-0.005,7.0
2546,0.496,0.500,0.000,-0.014,1.998,-0.005,7.0
2547,0.496,0.500,0.000,-0.014,1.998,-0.005,7.0
2548,0.496,0.500,0.000,-0.014,1.998,-0.005,7.0
2549,0.496,0.500,0.000,-0.014,1.998,-0.005,7.0
2550,0.496,0.500,0.000,-0.014,1.998,-0.005,7.0
2551,0.496,0.500,0.000,-0.014,1.998,-0.005,7.0
2552,0.496,0.500,0.000,-0.014,1.998,-0.005,7.0
2553,0.496,0.500,0.000,-0.015,1.998,-0.005,7.0
2554,0.496,0.500,0.000,-0.015,1.998,-0.005,7.0
2555,0.496,0.500,0.000,-0.015,1.998,-0.005,7.0
2556,0.496,0.500,0.000,-0.015,1.998,-0.005,7.0
2557,0.496,0.500,0.000,-0.015,1.998,-0.005,7.0
2558,0.496,0.500,0.000,-0.015,1.998,-0.005,7.0
2559,0.496,0.500,0.000,-0.015,1.998,-0.005,7.0
2560,0.496,0.500,0.000,-0.015,1.998,-0.005,7.0
2561,0.496,0.500,0.000,-0.015,1.998,-0.005,7.0
2562,0.496,0.500,0.000,-0.015,1.998,-0.005,7.0
2563,0.496,0.500,0.000,-0.015,1.998,-0.005,7.0
2564,0.496,0.500,0.000,-0.015,1.998,-0.005,7.0
2565,0.496,0.500,0.000,-0.015,1.998,-0.005,7.0
2566,0.496,0.500,0.000,-0.015,1.998,-0.005,7.0
2567,0.496,0.500,0.000,-0.015,1.998,-0.005,7.0
2568,0.496,0.500,0.000,-0.015,1.998,-0.005,7.0
2569,0.496,0.500,0.000,-0.016,1.998,-0.005,7.0
2570,0.496,0.500,0.000,-0.016,1.998,-0.005,7.0
2571,0.496,0.500,0.000,-0.016,1.998,-0.005,7.0
2572,0.496,0.500,0.000,-0.016,1.998,-0.005,7.0
2573,0.496,0.500,0.000,-0.016,1.998,-0.005,7.0
2574,0.496,0.500,0.000,-0.016,1.998,-0.005,7.0
2575,0.496,0.500,0.000,-0.016,1.998,-0.005,7.0
2576,0.496,0.500,0.000,-0.016,1.998,-0.005,7.0
2577,0.496,0.500,0.000,-0.016,1.998,-0.005,7.0
2578,0.496,0.500,0.000,-0.016,1.998,-0.005,7.0
2579,0.496,0.500,0.000,-0.016,1.998,-0.005,7.0
2580,0.496,0.500,0.000,-0.016,1.998,-0.005,7.0
2581,0.496,0.500,0.000,-0.016,1.998,-0.005,7.0
2582,0.496,0.500,0.000,-0.016,1.998,-0.005,7.0
2583,0.496,0.500,0.000,-0.016,1.998,-0.005,7.0
2584,0.496,0.500,0.000,-0.016,1.998,-0.005,7.0
2585,0.496,0.500,0.000,-0.017,1.998,-0.005,7.0
2586,0.496,0.500,0.000,-0.017,1.998,-0.005,7.0
2587,0.496,0.500,0.000,-0.017,1.998,-0.005,7.0
2588,0.496,0.500,0.000,-0.017,1.998,-0.005,7.0
2589,0.496,0.500,0.000,-0.017,1.998,-0.005,7.0
2590,0.496,0.500,0.000,-0.017,1.998,-0.005,7.0
2591,0.496,0.500,0.000,-0.017,1.998,-0.005,7.0
2592,0.496,0.500,0.000,-0.017,1.998,-0.005,7.0
2593,0.496,0.500,0.000,-0.017,1.998,-0.005,7.0
2594,0.496,0.500,0.000,-0.017,1.998,-0.005,7.0
2595,0.496,0.500,0.000,-0.017,1.998,-0.005,7.0
2596,0.496,0.500,0.000,-0.017,1.998,-0.005,7.0
2597,0.496,0.500,0.000,-0.017,1.998,-0.005,7.0
2598,0.496,0.500,0.000,-0.017,1.998,-0.005,7.0
2599,0.496,0.500,0.000,-0.017,1.998,-0.005,7.0
2600,0.496,0.500,0.000,-0.017,1.998,-0.005,7.0
2601,0.496,0.500,0.000,-0.017,1.998,-0.005,7.0
2602,0.496,0.500,0.000,-0.018,1.998,-0.005,7.0
2603,0.496,0.500,0.000,-0.018,1.998,-0.005,7.0
2604,0.496,0.500,0.000,-0.018,1.998,-0.005,7.0
2605,0.496,0.500,0.000,-0.018,1.998,-0.005,7.0
2606,0.496,0.500,0.000,-0.018,1.998,-0.005,7.0
2607,0.496,0.500,0.000,-0.018,1.998,-0.005,7.0
2608,0.496,0.500,0.000,-0.018,1.998,-0.005,7.0
2609,0.496,0.500,0.000,-0.018,1.998,-0.005,7.0
2610,0.496,0.500,0.000,-0.018,1.998,-0.005,7.0
2611,0.496,0.500,0.000,-0.018,1.998,-0.005,7.0
2612,0.496,0.500,0.000,-0.018,1.998,-0.005,7.0
2613,0.496,0.500,0.000,-0.018,1.998,-0.005,7.0
2614,0.496,0.500,0.000,-0.018,1.998,-0.005,7.0
2615,0.496,0.500,0.000,-0.018,1.998,-0.005,7.0
2616,0.496,0.500,0.000,-0.018,1.998,-0.005,7.0
2617,0.496,0.500,0.000,-0.018,1.998,-0.005,7.0
2618,0.496,0.500,0.000,-0.019,1.998,-0.005,7.0
2619,0.496,0.500,0.000,-0.019,1.998,-0.005,7.0
2620,0.496,0.500,0.000,-0.019,1.998,-0.005,7.0
2621,0.496,0.500,0.000,-0.019,1.998,-0.005,7.0
2622,0.496,0.500,0.000,-0.019,1.998,-0.005,7.0
2623,0.496,0.500,0.000,-0.019,1.998,-0.005,7.0
2624,0.496,0.500,0.000,-0.019,1.998,-0.005,7.0
2625,0.496,0.500,0.000,-0.019,1.998,-0.005,7.0
2626,0.496,0.500,0.000,-0.019,1.998,-0.005,7.0
2627,0.496,0.500,0.000,-0.019,1.998,-0.005,7.0
2628,0.496,0.500,0.000,-0.019,1.998,-0.005,7.0
2629,0.496,0.500,0.000,-0.019,1.998,-0.005,7.0
2630,0.496,0.500,0.000,-0.019,1.998,-0.005,7.0
2631,0.496,0.500,0.000,-0.019,1.998,-0.005,7.0
2632,0.496,0.500,0.000,-0.019,1.998,-0.005,7.0
2633,0.496,0.500,0.000,-0.019,1.998,-0.005,7.0
2634,0.496,0.500,0.000,-0.019,1.998,-0.005,7.0
2635,0.496,0.500,0.000,-0.020,1.998,-0.005,7.0
2636,0.496,0.500,0.000,-0.020,1.998,-0.005,7.0
2637,0.496,0.500,0.000,-0.020,1.998,-0.005,7.0
2638,0.496,0.500,0.000,-0.020,1.998,-0.005,7.0
2639,0.496,0.500,0.000,-0.020,1.998,-0.005,7.0
2640,0.496,0.500,0.000,-0.020,1.998,-0.005,7.0
2641,0.496,0.500,0.000,-0.020,1.998,-0.005,7.0
2642,0.496,0.500,0.000,-0.020,1.998,-0.005,7.0
2643,0.496,0.500,0.000,-0.020,1.998,-0.005,7.0
2644,0.496,0.500,0.000,-0.020,1.998,-0.005,7.0
2645,0.496,0.500,0.000,-0.020,1.998,-0.005,7.0
2646,0.496,0.500,0.000,-0.020,1.998,-0.005,7.0
2647,0.496,0.500,0.000,-0.020,1.998,-0.005,7.0
2648,0.496,0.500,0.000,-0.020,1.998,-0.005,7.0
2649,0.496,0.500,0.000,-0.020,1.998,-0.005,7.0
2650,0.496,0.500,0.000,-0.020,1.998,-0.005,7.0
2651,0.496,0.500,0.000,-0.020,1.998,-0.005,7.0
2652,0.496,0.500,0.000,-0.021,1.998,-0.005,7.0
2653,0.496,0.500,0.000,-0.021,1.998,-0.005,7.0
2654,0.496,0.500,0.000,-0.021,1.998,-0.005,7.0
2655,0.496,0.500,0.000,-0.021,1.998,-0.005,7.0
2656,0.496,0.500,0.000,-0.021,1.998,-0.005,7.0
2657,0.496,0.500,0.000,-0.021,1.998,-0.005,7.0
2658,0.496,0.500,0.000,-0.021,1.998,-0.005,7.0
2659,0.496,0.500,0.000,-0.021,1.998,-0.005,7.0
2660,0.496,0.500,0.000,-0.021,1.998,-0.005,7.0
2661,0.496,0.500,0.000,-0.021,1.998,-0.005,7.0
2662,0.496,0.500,0.000,-0.021,1.998,-0.005,7.0
2663,0.496,0.500,0.000,-0.021,1.998,-0.005,7.0
2664,0.496,0.500,0.000,-0.021,1.998,-0.005,7.0
2665,0.496,0.500,0.000,-0.021,1.998,-0.005,7.0
2666,0.496,0.500,0.000,-0.021,1.998,-0.005,7.0
2667,0.496,0.500,0.000,-0.021,1.998,-0.005,7.0
2668,0.496,0.500,0.000,-0.022,1.998,-0.005,7.0
2669,0.496,0.500,0.000,-0.022,1.998,-0.005,7.0
2670,0.496,0.500,0.000,-0.022,1.998,-0.005,7.0
2671,0.496,0.500,0.000,-0.022,1.998,-0.005,7.0
2672,0.496,0.500,0.000,-0.022,1.998,-0.005,7.0
2673,0.496,0.500,0.000,-0.022,1.998,-0.005,7.0
2674,0.496,0.500,0.000,-0.022,1.998,-0.005,7.0
2675,0.496,0.500,0.000,-0.022,1.998,-0.005,7.0
2676,0.496,0.500,0.000,-0.022,1.998,-0.005,7.0
2677,0.496,0.500,0.000,-0.022,1.998,-0.005,7.0
2678,0.496,0.500,0.000,-0.022,1.998,-0.005,7.0
2679,0.496,0.500,0.000,-0.022,1.998,-0.005,7.0
2680,0.496,0.500,0.000,-0.022,1.998,-0.005,7.0
2681,0.496,0.500,0.000,-0.022,1.998,-0.005,7.0
2682,0.496,0.500,0.000,-0.022,1.998,-0.005,7.0
2683,0.496,0.500,0.000,-0.022,1.998,-0.005,7.0
2684,0.496,0.500,0.000,-0.022,1.998,-0.005,7.0
2685,0.496,0.500,0.000,-0.023,1.998,-0.005,7.0
2686,0.496,0.500,0.000,-0.023,1.998,-0.005,7.0
2687,0.496,0.500,0.000,-0.023,1.998,-0.005,7.0
2688,0.496,0.500,0.000,-0.023,1.998,-0.005,7.0
2689,0.496,0.500,0.000,-0.023,1.998,-0.005,7.0
2690,0.496,0.500,0.000,-0.023,1.998,-0.005,7.0
2691,0.496,0.500,0.000,-0.023,1.998,-0.005,7.0
2692,0.496,0.500,0.000,-0.023,1.998,-0.005,7.0
2693,0.496,0.500,0.000,-0.023,1.998,-0.005,7.0
2694,0.496,0.500,0.000,-0.023,1.998,-0.005,7.0
2695,0.496,0.500,0.000,-0.023,1.998,-0.005,7.0
2696,0.496,0.500,0.000,-0.023,1.998,-0.005,7.0
2697,0.496,0.500,0.000,-0.023,1.998,-0.005,7.0
2698,0.496,0.500,0.000,-0.023,1.998,-0.005,7.0
2699,0.496,0.500,0.000,-0.023,1.998,-0.005,7.0
2700,0.496,0.500,0.000,-0.023,1.998,-0.005,7.0
2701,0.496,0.500,0.000,-0.024,1.998,-0.005,7.0
2702,0.496,0.500,0.000,-0.024,1.998,-0.005,7.0
2703,0.496,0.500,0.000,-0.024,1.998,-0.005,7.0
2704,0.496,0.500,0.000,-0.024,1.998,-0.005,7.0
2705,0.496,0.500,0.000,-0.024,1.998,-0.005,7.0
2706,0.496,0.500,0.000,-0.024,1.998,-0.005,7.0
2707,0.496,0.500,0.000,-0.024,1.998,-0.005,7.0
2708,0.496,0.500,0.000,-0.024,1.998,-0.005,7.0
2709,0.496,0.500,0.000,-0.024,1.998,-0.005,7.0
2710,0.496,0.500,0.000,-0.024,1.998,-0.005,7.0
2711,0.496,0.500,0.000,-0.024,1.998,-0.005,7.0
2712,0.496,0.500,0.000,-0.024,1.998,-0.005,7.0
2713,0.496,0.500,0.000,-0.024,1.998,-0.005,7.0
2714,0.496,0.500,0.000,-0.024,1.998,-0.005,7.0
2715,0.496,0.500,0.000,-0.024,1.998,-0.005,7.0
2716,0.496,0.500,0.000,-0.024,1.998,-0.005,7.0
2717,0.496,0.500,0.000,-0.024,1.998,-0.005,7.0
2718,0.496,0.500,0.000,-0.025,1.998,-0.005,7.0
2719,0.496,0.500,0.000,-0.025,1.998,-0.005,7.0
2720,0.496,0.500,0.000,-0.025,1.998,-0.005,7.0
2721,0.496,0.500,0.000,-0.025,1.998,-0.005,7.0
2722,0.496,0.500,0.000,-0.025,1.998,-0.005,7.0
2723,0.496,0.500,0.000,-0.025,1.998,-0.005,7.0
2724,0.496,0.500,0.000,-0.025,1.998,-0.005,7.0
2725,0.496,0.500,0.000,-0.025,1.998,-0.005,7.0
2726,0.496,0.500,0.000,-0.025,1.998,-0.005,7.0
2727,0.496,0.500,0.000,-0.025,1.998,-0.005,7.0
2728,0.496,0.500,0.000,-0.025,1.998,-0.005,7.0
2729,0.496,0.500,0.000,-0.025,1.998,-0.005,7.0
2730,0.496,0.500,0.000,-0.025,1.998,-0.005,7.0
2731,0.496,0.500,0.000,-0.025,1.998,-0.005,7.0
2732,0.496,0.500,0.000,-0.025,1.998,-0.005,7.0
2733,0.496,0.500,0.000,-0.025,1.998,-0.005,7.0
2734,0.496,0.500,0.000,-0.025,1.998,-0.005,7.0
2735,0.496,0.500,0.000,-0.026,1.998,-0.005,7.0
2736,0.496,0.500,0.000,-0.026,1.998,-0.005,7.0
2737,0.496,0.500,0.000,-0.026,1.998,-0.005,7.0
2738,0.496,0.500,0.000,-0.026,1.998,-0.005,7.0
2739,0.496,0.500,0.000,-0.026,1.998,-0.005,7.0
2740,0.496,0.500,0.000,-0.026,1.998,-0.005,7.0
2741,0.496,0.500,0.000,-0.026,1.998,-0.005,7.0
2742,0.496,0.500,0.000,-0.026,1.998,-0.005,7.0
2743,0.496,0.500,0.000,-0.026,1.998,-0.005,7.0
2744,0.496,0.500,0.000,-0.026,1.998,-0.005,7.0
2745,0.496,0.500,0.000,-0.026,1.998,-0.005,7.0
2746,0.496,0.500,0.000,-0.026,1.998,-0.005,7.0
2747,0.496,0.500,0.000,-0.026,1.998,-0.005,7.0
2748,0.496,0.500,0.000,-0.026,1.998,-0.005,7.0
2749,0.496,0.500,0.000,-0.026,1.998,-0.005,7.0
2750,0.496,0.500,0.000,-0.026,1.998,-0.005,7.0
2751,0.496,0.500,0.000,-0.026,1.998,-0.005,7.0
2752,0.496,0.500,0.000,-0.027,1.998,-0.005,7.0
2753,0.496,0.500,0.000,-0.027,1.998,-0.005,7.0
2754,0.496,0.500,0.000,-0.027,1.998,-0.005,7.0
2755,0.496,0.500,0.000,-0.027,1.998,-0.005,7.0
2756,0.496,0.500,0.000,-0.027,1.998,-0.005,7.0
2757,0.496,0.500,0.000,-0.027,1.998,-0.005,7.0
2758,0.496,0.500,0.000,-0.027,1.998,-0.005,7.0
2759,0.496,0.500,0.000,-0.027,1.998,-0.005,7.0
2760,0.496,0.500,0.000,-0.027,1.998,-0.005,7.0
2761,0.496,0.500,0.000,-0.027,1.998,-0.005,7.0
2762,0.496,0.500,0.000,-0.027,1.998,-0.005,7.0
2763,0.496,0.500,0.000,-0.027,1.998,-0.005,7.0
2764,0.496,0.500,0.000,-0.027,1.998,-0.005,7.0
2765,0.496,0.500,0.000,-0.027,1.998,-0.005,7.0
2766,0.496,0.500,0.000,-0.027,1.998,-0.005,7.0
2767,0.496,0.500,0.000,-0.027,1.998,-0.005,7.0
2768,0.496,0.500,0.000,-0.028,1.998,-0.005,7.0
2769,0.496,0.500,0.000,-0.028,1.998,-0.005,7.0
2770,0.496,0.500,0.000,-0.028,1.998,-0.005,7.0
2771,0.496,0.500,0.000,-0.028,1.998,-0.005,7.0
2772,0.496,0.500,0.000,-0.028,1.998,-0.005,7.0
2773,0.496,0.500,0.000,-0.028,1.998,-0.005,7.0
2774,0.496,0.500,0.000,-0.028,1.998,-0.005,7.0
2775,0.496,0.500,0.000,-0.028,1.998,-0.005,7.0
2776,0.496,0.500,0.000,-0.028,1.998,-0.005,7.0
2777,0.496,0.500,0.000,-0.028,1.998,-0.005,7.0
2778,0.496,0.500,0.000,-0.028,1.998,-0.005,7.0
2779,0.496,0.500,0.000,-0.028,1.998,-0.005,7.0
2780,0.496,0.500,0.000,-0.028,1.998,-0.005,7.0
2781,0.496,0.500,0.000,-0.028,1.998,-0.005,7.0
2782,0.496,0.500,0.000,-0.028,1.998,-0.005,7.0
2783,0.496,0.500,0.000,-0.028,1.998,-0.005,7.0
2784,0.496,0.500,0.000,-0.028,1.998,-0.005,7.0
2785,0.496,0.500,0.000,-0.029,1.998,-0.005,7.0
2786,0.496,0.500,0.000,-0.029,1.998,-0.005,7.0
2787,0.496,0.500,0.000,-0.029,1.998,-0.005,7.0
2788,0.496,0.500,0.000,-0.029,1.998,-0.005,7.0
2789,0.496,0.500,0.000,-0.029,1.998,-0.005,7.0
2790,0.496,0.500,0.000,-0.029,1.998,-0.005,7.0
2791,0.496,0.500,0.000,-0.029,1.998,-0.005,7.0
2792,0.496,0.500,0.000,-0.029,1.998,-0.005,7.0
2793,0.496,0.500,0.000,-0.029,1.998,-0.005,7.0
2794,0.496,0.500,0.000,-0.029,1.998,-0.005,7.0
2795,0.496,0.500,0.000,-0.029,1.998,-0.005,7.0
2796,0.496,0.500,0.000,-0.029,1.998,-0.005,7.0
2797,0.496,0.500,0.000,-0.029,1.998,-0.005,7.0
2798,0.496,0.500,0.000,-0.029,1.998,-0.005,7.0
2799,0.496,0.500,0.000,-0.029,1.998,-0.005,7.0
2800,0.496,0.500,0.000,-0.029,1.998,-0.005,7.0
2801,0.496,0.500,0.000,-0.029,1.998,-0.005,7.0
2802,0.496,0.500,0.000,-0.030,1.998,-0.005,7.0
2803,0.496,0.500,0.000,-0.030,1.998,-0.005,7.0
2804,0.496,0.500,0.000,-0.030,1.998,-0.005,7.0
2805,0.496,0.500,0.000,-0.030,1.998,-0.005,7.0
2806,0.496,0.500,0.000,-0.030,1.998,-0.005,7.0
2807,0.496,0.500,0.000,-0.030,1.998,-0.005,7.0
2808,0.496,0.500,0.000,-0.030,1.998,-0.005,7.0
2809,0.496,0.500,0.000,-0.030,1.998,-0.005,7.0
2810,0.496,0.500,0.000,-0.030,1.998,-0.005,7.0
2811,0.496,0.500,0.000,-0.030,1.998,-0.005,7.0
2812,0.496,0.500,0.000,-0.030,1.998,-0.005,7.0
2813,0.496,0.500,0.000,-0.030,1.998,-0.005,7.0
2814,0.496,0.500,0.000,-0.030,1.998,-0.005,7.0
2815,0.496,0.500,0.000,-0.030,1.998,-0.005,7.0
2816,0.496,0.500,0.000,-0.030,1.998,-0.005,7.0
2817,0.496,0.500,0.000,-0.030,1.998,-0.005,7.0
2818,0.496,0.500,0.000,-0.030,1.998,-0.005,7.0
2819,0.496,0.500,0.000,-0.031,1.998,-0.005,7.0
2820,0.496,0.500,0.000,-0.031,1.998,-0.005,7.0
2821,0.496,0.500,0.000,-0.031,1.998,-0.005,7.0
2822,0.496,0.500,0.000,-0.031,1.998,-0.005,7.0
2823,0.496,0.500,0.000,-0.031,1.998,-0.005,7.0
2824,0.496,0.500,0.000,-0.031,1.998,-0.005,7.0
2825,0.496,0.500,0.000,-0.031,1.998,-0.005,7.0
2826,0.496,0.500,0.000,-0.031,1.998,-0.005,7.0
2827,0.496,0.500,0.000,-0.031,1.998,-0.005,7.0
2828,0.496,0.500,0.000,-0.031,1.998,-0.005,7.0
2829,0.496,0.500,0.000,-0.031,1.998,-0.005,7.0
2830,0.496,0.500,0.000,-0.031,1.998,-0.005,7.0
2831,0.496,0.500,0.000,-0.031,1.998,-0.005,7.0
2832,0.496,0.500,0.000,-0.031,1.998,-0.004,7.0
2833,0.496,0.500,0.000,-0.031,1.998,-0.004,7.0
2834,0.496,0.500,0.000,-0.031,1.998,-0.004,7.0
2835,0.496,0.500,0.000,-0.031,1.998,-0.004,7.0
2836,0.496,0.500,0.000,-0.032,1.998,-0.004,7.0
2837,0.496,0.500,0.000,-0.032,1.998,-0.004,7.0
2838,0.496,0.500,0.000,-0.032,1.998,-0.004,7.0
2839,0.496,0.500,0.000,-0.032,1.998,-0.004,7.0
2840,0.496,0.500,0.000,-0.032,1.998,-0.004,7.0
2841,0.496,0.500,0.000,-0.032,1.998,-0.004,7.0
2842,0.496,0.500,0.000,-0.032,1.998,-0.004,7.0
2843,0.496,0.500,0.000,-0.032,1.998,-0.004,7.0
2844,0.496,0.500,0.000,-0.032,1.998,-0.004,7.0
2845,0.496,0.500,0.000,-0.032,1.998,-0.004,7.0
2846,0.496,0.500,0.000,-0.032,1.998,-0.004,7.0
2847,0.496,0.500,0.000,-0.032,1.998,-0.004,7.0
2848,0.496,0.500,0.000,-0.032,1.998,-0.004,7.0
2849,0.496,0.500,0.000,-0.032,1.998,-0.004,7.0
2850,0.496,0.500,0.000,-0.032,1.998,-0.004,7.0
2851,0.496,0.500,0.000,-0.032,1.998,-0.004,7.0
2852,0.496,0.500,0.000,-0.032,1.998,-0.004,7.0
2853,0.496,0.500,0.000,-0.033,1.998,-0.004,7.0
2854,0.496,0.500,0.000,-0.033,1.998,-0.004,7.0
2855,0.496,0.500,0.000,-0.033,1.998,-0.004,7.0
2856,0.496,0.500,0.000,-0.033,1.998,-0.004,7.0
2857,0.496,0.500,0.000,-0.033,1.998,-0.004,7.0
2858,0.496,0.500,0.000,-0.033,1.998,-0.004,7.0
2859,0.496,0.500,0.000,-0.033,1.998,-0.004,7.0
2860,0.496,0.500,0.000,-0.033,1.998,-0.004,7.0
2861,0.496,0.500,0.000,-0.033,1.998,-0.004,7.0
2862,0.496,0.500,0.000,-0.033,1.998,-0.004,7.0
2863,0.496,0.500,0.000,-0.033,1.998,-0.004,7.0
2864,0.496,0.500,0.000,-0.033,1.998,-0.004,7.0
2865,0.496,0.500,0.000,-0.033,1.998,-0.004,7.0
2866,0.496,0.500,0.000,-0.033,1.998,-0.004,7.0
2867,0.496,0.500,0.000,-0.033,1.998,-0.004,7.0
2868,0.496,0.500,0.000,-0.033,1.998,-0.004,7.0
2869,0.496,0.500,0.000,-0.033,1.998,-0.004,7.0
2870,0.496,0.500,0.000,-0.034,1.998,-0.004,7.0
2871,0.496,0.500,0.000,-0.034,1.998,-0.004,7.0
2872,0.496,0.500,0.000,-0.034,1.998,-0.004,7.0
2873,0.496,0.500,0.000,-0.034,1.998,-0.004,7.0
2874,0.496,0.500,0.000,-0.034,1.998,-0.004,7.0
2875,0.496,0.500,0.000,-0.034,1.998,-0.004,7.0
2876,0.496,0.500,0.000,-0.034,1.998,-0.004,7.0
2877,0.496,0.500,0.000,-0.034,1.998,-0.004,7.0
2878,0.496,0.500,0.000,-0.034,1.998,-0.004,7.0
2879,0.496,0.500,0.000,-0.034,1.998,-0.004,7.0
2880,0.496,0.500,0.000,-0.034,1.998,-0.004,7.0
2881,0.496,0.500,0.000,-0.034,1.998,-0.004,7.0
2882,0.496,0.500,0.000,-0.034,1.998,-0.004,7.0
2883,0.496,0.500,0.000,-0.034,1.998,-0.004,7.0
2884,0.496,0.500,0.000,-0.034,1.998,-0.004,7.0
2885,0.496,0.500,0.000,-0.034,1.998,-0.004,7.0
2886,0.496,0.500,0.000,-0.034,1.998,-0.004,7.0
2887,0.496,0.500,0.000,-0.035,1.998,-0.004,7.0
2888,0.496,0.500,0.000,-0.035,1.998,-0.004,7.0
2889,0.496,0.500,0.000,-0.035,1.998,-0.004,7.0
2890,0.496,0.500,0.000,-0.035,1.998,-0.004,7.0
2891,0.496,0.500,0.000,-0.035,1.998,-0.004,7.0
2892,0.496,0.500,0.000,-0.035,1.998,-0.004,7.0
2893,0.496,0.500,0.000,-0.035,1.998,-0.004,7.0
2894,0.496,0.500,0.000,-0.035,1.998,-0.004,7.0
2895,0.496,0.500,0.000,-0.035,1.998,-0.004,7.0
2896,0.496,0.500,0.000,-0.035,1.998,-0.004,7.0
2897,0.496,0.500,0.000,-0.035,1.998,-0.004,7.0
2898,0.496,0.500,0.000,-0.035,1.998,-0.004,7.0
2899,0.496,0.500,0.000,-0.035,1.998,-0.004,7.0
2900,0.496,0.500,0.000,-0.035,1.998,-0.004,7.0
2901,0.496,0.500,0.000,-0.035,1.998,-0.004,7.0
2902,0.496,0.500,0.000,-0.035,1.998,-0.004,7.0
2903,0.496,0.500,0.000,-0.035,1.998,-0.004,7.0
2904,0.496,0.500,0.000,-0.036,1.998,-0.004,7.0
2905,0.496,0.500,0.000,-0.036,1.998,-0.004,7.0
2906,0.496,0.500,0.000,-0.036,1.998,-0.004,7.0
2907,0.496,0.500,0.000,-0.036,1.998,-0.004,7.0
2908,0.496,0.500,0.000,-0.036,1.998,-0.004,7.0
2909,0.496,0.500,0.000,-0.036,1.998,-0.004,7.0
2910,0.496,0.500,0.000,-0.036,1.998,-0.004,7.0
2911,0.496,0.500,0.000,-0.036,1.998,-0.004,7.0
2912,0.496,0.500,0.000,-0.036,1.998,-0.004,7.0
2913,0.496,0.500,0.000,-0.036,1.998,-0.004,7.0
2914,0.496,0.500,0.000,-0.036,1.998,-0.004,7.0
2915,0.496,0.500,0.000,-0.036,1.998,-0.004,7.0
2916,0.496,0.500,0.000,-0.036,1.998,-0.004,7.0
2917,0.496,0.500,0.000,-0.036,1.998,-0.004,7.0
2918,0.496,0.500,0.000,-0.036,1.998,-0.004,7.0
2919,0.496,0.500,0.000,-0.036,1.998,-0.004,7.0
2920,0.496,0.500,0.000,-0.036,1.998,-0.004,7.0
2921,0.496,0.500,0.000,-0.037,1.998,-0.004,7.0
2922,0.496,0.500,0.000,-0.037,1.998,-0.004,7.0
2923,0.496,0.500,0.000,-0.037,1.998,-0.004,7.0
2924,0.496,0.500,0.000,-0.037,1.998,-0.004,7.0
2925,0.496,0.500,0.000,-0.037,1.998,-0.004,7.0
2926,0.496,0.500,0.000,-0.037,1.998,-0.004,7.0
2927,0.496,0.500,0.000,-0.037,1.998,-0.004,7.0
2928,0.496,0.500,0.000,-0.037,1.998,-0.004,7.0
2929,0.496,0.500,0.000,-0.037,1.998,-0.004,7.0
2930,0.496,0.500,0.000,-0.037,1.998,-0.004,7.0
2931,0.496,0.500,0.000,-0.037,1.998,-0.004,7.0
2932,0.496,0.500,0.000,-0.037,1.998,-0.004,7.0
2933,0.496,0.500,0.000,-0.037,1.998,-0.004,7.0
2934,0.496,0.500,0.000,-0.037,1.998,-0.004,7.0
2935,0.496,0.500,0.000,-0.037,1.998,-0.004,7.0
2936,0.496,0.500,0.000,-0.037,1.998,-0.004,7.0
2937,0.496,0.500,0.000,-0.037,1.998,-0.004,7.0
2938,0.496,0.500,0.000,-0.038,1.998,-0.004,7.0
2939,0.496,0.500,0.000,-0.038,1.998,-0.004,7.0
2940,0.496,0.500,0.000,-0.038,1.998,-0.004,7.0
2941,0.496,0.500,0.000,-0.038,1.998,-0.004,7.0
2942,0.496,0.500,0.000,-0.038,1.998,-0.004,7.0
2943,0.496,0.500,0.000,-0.038,1.998,-0.004,7.0
2944,0.496,0.500,0.000,-0.038,1.998,-0.004,7.0
2945,0.496,0.500,0.000,-0.038,1.998,-0.004,7.0
2946,0.496,0.500,0.000,-0.038,1.998,-0.004,7.0
2947,0.496,0.500,0.000,-0.038,1.998,-0.004,7.0
2948,0.496,0.500,0.000,-0.038,1.998,-0.004,7.0
2949,0.496,0.500,0.000,-0.038,1.998,-0.004,7.0
2950,0.496,0.500,0.000,-0.038,1.998,-0.004,7.0
2951,0.496,0.500,0.000,-0.038,1.998,-0.004,7.0
2952,0.496,0.500,0.000,-0.038,1.998,-0.004,7.0
2953,0.496,0.500,0.000,-0.038,1.998,-0.004,7.0
2954,0.496,0.500,0.000,-0.038,1.998,-0.004,7.0
2955,0.496,0.500,0.000,-0.039,1.998,-0.004,7.0
2956,0.496,0.500,0.000,-0.039,1.998,-0.004,7.0
2957,0.496,0.500,0.000,-0.039,1.998,-0.004,7.0
2958,0.496,0.500,0.000,-0.039,1.998,-0.004,7.0
2959,0.496,0.500,0.000,-0.039,1.998,-0.004,7.0
2960,0.496,0.500,0.000,-0.039,1.998,-0.004,7.0
2961,0.496,0.500,0.000,-0.039,1.998,-0.004,7.0
2962,0.496,0.500,0.000,-0.039,1.998,-0.004,7.0
2963,0.496,0.500,0.000,-0.039,1.998,-0.004,7.0
2964,0.496,0.500,0.000,-0.039,1.998,-0.004,7.0
2965,0.496,0.500,0.000,-0.039,1.998,-0.004,7.0
2966,0.496,0.500,0.000,-0.039,1.998,-0.004,7.0
2967,0.496,0.500,0.000,-0.039,1.998,-0.004,7.0
2968,0.496,0.500,0.000,-0.039,1.998,-0.004,7.0
2969,0.496,0.500,0.000,-0.039,1.998,-0.004,7.0
2970,0.496,0.500,0.000,-0.039,1.998,-0.004,7.0
2971,0.496,0.500,0.000,-0.039,1.998,-0.004,7.0
2972,0.496,0.500,0.000,-0.040,1.998,-0.004,7.0
2973,0.496,0.500,0.000,-0.040,1.998,-0.004,7.0
2974,0.496,0.500,0.000,-0.040,1.998,-0.004,7.0
2975,0.496,0.500,0.000,-0.040,1.998,-0.004,7.0
2976,0.496,0.500,0.000,-0.040,1.998,-0.004,7.0
2977,0.496,0.500,0.000,-0.040,1.998,-0.004,7.0
2978,0.496,0.500,0.000,-0.040,1.998,-0.004,7.0
2979,0.496,0.500,0.000,-0.040,1.998,-0.004,7.0
2980,0.496,0.500,0.000,-0.040,1.998,-0.004,7.0
2981,0.496,0.500,0.000,-0.040,1.998,-0.004,7.0
2982,0.496,0.500,0.000,-0.040,1.998,-0.004,7.0
2983,0.496,0.500,0.000,-0.040,1.998,-0.004,7.0
2984,0.496,0.500,0.000,-0.040,1.998,-0.004,7.0
2985,0.496,0.500,0.000,-0.040,1.998,-0.004,7.0
2986,0.496,0.500,0.000,-0.040,1.998,-0.004,7.0
2987,0.496,0.500,0.000,-0.040,1.998,-0.004,7.0
2988,0.496,0.500,0.000,-0.040,1.998,-0.004,7.0
2989,0.496,0.500,0.000,-0.040,1.998,-0.004,7.0
2990,0.496,0.500,0.000,-0.041,1.998,-0.004,7.0
2991,0.496,0.500,0.000,-0.041,1.998,-0.004,7.0
2992,0.496,0.500,0.000,-0.041,1.998,-0.004,7.0
2993,0.496,0.500,0.000,-0.041,1.998,-0.004,7.0
2994,0.496,0.500,0.000,-0.041,1.998,-0.004,7.0
2995,0.496,0.500,0.000,-0.041,1.998,-0.004,7.0
2996,0.496,0.500,0.000,-0.041,1.998,-0.004,7.0
2997,0.496,0.500,0.000,-0.041,1.998,-0.004,7.0
2998,0.496,0.500,0.000,-0.041,1.998,-0.004,7.0
2999,0.496,0.500,0.000,-0.041,1.998,-0.004,7.0
3000,0.496,0.500,0.000,-0.041,1.998,-0.004,7.0
3001,0.496,0.500,0.000,-0.041,1.998,-0.004,7.0
3002,0.496,0.500,0.000,-0.041,1.998,-0.004,7.0
3003,0.496,0.500,0.000,-0.041,1.998,-0.004,7.0
3004,0.496,0.500,0.000,-0.041,1.998,-0.004,7.0
3005,0.496,0.500,0.000,-0.041,1.998,-0.004,7.0
3006,0.496,0.500,0.000,-0.041,1.998,-0.004,7.0
3007,0.496,0.500,0.000,-0.042,1.998,-0.004,7.0
3008,0.496,0.500,0.000,-0.042,1.998,-0.004,7.0
3009,0.496,0.500,0.000,-0.042,1.998,-0.004,7.0
3010,0.496,0.500,0.000,-0.042,1.998,-0.004,7.0
3011,0.496,0.500,0.000,-0.042,1.998,-0.004,7.0
3012,0.496,0.500,0.000,-0.042,1.998,-0.004,7.0
3013,0.496,0.500,0.000,-0.042,1.998,-0.004,7.0
3014,0.496,0.500,0.000,-0.042,1.998,-0.004,7.0
3015,0.496,0.500,0.000,-0.042,1.998,-0.004,7.0
3016,0.496,0.500,0.000,-0.042,1.998,-0.004,7.0
3017,0.496,0.500,0.000,-0.042,1.998,-0.004,7.0
3018,0.496,0.500,0.000,-0.042,1.998,-0.004,7.0
3019,0.496,0.500,0.000,-0.042,1.998,-0.004,7.0
3020,0.496,0.500,0.000,-0.042,1.998,-0.004,7.0
3021,0.496,0.500,0.000,-0.042,1.998,-0.004,7.0
3022,0.496,0.500,0.000,-0.042,1.998,-0.004,7.0
3023,0.496,0.500,0.000,-0.042,1.998,-0.004,7.0
3024,0.496,0.500,0.000,-0.043,1.998,-0.004,7.0
3025,0.496,0.500,0.000,-0.043,1.998,-0.004,7.0
3026,0.496,0.500,0.000,-0.043,1.998,-0.004,7.0
3027,0.496,0.500,0.000,-0.043,1.998,-0.004,7.0
3028,0.496,0.500,0.000,-0.043,1.998,-0.004,7.0
3029,0.496,0.500,0.000,-0.043,1.998,-0.004,7.0
3030,0.496,0.500,0.000,-0.043,1.998,-0.004,7.0
3031,0.496,0.500,0.000,-0.043,1.998,-0.004,7.0
3032,0.496,0.500,0.000,-0.043,1.998,-0.004,7.0
3033,0.496,0.500,0.000,-0.043,1.998,-0.004,7.0
3034,0.496,0.500,0.000,-0.043,1.998,-0.004,7.0
3035,0.496,0.500,0.000,-0.043,1.998,-0.004,7.0
3036,0.496,0.500,0.000,-0.043,1.998,-0.004,7.0
3037,0.496,0.500,0.000,-0.043,1.998,-0.004,7.0
3038,0.496,0.500,0.000,-0.043,1.998,-0.004,7.0
3039,0.496,0.500,0.000,-0.043,1.998,-0.004,7.0
3040,0.496,0.500,0.000,-0.043,1.998,-0.004,7.0
3041,0.496,0.500,0.000,-0.043,1.998,-0.004,7.0
3042,0.496,0.500,0.000,-0.044,1.998,-0.004,7.0
3043,0.496,0.500,0.000,-0.044,1.998,-0.004,7.0
3044,0.496,0.500,0.000,-0.044,1.998,-0.004,7.0
3045,0.496,0.500,0.000,-0.044,1.998,-0.004,7.0
3046,0.496,0.500,0.000,-0.044,1.998,-0.004,7.0
3047,0.496,0.500,0.000,-0.044,1.998,-0.004,7.0
3048,0.496,0.500,0.000,-0.044,1.998,-0.004,7.0
3049,0.496,0.500,0.000,-0.044,1.998,-0.004,7.0
3050,0.496,0.500,0.000,-0.044,1.998,-0.004,7.0
3051,0.496,0.500,0.000,-0.044,1.998,-0.004,7.0
3052,0.496,0.500,0.000,-0.044,1.998,-0.004,7.0
3053,0.496,0.500,0.000,-0.044,1.998,-0.004,7.0
3054,0.496,0.500,0.000,-0.044,1.998,-0.004,7.0
3055,0.496,0.500,0.000,-0.044,1.998,-0.004,7.0
3056,0.496,0.500,0.000,-0.044,1.998,-0.004,7.0
3057,0.496,0.500,0.000,-0.044,1.998,-0.004,7.0
3058,0.496,0.500,0.000,-0.044,1.998,-0.004,7.0
3059,0.496,0.500,0.000,-0.045,1.998,-0.004,7.0
3060,0.496,0.500,0.000,-0.045,1.998,-0.004,7.0
3061,0.496,0.500,0.000,-0.045,1.998,-0.004,7.0
3062,0.496,0.500,0.000,-0.045,1.998,-0.004,7.0
3063,0.496,0.500,0.000,-0.045,1.998,-0.004,7.0
3064,0.496,0.500,0.000,-0.045,1.998,-0.004,7.0
3065,0.496,0.500,0.000,-0.045,1.998,-0.004,7.0
3066,0.496,0.500,0.000,-0.045,1.998,-0.004,7.0
3067,0.496,0.500,0.000,-0.045,1.998,-0.004,7.0
3068,0.496,0.500,0.000,-0.045,1.998,-0.004,7.0
3069,0.496,0.500,0.000,-0.045,1.998,-0.004,7.0
3070,0.496,0.500,0.000,-0.045,1.998,-0.004,7.0
3071,0.496,0.500,0.000,-0.045,1.998,-0.004,7.0
3072,0.496,0.500,0.000,-0.045,1.998,-0.004,7.0
3073,0.496,0.500,0.000,-0.045,1.998,-0.004,7.0
3074,0.496,0.500,0.000,-0.045,1.998,-0.004,7.0
3075,0.496,0.500,0.000,-0.045,1.998,-0.004,7.0
3076,0.496,0.500,0.000,-0.046,1.998,-0.004,7.0
3077,0.496,0.500,0.000,-0.046,1.998,-0.004,7.0
3078,0.496,0.500,0.000,-0.046,1.998,-0.004,7.0
3079,0.496,0.500,0.000,-0.046,1.998,-0.004,7.0
3080,0.496,0.500,0.000,-0.046,1.998,-0.004,7.0
3081,0.496,0.500,0.000,-0.046,1.998,-0.004,7.0
3082,0.496,0.500,0.000,-0.046,1.998,-0.004,7.0
3083,0.496,0.500,0.000,-0.046,1.998,-0.004,7.0
3084,0.496,0.500,0.000,-0.046,1.998,-0.004,7.0
3085,0.496,0.500,0.000,-0.046,1.998,-0.004,7.0
3086,0.496,0.500,0.000,-0.046,1.998,-0.004,7.0
3087,0.496,0.500,0.000,-0.046,1.998,-0.004,7.0
3088,0.496,0.500,0.000,-0.046,1.998,-0.004,7.0
3089,0.496,0.500,0.000,-0.046,1.998,-0.004,7.0
3090,0.496,0.500,0.000,-0.046,1.998,-0.004,7.0
3091,0.496,0.500,0.000,-0.046,1.998,-0.004,7.0
3092,0.496,0.500,0.000,-0.046,1.998,-0.004,7.0
3093,0.496,0.500,0.000,-0.046,1.998,-0.004,7.0
3094,0.496,0.500,0.000,-0.047,1.998,-0.004,7.0
3095,0.496,0.500,0.000,-0.047,1.998,-0.004,7.0
3096,0.496,0.500,0.000,-0.047,1.998,-0.004,7.0
3097,0.496,0.500,0.000,-0.047,1.998,-0.004,7.0
3098,0.496,0.500,0.000,-0.047,1.998,-0.004,7.0
3099,0.496,0.500,0.000,-0.047,1.998,-0.004,7.0
3100,0.496,0.500,0.000,-0.047,1.998,-0.004,7.0
3101,0.496,0.500,0.000,-0.047,1.998,-0.004,7.0
3102,0.496,0.500,0.000,-0.047,1.998,-0.004,7.0
3103,0.496,0.500,0.000,-0.047,1.998,-0.004,7.0
3104,0.496,0.500,0.000,-0.047,1.998,-0.004,7.0
3105,0.496,0.500,0.000,-0.047,1.998,-0.004,7.0
3106,0.496,0.500,0.000,-0.047,1.998,-0.004,7.0
3107,0.496,0.500,0.000,-0.047,1.998,-0.004,7.0
3108,0.496,0.500,0.000,-0.047,1.998,-0.004,7.0
3109,0.496,0.500,0.000,-0.047,1.998,-0.004,7.0
3110,0.496,0.500,0.000,-0.047,1.998,-0.004,7.0
3111,0.496,0.500,0.000,-0.048,1.998,-0.004,7.0
3112,0.496,0.500,0.000,-0.048,1.998,-0.004,7.0
3113,0.496,0.500,0.000,-0.048,1.998,-0.004,7.0
3114,0.496,0.500,0.000,-0.048,1.998,-0.004,7.0
3115,0.496,0.500,0.000,-0.048,1.998,-0.004,7.0
3116,0.496,0.500,0.000,-0.048,1.998,-0.004,7.0
3117,0.496,0.500,0.000,-0.048,1.998,-0.004,7.0
3118,0.496,0.500,0.000,-0.048,1.998,-0.004,7.0
3119,0.496,0.500,0.000,-0.048,1.998,-0.004,7.0
3120,0.496,0.500,0.000,-0.048,1.998,-0.004,7.0
3121,0.496,0.500,0.000,-0.048,1.998,-0.004,7.0
3122,0.496,0.500,0.000,-0.048,1.998,-0.004,7.0
3123,0.496,0.500,0.000,-0.048,1.998,-0.004,7.0
3124,0.496,0.500,0.000,-0.048,1.998,-0.004,7.0
3125,0.496,0.500,0.000,-0.048,1.998,-0.004,7.0
3126,0.496,0.500,0.000,-0.048,1.998,-0.004,7.0
3127,0.496,0.500,0.000,-0.048,1.998,-0.004,7.0
3128,0.496,0.500,0.000,-0.048,1.998,-0.004,7.0
3129,0.496,0.500,0.000,-0.049,1.998,-0.004,7.0
3130,0.496,0.500,0.000,-0.049,1.998,-0.004,7.0
3131,0.496,0.500,0.000,-0.049,1.998,-0.004,7.0
3132,0.496,0.500,0.000,-0.049,1.998,-0.004,7.0
3133,0.496,0.500,0.000,-0.049,1.998,-0.004,7.0
3134,0.496,0.500,0.000,-0.049,1.998,-0.004,7.0
3135,0.496,0.500,0.000,-0.049,1.998,-0.004,7.0
3136,0.496,0.500,0.000,-0.049,1.998,-0.004,7.0
3137,0.496,0.500,0.000,-0.049,1.998,-0.004,7.0
3138,0.496,0.500,0.000,-0.049,1.998,-0.004,7.0
3139,0.496,0.500,0.000,-0.049,1.998,-0.004,7.0
3140,0.496,0.500,0.000,-0.049,1.998,-0.004,7.0
3141,0.496,0.500,0.000,-0.049,1.998,-0.004,7.0
3142,0.496,0.500,0.000,-0.049,1.998,-0.004,7.0
3143,0.496,0.500,0.000,-0.049,1.998,-0.004,7.0
3144,0.496,0.500,0.000,-0.049,1.998,-0.004,7.0
3145,0.496,0.500,0.000,-0.049,1.998,-0.004,7.0
3146,0.496,0.500,0.000,-0.050,1.998,-0.004,7.0
3147,0.496,0.500,0.000,-0.050,1.998,-0.004,7.0
3148,0.496,0.500,0.000,-0.050,1.998,-0.004,7.0
3149,0.496,0.500,0.000,-0.050,1.998,-0.004,7.0
3150,0.496,0.500,0.000,-0.050,1.998,-0.004,7.0
3151,0.496,0.500,0.000,-0.050,1.998,-0.004,7.0
3152,0.496,0.500,0.000,-0.050,1.998,-0.004,7.0
3153,0.496,0.500,0.000,-0.050,1.998,-0.004,7.0
3154,0.496,0.500,0.000,-0.050,1.998,-0.004,7.0
3155,0.496,0.500,0.000,-0.050,1.998,-0.004,7.0
3156,0.496,0.500,0.000,-0.050,1.998,-0.004,7.0
3157,0.496,0.500,0.000,-0.050,1.998,-0.004,7.0
3158,0.496,0.500,0.000,-0.050,1.998,-0.004,7.0
3159,0.496,0.500,0.000,-0.050,1.998,-0.004,7.0
3160,0.496,0.500,0.000,-0.050,1.998,-0.004,7.0
3161,0.496,0.500,0.000,-0.050,1.998,-0.004,7.0
3162,0.496,0.500,0.000,-0.050,1.998,-0.004,7.0
3163,0.496,0.500,0.000,-0.050,1.998,-0.004,7.0
3164,0.496,0.500,0.000,-0.051,1.998,-0.004,7.0
3165,0.496,0.500,0.000,-0.051,1.998,-0.004,7.0
3166,0.496,0.500,0.000,-0.051,1.998,-0.004,7.0
3167,0.496,0.500,0.000,-0.051,1.998,-0.004,7.0
3168,0.496,0.500,0.000,-0.051,1.998,-0.004,7.0
3169,0.496,0.500,0.000,-0.051,1.998,-0.004,7.0
3170,0.496,0.500,0.000,-0.051,1.998,-0.004,7.0
3171,0.496,0.500,0.000,-0.051,1.998,-0.004,7.0
3172,0.496,0.500,0.000,-0.051,1.998,-0.004,7.0
3173,0.496,0.500,0.000,-0.051,1.998,-0.004,7.0
3174,0.496,0.500,0.000,-0.051,1.998,-0.004,7.0
3175,0.496,0.500,0.000,-0.051,1.998,-0.004,7.0
3176,0.496,0.500,0.000,-0.051,1.998,-0.004,7.0
3177,0.496,0.500,0.000,-0.051,1.998,-0.004,7.0
3178,0.496,0.500,0.000,-0.051,1.998,-0.004,7.0
3179,0.496,0.500,0.000,-0.051,1.998,-0.004,7.0
3180,0.496,0.500,0.000,-0.051,1.998,-0.004,7.0
3181,0.496,0.500,0.000,-0.052,1.998,-0.004,7.0
3182,0.496,0.500,0.000,-0.052,1.998,-0.004,7.0
3183,0.496,0.500,0.000,-0.052,1.998,-0.004,7.0
3184,0.496,0.500,0.000,-0.052,1.998,-0.004,7.0
3185,0.496,0.500,0.000,-0.052,1.998,-0.004,7.0
3186,0.496,0.500,0.000,-0.052,1.998,-0.004,7.0
3187,0.496,0.500,0.000,-0.052,1.998,-0.004,7.0
3188,0.496,0.500,0.000,-0.052,1.998,-0.004,7.0
3189,0.496,0.500,0.000,-0.052,1.998,-0.004,7.0
3190,0.496,0.500,0.000,-0.052,1.998,-0.004,7.0
3191,0.496,0.500,0.000,-0.052,1.998,-0.004,7.0
3192,0.496,0.500,0.000,-0.052,1.998,-0.004,7.0
3193,0.496,0.500,0.000,-0.052,1.998,-0.004,7.0
3194,0.496,0.500,0.000,-0.052,1.998,-0.004,7.0
3195,0.496,0.500,0.000,-0.052,1.998,-0.004,7.0
3196,0.496,0.500,0.000,-0.052,1.998,-0.004,7.0
3197,0.496,0.500,0.000,-0.052,1.998,-0.004,7.0
3198,0.496,0.500,0.000,-0.052,1.998,-0.004,7.0
3199,0.496,0.500,0.000,-0.053,1.998,-0.004,7.0
3200,0.496,0.500,0.000,-0.053,1.998,-0.004,7.0
3201,0.496,0.500,0.000,-0.053,1.998,-0.004,7.0
3202,0.496,0.500,0.000,-0.053,1.998,-0.004,7.0
3203,0.496,0.500,0.000,-0.053,1.998,-0.004,7.0
3204,0.496,0.500,0.000,-0.053,1.998,-0.004,7.0
3205,0.496,0.500,0.000,-0.053,1.998,-0.004,7.0
3206,0.496,0.500,0.000,-0.053,1.998,-0.004,7.0
3207,0.496,0.500,0.000,-0.053,1.998,-0.004,7.0
3208,0.496,0.500,0.000,-0.053,1.998,-0.004,7.0
3209,0.496,0.500,0.000,-0.053,1.998,-0.004,7.0
3210,0.496,0.500,0.000,-0.053,1.998,-0.004,7.0
3211,0.496,0.500,0.000,-0.053,1.998,-0.004,7.0
3212,0.496,0.500,0.000,-0.053,1.998,-0.004,7.0
3213,0.496,0.500,0.000,-0.053,1.998,-0.004,7.0
3214,0.496,0.500,0.000,-0.053,1.998,-0.004,7.0
3215,0.496,0.500,0.000,-0.053,1.998,-0.004,7.0
3216,0.496,0.500,0.000,-0.053,1.998,-0.004,7.0
3217,0.496,0.500,0.000,-0.054,1.998,-0.004,7.0
3218,0.496,0.500,0.000,-0.054,1.998,-0.004,7.0
3219,0.496,0.500,0.000,-0.054,1.998,-0.004,7.0
3220,0.496,0.500,0.000,-0.054,1.998,-0.004,7.0
3221,0.496,0.500,0.000,-0.054,1.998,-0.004,7.0
3222,0.496,0.500,0.000,-0.054,1.998,-0.004,7.0
3223,0.496,0.500,0.000,-0.054,1.998,-0.004,7.0
3224,0.496,0.500,0.000,-0.054,1.998,-0.004,7.0
3225,0.496,0.500,0.000,-0.054,1.998,-0.004,7.0
3226,0.496,0.500,0.000,-0.054,1.998,-0.004,7.0
3227,0.496,0.500,0.000,-0.054,1.998,-0.004,7.0
3228,0.496,0.500,0.000,-0.054,1.998,-0.004,7.0
3229,0.496,0.500,0.000,-0.054,1.998,-0.004,7.0
3230,0.496,0.500,0.000,-0.054,1.998,-0.004,7.0
3231,0.496,0.500,0.000,-0.054,1.998,-0.004,7.0
3232,0.496,0.500,0.000,-0.054,1.998,-0.004,7.0
3233,0.496,0.500,0.000,-0.054,1.998,-0.004,7.0
3234,0.496,0.500,0.000,-0.055,1.998,-0.004,7.0
3235,0.496,0.500,0.000,-0.055,1.998,-0.004,7.0
3236,0.496,0.500,0.000,-0.055,1.998,-0.004,7.0
3237,0.496,0.500,0.000,-0.055,1.998,-0.004,7.0
3238,0.496,0.500,0.000,-0.055,1.998,-0.004,7.0
3239,0.496,0.500,0.000,-0.055,1.998,-0.004,7.0
3240,0.496,0.500,0.000,-0.055,1.998,-0.004,7.0
3241,0.496,0.500,0.000,-0.055,1.998,-0.004,7.0
3242,0.496,0.500,0.000,-0.055,1.998,-0.004,7.0
3243,0.496,0.500,0.000,-0.055,1.998,-0.004,7.0
3244,0.496,0.500,0.000,-0.055,1.998,-0.004,7.0
3245,0.496,0.500,0.000,-0.055,1.998,-0.004,7.0
3246,0.496,0.500,0.000,-0.055,1.998,-0.004,7.0
3247,0.496,0.500,0.000,-0.055,1.998,-0.004,7.0
3248,0.496,0.500,0.000,-0.055,1.998,-0.004,7.0
3249,0.496,0.500,0.000,-0.055,1.998,-0.004,7.0
3250,0.496,0.500,0.000,-0.055,1.998,-0.004,7.0
3251,0.496,0.500,0.000,-0.055,1.998,-0.004,7.0
3252,0.496,0.500,0.000,-0.056,1.998,-0.004,7.0
3253,0.496,0.500,0.000,-0.056,1.998,-0.004,7.0
3254,0.496,0.500,0.000,-0.056,1.998,-0.004,7.0
3255,0.496,0.500,0.000,-0.056,1.998,-0.004,7.0
3256,0.496,0.500,0.000,-0.056,1.998,-0.004,7.0
3257,0.496,0.500,0.000,-0.056,1.998,-0.004,7.0
3258,0.496,0.500,0.000,-0.056,1.998,-0.004,7.0
3259,0.496,0.500,0.000,-0.056,1.998,-0.004,7.0
3260,0.496,0.500,0.000,-0.056,1.998,-0.004,7.0
3261,0.496,0.500,0.000,-0.056,1.998,-0.004,7.0
3262,0.496,0.500,0.000,-0.056,1.998,-0.004,7.0
3263,0.496,0.500,0.000,-0.056,1.998,-0.004,7.0
3264,0.496,0.500,0.000,-0.056,1.998,-0.004,7.0
3265,0.496,0.500,0.000,-0.056,1.998,-0.004,7.0
3266,0.496,0.500,0.000,-0.056,1.998,-0.004,7.0
3267,0.496,0.500,0.000,-0.056,1.998,-0.004,7.0
3268,0.496,0.500,0.000,-0.056,1.998,-0.004,7.0
3269,0.496,0.500,0.000,-0.056,1.998,-0.004,7.0
3270,0.496,0.500,0.000,-0.057,1.998,-0.004,7.0
3271,0.496,0.500,0.000,-0.057,1.998,-0.004,7.0
3272,0.496,0.500,0.000,-0.057,1.998,-0.004,7.0
3273,0.496,0.500,0.000,-0.057,1.998,-0.004,7.0
3274,0.496,0.500,0.000,-0.057,1.998,-0.004,7.0
3275,0.496,0.500,0.000,-0.057,1.998,-0.004,7.0
3276,0.496,0.500,0.000,-0.057,1.998,-0.004,7.0
3277,0.496,0.500,0.000,-0.057,1.998,-0.004,7.0
3278,0.496,0.500,0.000,-0.057,1.998,-0.004,7.0
3279,0.496,0.500,0.000,-0.057,1.998,-0.004,7.0
3280,0.496,0.500,0.000,-0.057,1.998,-0.004,7.0
3281,0.496,0.500,0.000,-0.057,1.998,-0.004,7.0
3282,0.496,0.500,0.000,-0.057,1.998,-0.004,7.0
3283,0.496,0.500,0.000,-0.057,1.998,-0.004,7.0
3284,0.496,0.500,0.000,-0.057,1.998,-0.004,7.0
3285,0.496,0.500,0.000,-0.057,1.998,-0.004,7.0
3286,0.496,0.500,0.000,-0.057,1.998,-0.004,7.0
3287,0.496,0.500,0.000,-0.057,1.998,-0.004,7.0
3288,0.496,0.500,0.000,-0.058,1.998,-0.004,7.0
3289,0.496,0.500,0.000,-0.058,1.998,-0.004,7.0
3290,0.496,0.500,0.000,-0.058,1.998,-0.004,7.0
3291,0.496,0.500,0.000,-0.058,1.998,-0.004,7.0
3292,0.496,0.500,0.000,-0.058,1.998,-0.004,7.0
3293,0.496,0.500,0.000,-0.058,1.998,-0.004,7.0
3294,0.496,0.500,0.000,-0.058,1.998,-0.004,7.0
3295,0.496,0.500,0.000,-0.058,1.998,-0.004,7.0
3296,0.496,0.500,0.000,-0.058,1.998,-0.004,7.0
3297,0.496,0.500,0.000,-0.058,1.998,-0.004,7.0
3298,0.496,0.500,0.000,-0.058,1.998,-0.004,7.0
3299,0.496,0.500,0.000,-0.058,1.998,-0.004,7.0
3300,0.496,0.500,0.000,-0.058,1.998,-0.004,7.0
3301,0.496,0.500,0.000,-0.058,1.998,-0.004,7.0
3302,0.496,0.500,0.000,-0.058,1.998,-0.004,7.0
3303,0.496,0.500,0.000,-0.058,1.998,-0.004,7.0
3304,0.496,0.500,0.000,-0.058,1.998,-0.004,7.0
3305,0.496,0.500,0.000,-0.058,1.998,-0.004,7.0
3306,0.496,0.500,0.000,-0.059,1.998,-0.004,7.0
3307,0.496,0.500,0.000,-0.059,1.998,-0.004,7.0
3308,0.496,0.500,0.000,-0.059,1.998,-0.004,7.0
3309,0.496,0.500,0.000,-0.059,1.998,-0.004,7.0
3310,0.496,0.500,0.000,-0.059,1.998,-0.004,7.0
3311,0.496,0.500,0.000,-0.059,1.998,-0.004,7.0
3312,0.496,0.500,0.000,-0.059,1.998,-0.004,7.0
3313,0.496,0.500,0.000,-0.059,1.998,-0.004,7.0
3314,0.496,0.500,0.000,-0.059,1.998,-0.004,7.0
3315,0.496,0.500,0.000,-0.059,1.998,-0.004,7.0
3316,0.496,0.500,0.000,-0.059,1.998,-0.004,7.0
3317,0.496,0.500,0.000,-0.059,1.998,-0.004,7.0
3318,0.496,0.500,0.000,-0.059,1.998,-0.004,7.0
3319,0.496,0.500,0.000,-0.059,1.998,-0.004,7.0
3320,0.496,0.500,0.000,-0.059,1.998,-0.004,7.0
3321,0.496,0.500,0.000,-0.059,1.998,-0.004,7.0
3322,0.496,0.500,0.000,-0.059,1.998,-0.004,7.0
3323,0.496,0.500,0.000,-0.059,1.998,-0.004,7.0
3324,0.496,0.500,0.000,-0.060,1.998,-0.004,7.0
3325,0.496,0.500,0.000,-0.060,1.998,-0.004,7.0
3326,0.496,0.500,0.000,-0.060,1.998,-0.004,7.0
3327,0.496,0.500,0.000,-0.060,1.998,-0.004,7.0
3328,0.496,0.500,0.000,-0.060,1.998,-0.004,7.0
3329,0.496,0.500,0.000,-0.060,1.998,-0.004,7.0
3330,0.496,0.500,0.000,-0.060,1.998,-0.004,7.0
3331,0.496,0.500,0.000,-0.060,1.998,-0.004,7.0
3332,0.496,0.500,0.000,-0.060,1.998,-0.003,7.0
3333,0.496,0.500,0.000,-0.060,1.998,-0.003,7.0
3334,0.496,0.500,0.000,-0.060,1.998,-0.003,7.0
3335,0.496,0.500,0.000,-0.060,1.998,-0.003,7.0
3336,0.496,0.500,0.000,-0.060,1.998,-0.003,7.0
3337,0.496,0.500,0.000,-0.060,1.998,-0.003,7.0
3338,0.496,0.500,0.000,-0.060,1.998,-0.003,7.0
3339,0.496,0.500,0.000,-0.060,1.998,-0.003,7.0
3340,0.496,0.500,0.000,-0.060,1.998,-0.003,7.0
3341,0.496,0.500,0.000,-0.060,1.998,-0.003,7.0
3342,0.496,0.500,0.000,-0.061,1.998,-0.003,7.0
3343,0.496,0.500,0.000,-0.061,1.998,-0.003,7.0
3344,0.496,0.500,0.000,-0.061,1.998,-0.003,7.0
3345,0.496,0.500,0.000,-0.061,1.998,-0.003,7.0
3346,0.496,0.500,0.000,-0.061,1.998,-0.003,7.0
3347,0.496,0.500,0.000,-0.061,1.998,-0.003,7.0
3348,0.496,0.500,0.000,-0.061,1.998,-0.003,7.0
3349,0.496,0.500,0.000,-0.061,1.998,-0.003,7.0
3350,0.496,0.500,0.000,-0.061,1.998,-0.003,7.0
3351,0.496,0.500,0.000,-0.061,1.998,-0.003,7.0
3352,0.496,0.500,0.000,-0.061,1.998,-0.003,7.0
3353,0.496,0.500,0.000,-0.061,1.998,-0.003,7.0
3354,0.496,0.500,0.000,-0.061,1.998,-0.003,7.0
3355,0.496,0.500,0.000,-0.061,1.998,-0.003,7.0
3356,0.496,0.500,0.000,-0.061,1.998,-0.003,7.0
3357,0.496,0.500,0.000,-0.061,1.998,-0.003,7.0
3358,0.496,0.500,0.000,-0.061,1.998,-0.003,7.0
3359,0.496,0.500,0.000,-0.061,1.998,-0.003,7.0
3360,0.496,0.500,0.000,-0.062,1.998,-0.003,7.0
3361,0.496,0.500,0.000,-0.062,1.998,-0.003,7.0
3362,0.496,0.500,0.000,-0.062,1.998,-0.003,7.0
3363,0.496,0.500,0.000,-0.062,1.998,-0.003,7.0
3364,0.496,0.500,0.000,-0.062,1.998,-0.003,7.0
3365,0.496,0.500,0.000,-0.062,1.998,-0.003,7.0
3366,0.496,0.500,0.000,-0.062,1.998,-0.003,7.0
3367,0.496,0.500,0.000,-0.062,1.998,-0.003,7.0
3368,0.496,0.500,0.000,-0.062,1.998,-0.003,7.0
3369,0.496,0.500,0.000,-0.062,1.998,-0.003,7.0
3370,0.496,0.500,0.000,-0.062,1.998,-0.003,7.0
3371,0.496,0.500,0.000,-0.062,1.998,-0.003,7.0
3372,0.496,0.500,0.000,-0.062,1.998,-0.003,7.0
3373,0.496,0.500,0.000,-0.062,1.998,-0.003,7.0
3374,0.496,0.500,0.000,-0.062,1.998,-0.003,7.0
3375,0.496,0.500,0.000,-0.062,1.998,-0.003,7.0
3376,0.496,0.500,0.000,-0.062,1.998,-0.003,7.0
3377,0.496,0.500,0.000,-0.062,1.998,-0.003,7.0
3378,0.496,0.500,0.000,-0.063,1.998,-0.003,7.0
3379,0.496,0.500,0.000,-0.063,1.998,-0.003,7.0
3380,0.496,0.500,0.000,-0.063,1.998,-0.003,7.0
3381,0.496,0.500,0.000,-0.063,1.998,-0.003,7.0
3382,0.496,0.500,0.000,-0.063,1.998,-0.003,7.0
3383,0.496,0.500,0.000,-0.063,1.998,-0.003,7.0
3384,0.496,0.500,0.000,-0.063,1.998,-0.003,7.0
3385,0.496,0.500,0.000,-0.063,1.998,-0.003,7.0
3386,0.496,0.500,0.000,-0.063,1.998,-0.003,7.0
3387,0.496,0.500,0.000,-0.063,1.998,-0.003,7.0
3388,0.496,0.500,0.000,-0.063,1.998,-0.003,7.0
3389,0.496,0.500,0.000,-0.063,1.998,-0.003,7.0
3390,0.496,0.500,0.000,-0.063,1.998,-0.003,7.0
3391,0.496,0.500,0.000,-0.063,1.998,-0.003,7.0
3392,0.496,0.500,0.000,-0.063,1.998,-0.003,7.0
3393,0.496,0.500,0.000,-0.063,1.998,-0.003,7.0
3394,0.496,0.500,0.000,-0.063,1.998,-0.003,7.0
3395,0.496,0.500,0.000,-0.063,1.998,-0.003,7.0
3396,0.496,0.500,0.000,-0.064,1.998,-0.003,7.0
3397,0.496,0.500,0.000,-0.064,1.998,-0.003,7.0
3398,0.496,0.500,0.000,-0.064,1.998,-0.003,7.0
3399,0.496,0.500,0.000,-0.064,1.998,-0.003,7.0
3400,0.496,0.500,0.000,-0.064,1.998,-0.003,7.0
3401,0.496,0.500,0.000,-0.064,1.998,-0.003,7.0
3402,0.496,0.500,0.000,-0.064,1.998,-0.003,7.0
3403,0.496,0.500,0.000,-0.064,1.998,-0.003,7.0
3404,0.496,0.500,0.000,-0.064,1.998,-0.003,7.0
3405,0.496,0.500,0.000,-0.064,1.998,-0.003,7.0
3406,0.496,0.500,0.000,-0.064,1.998,-0.003,7.0
3407,0.496,0.500,0.000,-0.064,1.998,-0.003,7.0
3408,0.496,0.500,0.000,-0.064,1.998,-0.003,7.0
3409,0.496,0.500,0.000,-0.064,1.998,-0.003,7.0
3410,0.496,0.500,0.000,-0.064,1.998,-0.003,7.0
3411,0.496,0.500,0.000,-0.064,1.998,-0.003,7.0
3412,0.496,0.500,0.000,-0.064,1.998,-0.003,7.0
3413,0.496,0.500,0.000,-0.064,1.998,-0.003,7.0
3414,0.496,0.500,0.000,-0.065,1.998,-0.003,7.0
3415,0.496,0.500,0.000,-0.065,1.998,-0.003,7.0
3416,0.496,0.500,0.000,-0.065,1.998,-0.003,7.0
3417,0.496,0.500,0.000,-0.065,1.998,-0.003,7.0
3418,0.496,0.500,0.000,-0.065,1.998,-0.003,7.0
3419,0.496,0.500,0.000,-0.065,1.998,-0.003,7.0
3420,0.496,0.500,0.000,-0.065,1.998,-0.003,7.0
3421,0.496,0.500,0.000,-0.065,1.998,-0.003,7.0
3422,0.496,0.500,0.000,-0.065,1.998,-0.003,7.0
3423,0.496,0.500,0.000,-0.065,1.998,-0.003,7.0
3424,0.496,0.500,0.000,-0.065,1.998,-0.003,7.0
3425,0.496,0.500,0.000,-0.065,1.998,-0.003,7.0
3426,0.496,0.500,0.000,-0.065,1.998,-0.003,7.0
3427,0.496,0.500,0.000,-0.065,1.998,-0.003,7.0
3428,0.496,0.500,0.000,-0.065,1.998,-0.003,7.0
3429,0.496,0.500,0.000,-0.065,1.998,-0.003,7.0
3430,0.496,0.500,0.000,-0.065,1.998,-0.003,7.0
3431,0.496,0.500,0.000,-0.065,1.998,-0.003,7.0
3432,0.496,0.500,0.000,-0.066,1.998,-0.003,7.0
3433,0.496,0.500,0.000,-0.066,1.998,-0.003,7.0
3434,0.496,0.500,0.000,-0.066,1.998,-0.003,7.0
3435,0.496,0.500,0.000,-0.066,1.998,-0.003,7.0
3436,0.496,0.500,0.000,-0.066,1.998,-0.003,7.0
3437,0.496,0.500,0.000,-0.066,1.998,-0.003,7.0
3438,0.496,0.500,0.000,-0.066,1.998,-0.003,7.0
3439,0.496,0.500,0.000,-0.066,1.998,-0.003,7.0
3440,0.496,0.500,0.000,-0.066,1.998,-0.003,7.0
3441,0.496,0.500,0.000,-0.066,1.998,-0.003,7.0
3442,0.496,0.500,0.000,-0.066,1.998,-0.003,7.0
3443,0.496,0.500,0.000,-0.066,1.998,-0.003,7.0
3444,0.496,0.500,0.000,-0.066,1.998,-0.003,7.0
3445,0.496,0.500,0.000,-0.066,1.998,-0.003,7.0
3446,0.496,0.500,0.000,-0.066,1.998,-0.003,7.0
3447,0.496,0.500,0.000,-0.066,1.998,-0.003,7.0
3448,0.496,0.500,0.000,-0.066,1.998,-0.003,7.0
3449,0.496,0.500,0.000,-0.066,1.998,-0.003,7.0
3450,0.496,0.500,0.000,-0.067,1.998,-0.003,7.0
3451,0.496,0.500,0.000,-0.067,1.998,-0.003,7.0
3452,0.496,0.500,0.000,-0.067,1.998,-0.003,7.0
3453,0.496,0.500,0.000,-0.067,1.998,-0.003,7.0
3454,0.496,0.500,0.000,-0.067,1.998,-0.003,7.0
3455,0.496,0.500,0.000,-0.067,1.998,-0.003,7.0
3456,0.496,0.500,0.000,-0.067,1.998,-0.003,7.0
3457,0.496,0.500,0.000,-0.067,1.998,-0.003,7.0
3458,0.496,0.500,0.000,-0.067,1.998,-0.003,7.0
3459,0.496,0.500,0.000,-0.067,1.998,-0.003,7.0
3460,0.496,0.500,0.000,-0.067,1.998,-0.003,7.0
3461,0.496,0.500,0.000,-0.067,1.998,-0.003,7.0
3462,0.496,0.500,0.000,-0.067,1.998,-0.003,7.0
3463,0.496,0.500,0.000,-0.067,1.998,-0.003,7.0
3464,0.496,0.500,0.000,-0.067,1.998,-0.003,7.0
3465,0.496,0.500,0.000,-0.067,1.998,-0.003,7.0
3466,0.496,0.500,0.000,-0.067,1.998,-0.003,7.0
3467,0.496,0.500,0.000,-0.067,1.998,-0.003,7.0
3468,0.496,0.500,0.000,-0.067,1.998,-0.003,7.0
3469,0.496,0.500,0.000,-0.068,1.998,-0.003,7.0
3470,0.496,0.500,0.000,-0.068,1.998,-0.003,7.0
3471,0.496,0.500,0.000,-0.068,1.998,-0.003,7.0
3472,0.496,0.500,0.000,-0.068,1.998,-0.003,7.0
3473,0.496,0.500,0.000,-0.068,1.998,-0.003,7.0
3474,0.496,0.500,0.000,-0.068,1.998,-0.003,7.0
3475,0.496,0.500,0.000,-0.068,1.998,-0.003,7.0
3476,0.496,0.500,0.000,-0.068,1.998,-0.003,7.0
3477,0.496,0.500,0.000,-0.068,1.998,-0.003,7.0
3478,0.496,0.500,0.000,-0.068,1.998,-0.003,7.0
3479,0.496,0.500,0.000,-0.068,1.998,-0.003,7.0
3480,0.496,0.500,0.000,-0.068,1.998,-0.003,7.0
3481,0.496,0.500,0.000,-0.068,1.998,-0.003,7.0
3482,0.496,0.500,0.000,-0.068,1.998,-0.003,7.0
3483,0.496,0.500,0.000,-0.068,1.998,-0.003,7.0
3484,0.496,0.500,0.000,-0.068,1.998,-0.003,7.0
3485,0.496,0.500,0.000,-0.068,1.998,-0.003,7.0
3486,0.496,0.500,0.000,-0.068,1.998,-0.003,7.0
3487,0.496,0.500,0.000,-0.069,1.998,-0.003,7.0
3488,0.496,0.500,0.000,-0.069,1.998,-0.003,7.0
3489,0.496,0.500,0.000,-0.069,1.998,-0.003,7.0
3490,0.496,0.500,0.000,-0.069,1.998,-0.003,7.0
3491,0.496,0.500,0.000,-0.069,1.998,-0.003,7.0
3492,0.496,0.500,0.000,-0.069,1.998,-0.003,7.0
3493,0.496,0.500,0.000,-0.069,1.998,-0.003,7.0
3494,0.496,0.500,0.000,-0.069,1.998,-0.003,7.0
3495,0.496,0.500,0.000,-0.069,1.998,-0.003,7.0
3496,0.496,0.500,0.000,-0.069,1.998,-0.003,7.0
3497,0.496,0.500,0.000,-0.069,1.998,-0.003,7.0
3498,0.496,0.500,0.000,-0.069,1.998,-0.003,7.0
3499,0.496,0.500,0.000,-0.069,1.998,-0.003,7.0
3500,0.496,0.500,0.000,-0.069,1.998,-0.003,7.0
