1,1.754,0.251,0.153,0.000,0.000,0.000,1
2,1.754,0.251,0.473,0.000,0.000,0.000,1
3,1.754,0.251,0.808,0.000,0.000,0.000,1
4,1.754,0.251,1.088,0.000,0.000,0.000,1
5,1.754,0.251,1.290,0.000,0.000,0.000,-1
6,1.754,0.251,1.420,0.000,0.000,0.000,-1
7,1.754,0.251,1.493,-0.000,-0.159,-0.088,-1
8,1.753,0.251,1.522,-0.002,-0.450,-0.129,3.0
9,1.751,0.252,1.534,-0.049,-0.577,-0.120,3.0
10,1.746,0.253,1.533,-0.103,-0.517,-0.082,3.0
11,1.740,0.255,1.527,-0.210,-0.335,-0.035,3.0
12,1.733,0.257,1.519,-0.079,-0.120,0.006,3.0
13,1.725,0.258,1.512,0.116,0.057,0.031,3.0
14,1.717,0.260,1.506,0.320,0.154,0.037,3.0
15,1.710,0.261,1.507,0.492,0.168,0.030,3.0
16,1.703,0.263,1.507,0.623,0.118,0.016,3.0
17,1.697,0.264,1.507,0.668,0.040,0.001,3.0
18,1.691,0.265,1.508,0.668,-0.032,-0.010,3.0
19,1.684,0.267,1.508,0.635,-0.077,-0.016,3.0
20,1.678,0.268,1.509,0.582,-0.088,-0.017,3.0
21,1.671,0.270,1.509,0.515,-0.069,-0.013,3.0
22,1.664,0.271,1.509,0.438,-0.035,-0.008,3.0
23,1.657,0.273,1.509,0.356,-0.000,-0.002,3.0
24,1.649,0.274,1.510,0.274,0.025,0.002,3.0
25,1.642,0.276,1.510,0.201,0.036,0.004,3.0
26,1.635,0.278,1.510,0.141,0.033,0.003,3.0
27,1.628,0.279,1.504,0.097,0.021,0.002,3.0
28,1.621,0.281,1.503,0.073,0.007,-0.000,3.0
29,1.614,0.282,1.502,0.064,-0.005,-0.002,3.0
30,1.607,0.284,1.501,0.072,-0.010,-0.003,3.0
31,1.600,0.285,1.500,0.096,-0.010,-0.002,3.0
32,1.593,0.287,1.499,0.131,-0.006,-0.002,3.0
33,1.586,0.289,1.499,0.172,-0.000,-0.000,3.0
34,1.579,0.290,1.498,0.219,0.005,0.001,3.0
35,1.572,0.292,1.497,0.266,-0.044,-0.410,3.0
36,1.565,0.295,1.497,0.315,-0.085,-0.681,3.0
37,1.557,0.300,1.497,0.360,-0.105,-0.709,3.0
38,1.549,0.308,1.496,0.499,-0.147,-0.649,3.0
39,1.541,0.318,1.496,0.729,-0.211,-0.530,3.0
40,1.532,0.329,1.495,0.629,-0.223,-0.319,3.0
41,1.522,0.342,1.495,0.473,-0.158,-0.076,3.0
42,1.511,0.355,1.495,0.306,-0.032,0.151,3.0
43,1.501,0.368,1.495,0.144,0.107,0.334,3.0
44,1.490,0.380,1.494,0.039,0.395,1.264,3.0
45,1.481,0.387,1.494,-0.070,0.578,1.852,3.0
46,1.474,0.389,1.494,-0.024,0.601,1.934,3.0
47,1.469,0.384,1.494,-0.434,0.439,1.544,3.0
48,1.465,0.373,1.494,-1.080,0.203,0.917,3.0
49,1.462,0.359,1.494,-1.847,-0.023,0.274,3.0
50,1.459,0.344,1.494,-2.586,-0.174,-0.232,3.0
51,1.455,0.330,1.495,-3.196,-0.229,-0.524,3.0
52,1.451,0.317,1.495,-3.472,-0.204,-0.598,3.0
53,1.446,0.306,1.495,-3.605,-0.135,-0.503,3.0
54,1.441,0.297,1.495,-3.570,-0.059,-0.321,3.0
55,1.435,0.289,1.495,-3.416,-0.000,-0.128,3.0
56,1.430,0.282,1.495,-3.179,0.030,0.016,3.0
57,1.425,0.274,1.495,-2.891,0.032,0.087,3.0
58,1.419,0.267,1.495,-2.571,0.011,0.085,3.0
59,1.414,0.259,1.495,-2.237,-0.017,0.035,3.0
60,1.409,0.251,1.495,-1.906,-0.041,-0.036,3.0
61,1.403,0.243,1.495,-1.594,-0.125,-0.502,3.0
62,1.398,0.237,1.495,-1.317,-0.163,-0.804,3.0
63,1.391,0.233,1.495,-1.081,-0.306,-1.226,3.0
64,1.384,0.234,1.495,-0.626,-0.460,-1.441,3.0
65,1.375,0.239,1.496,-0.101,-0.556,-1.335,3.0
66,1.364,0.249,1.496,0.534,-0.733,-1.183,3.0
67,1.351,0.263,1.496,1.251,-0.979,-1.153,3.0
68,1.334,0.281,1.496,1.994,-0.896,-1.039,3.0
69,1.315,0.303,1.496,2.049,-0.382,-0.792,3.0
70,1.293,0.327,1.497,1.921,0.269,-0.449,3.0
71,1.273,0.353,1.497,1.686,0.742,0.239,3.0
72,1.254,0.378,1.497,1.245,1.185,2.128,3.0
73,1.240,0.397,1.497,0.739,1.208,3.209,3.0
74,1.230,0.405,1.498,0.153,0.859,3.206,3.0
75,1.223,0.403,1.499,-0.773,0.297,2.372,3.0
76,1.217,0.391,1.499,-2.021,0.031,1.664,3.0
77,1.211,0.374,1.500,-3.385,-0.095,0.834,3.0
78,1.204,0.354,1.501,-3.391,-0.157,-0.068,3.0
79,1.197,0.334,1.502,-3.336,-0.360,-0.865,3.0
80,1.189,0.316,1.502,-3.235,-0.397,-1.210,3.0
81,1.180,0.303,1.503,-3.164,-0.272,-1.134,3.0
82,1.170,0.293,1.504,-2.949,-0.070,-0.779,3.0
83,1.160,0.286,1.504,-2.602,0.110,-0.337,3.0
84,1.151,0.281,1.505,-2.206,0.208,0.032,3.0
85,1.142,0.275,1.505,-1.846,0.209,0.238,3.0
86,1.133,0.269,1.505,-1.562,0.135,0.271,3.0
87,1.125,0.262,1.506,-1.332,0.112,-0.223,3.0
88,1.118,0.255,1.506,-1.099,0.080,-0.624,3.0
89,1.110,0.251,1.507,-1.023,0.041,-0.777,3.0
90,1.103,0.249,1.507,-0.984,0.008,-0.694,3.0
91,1.097,0.249,1.507,-1.074,0.405,-0.440,3.0
92,1.091,0.251,1.507,-1.271,0.679,-0.148,3.0
93,1.088,0.254,1.508,-0.980,0.720,0.099,3.0
94,1.087,0.256,1.508,-0.614,0.581,0.240,3.0
95,1.088,0.257,1.508,0.008,0.418,0.268,3.0
96,1.090,0.258,1.508,0.483,0.221,0.191,3.0
97,1.094,0.258,1.509,0.971,0.004,0.065,3.0
98,1.097,0.257,1.509,1.003,-0.211,-0.058,3.0
99,1.100,0.257,1.509,0.942,-0.713,-0.178,3.0
100,1.100,0.257,1.509,0.739,-0.948,-0.222,3.0
101,1.098,0.258,1.509,0.484,-0.865,-0.193,3.0
102,1.092,0.260,1.510,0.167,-0.572,-0.118,3.0
103,1.084,0.262,1.510,-0.337,-0.209,-0.035,3.0
104,1.076,0.264,1.510,-0.966,0.096,0.029,3.0
105,1.067,0.266,1.510,-1.601,0.271,0.060,3.0
106,1.060,0.268,1.504,-2.136,0.300,0.058,3.0
107,1.053,0.270,1.503,-2.520,0.220,0.033,3.0
108,1.048,0.272,1.502,-2.721,0.089,-0.001,3.0
109,1.042,0.273,1.501,-2.785,-0.037,-0.030,3.0
110,1.037,0.275,1.500,-2.744,-0.120,-0.043,3.0
111,1.031,0.277,1.499,-2.633,-0.146,-0.040,3.0
112,1.024,0.278,1.498,-2.462,0.290,-0.004,3.0
113,1.019,0.280,1.498,-2.051,0.613,0.047,3.0
114,1.015,0.282,1.497,-1.530,0.704,0.081,3.0
115,1.014,0.283,1.497,-0.805,0.609,0.100,3.0
116,1.015,0.285,1.496,0.012,0.445,0.101,3.0
117,1.018,0.285,1.496,0.913,0.249,0.083,3.0
118,1.021,0.286,1.495,1.826,0.036,0.044,3.0
119,1.025,0.286,1.495,2.695,-0.153,-0.007,3.0
120,1.028,0.286,1.495,3.468,-0.680,-0.138,3.0
121,1.029,0.287,1.494,4.189,-0.945,-0.223,3.0
122,1.027,0.288,1.494,4.512,-0.886,-0.230,3.0
123,1.021,0.289,1.494,4.707,-0.606,-0.171,3.0
124,1.014,0.291,1.494,4.589,-0.246,-0.085,3.0
125,1.005,0.294,1.494,4.237,0.068,-0.004,3.0
126,0.997,0.296,1.494,3.744,0.255,0.051,3.0
127,0.989,0.298,1.493,3.198,0.299,0.070,3.0
128,0.983,0.300,1.493,2.647,0.230,0.057,3.0
129,0.977,0.302,1.493,2.093,0.506,0.120,3.0
130,0.973,0.304,1.493,1.561,0.657,0.151,3.0
131,0.971,0.305,1.493,1.057,0.601,0.133,3.0
132,0.971,0.306,1.493,0.584,0.452,0.096,3.0
133,0.973,0.306,1.493,0.051,0.263,0.054,3.0
134,0.976,0.306,1.493,-0.043,0.064,0.001,3.0
135,0.979,0.306,1.493,-0.045,-0.114,-0.044,3.0
136,0.981,0.307,1.493,0.021,-0.629,-0.146,3.0
137,0.982,0.308,1.493,0.174,-0.898,-0.198,3.0
138,0.980,0.309,1.493,0.371,-0.854,-0.184,3.0
139,0.974,0.311,1.493,0.562,-0.594,-0.115,3.0
140,0.967,0.314,1.493,0.943,-0.254,-0.023,3.0
141,0.959,0.316,1.493,1.437,-0.166,0.415,3.0
142,0.950,0.317,1.493,1.303,-0.106,0.688,3.0
143,0.940,0.316,1.493,1.188,-0.077,0.694,3.0
144,0.931,0.313,1.493,1.047,-0.119,0.524,3.0
145,0.921,0.307,1.493,0.840,-0.028,0.654,3.0
146,0.911,0.300,1.493,0.584,0.470,0.715,3.0
147,0.902,0.290,1.493,0.350,0.639,0.224,3.0
148,0.896,0.279,1.493,0.049,0.272,0.101,3.0
149,0.890,0.268,1.493,0.160,0.539,-0.221,3.0
150,0.887,0.257,1.493,0.369,0.665,-0.826,3.0
151,0.885,0.249,1.493,0.491,0.143,-1.198,3.0
152,0.884,0.245,1.494,0.753,0.001,-1.492,3.0
153,0.883,0.246,1.494,1.227,0.107,-1.435,3.0
154,0.883,0.252,1.494,1.698,0.192,-0.996,3.0
155,0.883,0.262,1.494,1.514,0.321,-0.477,3.0
156,0.884,0.273,1.494,1.188,0.401,-0.093,3.0
157,0.886,0.285,1.494,0.828,0.267,0.166,3.0
158,0.889,0.297,1.495,0.506,-0.025,0.322,3.0
159,0.893,0.307,1.495,0.220,-0.323,0.387,3.0
160,0.895,0.316,1.495,-0.050,-0.329,0.725,3.0
161,0.896,0.323,1.495,-0.332,-0.192,0.857,3.0
162,0.897,0.327,1.495,-0.723,-0.287,1.133,3.0
163,0.896,0.327,1.495,-0.701,-0.179,1.621,3.0
164,0.895,0.321,1.495,-0.582,-0.011,1.684,3.0
165,0.894,0.310,1.496,-0.312,0.109,1.377,3.0
166,0.892,0.294,1.496,0.163,0.140,0.902,3.0
167,0.892,0.275,1.496,0.760,0.413,0.087,3.0
168,0.892,0.255,1.496,1.359,0.070,-0.762,3.0
169,0.893,0.238,1.497,1.279,-0.336,-1.316,3.0
170,0.893,0.225,1.497,1.105,-0.621,-1.826,3.0
171,0.891,0.218,1.497,0.903,-0.669,-1.773,3.0
172,0.886,0.216,1.498,0.459,-0.519,-1.260,3.0
173,0.880,0.220,1.498,-0.273,-0.264,-0.562,3.0
174,0.872,0.225,1.498,-1.125,-0.011,0.067,3.0
175,0.865,0.231,1.499,-1.910,0.159,0.464,3.0
176,0.857,0.235,1.499,-2.492,0.218,0.581,3.0
177,0.851,0.237,1.499,-2.803,0.606,0.527,3.0
178,0.846,0.237,1.499,-2.916,0.804,0.332,3.0
179,0.844,0.236,1.500,-2.863,0.735,0.081,3.0
180,0.844,0.234,1.500,-2.673,0.535,-0.120,3.0
181,0.847,0.233,1.500,-2.326,0.291,-0.229,3.0
182,0.850,0.232,1.500,-1.872,0.277,-0.608,3.0
183,0.855,0.234,1.501,-1.365,0.235,-0.803,3.0
184,0.860,0.238,1.501,-0.857,-0.277,-0.816,3.0
185,0.865,0.245,1.501,-0.285,-0.606,-0.763,3.0
186,0.867,0.254,1.501,0.322,-0.681,-0.640,3.0
187,0.868,0.266,1.501,0.833,-0.600,-0.300,3.0
188,0.866,0.278,1.502,0.847,-0.584,0.467,3.0
189,0.862,0.290,1.502,0.653,-0.461,0.970,3.0
190,0.857,0.298,1.502,0.352,-0.273,1.074,3.0
191,0.851,0.303,1.502,-0.009,-0.094,0.859,3.0
192,0.844,0.304,1.503,-0.427,-0.146,1.221,3.0
193,0.837,0.301,1.503,-0.879,0.508,1.159,3.0
194,0.831,0.295,1.503,-1.306,0.949,0.787,3.0
195,0.828,0.285,1.503,-1.842,0.683,0.705,3.0
196,0.828,0.273,1.503,-1.791,0.534,0.230,3.0
197,0.829,0.261,1.504,-1.582,0.323,-0.300,3.0
198,0.832,0.248,1.504,-1.290,0.100,-0.608,3.0
199,0.835,0.238,1.504,-0.980,-0.103,-1.070,3.0
200,0.838,0.232,1.504,-0.669,-0.635,-1.266,3.0
201,0.839,0.229,1.505,-0.318,-0.905,-1.094,3.0
202,0.837,0.231,1.505,0.106,-0.851,-0.688,3.0
203,0.832,0.234,1.505,-0.027,-0.566,-0.223,3.0
204,0.825,0.239,1.505,-0.379,-0.215,0.156,3.0
205,0.817,0.244,1.506,-0.859,0.077,0.365,3.0
206,0.809,0.247,1.506,-1.340,0.242,0.391,3.0
207,0.802,0.249,1.506,-1.739,0.269,0.279,3.0
208,0.796,0.250,1.506,-2.044,0.195,0.100,3.0
209,0.790,0.250,1.506,-2.112,0.077,-0.071,3.0
210,0.785,0.251,1.507,-2.086,0.383,-0.108,3.0
211,0.782,0.252,1.507,-2.058,0.577,-0.089,3.0
212,0.779,0.253,1.507,-1.955,0.160,-0.112,3.0
213,0.778,0.255,1.507,-1.766,0.190,-0.037,3.0
214,0.777,0.256,1.507,-1.450,0.266,0.052,3.0
215,0.778,0.258,1.507,-1.218,-0.190,0.015,3.0
216,0.777,0.260,1.507,-0.928,-0.539,-0.041,3.0
217,0.775,0.261,1.507,-0.509,-0.647,-0.085,3.0
218,0.771,0.263,1.507,-0.235,-0.551,-0.092,3.0
219,0.765,0.265,1.508,-0.196,-0.335,-0.067,3.0
220,0.757,0.268,1.508,-0.347,-0.094,-0.028,3.0
221,0.749,0.271,1.508,-0.606,0.096,0.008,3.0
222,0.742,0.273,1.508,-0.888,0.195,0.030,3.0
223,0.735,0.276,1.508,-1.136,0.200,0.034,3.0
224,0.729,0.278,1.508,-1.342,0.550,0.106,3.0
225,0.724,0.280,1.508,-1.530,0.752,0.152,3.0
226,0.722,0.282,1.508,-1.733,0.721,0.152,3.0
227,0.723,0.283,1.508,-1.755,0.579,0.129,3.0
228,0.725,0.283,1.508,-1.593,0.386,0.091,3.0
229,0.729,0.283,1.508,-1.315,0.167,0.042,3.0
230,0.734,0.283,1.508,-0.978,-0.055,-0.014,3.0
231,0.738,0.283,1.508,-0.625,-0.238,-0.063,3.0
232,0.742,0.283,1.509,-0.316,-0.741,-0.182,3.0
233,0.743,0.283,1.509,0.011,-0.973,-0.244,3.0
234,0.741,0.285,1.509,0.044,-0.884,-0.226,3.0
235,0.736,0.287,1.509,-0.007,-0.590,-0.147,3.0
236,0.729,0.290,1.509,-0.323,-0.228,-0.050,3.0
237,0.721,0.293,1.509,-0.792,0.078,0.030,3.0
238,0.713,0.296,1.509,-1.287,0.256,0.075,3.0
239,0.705,0.299,1.509,-1.703,0.292,0.080,3.0
240,0.699,0.301,1.509,-1.977,0.220,0.053,3.0
241,0.694,0.303,1.509,-2.078,0.504,0.102,3.0
242,0.690,0.305,1.509,-2.137,0.658,0.130,3.0
243,0.689,0.306,1.509,-2.113,0.599,0.122,3.0
244,0.689,0.307,1.509,-2.006,0.447,0.094,3.0
245,0.691,0.307,1.509,-1.758,0.265,0.057,3.0
246,0.694,0.308,1.510,-1.420,0.074,0.016,3.0
247,0.697,0.308,1.510,-1.039,-0.101,-0.023,3.0
248,0.700,0.308,1.510,-0.659,-0.622,-0.150,3.0
249,0.701,0.308,1.510,-0.244,-0.897,-0.227,3.0
250,0.699,0.310,1.510,0.164,-0.856,-0.228,3.0
251,0.694,0.312,1.510,0.487,-0.600,-0.163,3.0
252,0.687,0.315,1.510,0.397,-0.259,-0.074,3.0
253,0.679,0.318,1.510,0.119,0.043,0.010,3.0
254,0.671,0.321,1.504,-0.238,0.230,0.065,3.0
255,0.664,0.324,1.503,-0.573,0.282,0.082,3.0
256,0.657,0.326,1.502,-0.837,0.226,0.065,3.0
257,0.652,0.329,1.501,-1.068,0.111,0.028,3.0
258,0.647,0.331,1.500,-1.326,0.393,0.097,3.0
259,0.643,0.333,1.499,-1.443,0.162,0.041,3.0
260,0.639,0.335,1.498,-1.509,-0.110,-0.028,3.0
261,0.636,0.336,1.497,-1.359,0.148,0.028,3.0
262,0.632,0.338,1.497,-1.271,-0.047,-0.023,3.0
263,0.629,0.340,1.496,-1.148,-0.237,-0.066,3.0
264,0.625,0.342,1.496,-0.958,-0.312,-0.085,3.0
265,0.620,0.344,1.495,-0.794,-0.282,-0.075,3.0
266,0.614,0.347,1.495,-0.635,-0.186,-0.044,3.0
267,0.607,0.350,1.494,-0.426,-0.068,-0.006,3.0
268,0.600,0.353,1.494,-0.193,0.030,0.024,3.0
269,0.593,0.355,1.494,-0.183,0.087,0.037,3.0
270,0.586,0.358,1.494,-0.184,0.098,0.035,3.0
271,0.580,0.360,1.493,-0.206,0.471,0.140,3.0
272,0.575,0.362,1.493,-0.279,0.706,0.209,3.0
273,0.572,0.364,1.493,-0.423,0.710,0.214,3.0
274,0.572,0.364,1.493,-0.539,0.616,0.186,3.0
275,0.574,0.364,1.492,-0.796,0.471,0.139,3.0
276,0.578,0.364,1.492,-0.713,0.259,0.084,3.0
277,0.582,0.363,1.492,-0.557,0.021,0.021,3.0
278,0.587,0.362,1.492,-0.156,-0.661,-0.203,3.0
279,0.589,0.362,1.492,0.381,-1.058,-0.345,3.0
280,0.589,0.363,1.492,0.915,-1.063,-0.353,3.0
281,0.584,0.364,1.492,1.464,-0.773,-0.265,3.0
282,0.577,0.367,1.492,1.959,-0.351,-0.135,3.0
283,0.568,0.370,1.492,2.095,0.044,-0.020,3.0
284,0.560,0.374,1.492,2.121,0.299,0.062,3.0
285,0.552,0.377,1.492,2.020,0.377,0.097,3.0
286,0.546,0.380,1.492,1.846,0.307,0.091,3.0
287,0.540,0.383,1.492,1.635,0.557,0.221,3.0
288,0.537,0.385,1.492,1.378,0.685,0.293,3.0
289,0.536,0.386,1.492,1.086,0.607,0.268,3.0
290,0.537,0.386,1.492,0.792,0.454,0.203,3.0
291,0.539,0.386,1.492,0.528,0.271,0.122,3.0
292,0.543,0.385,1.492,0.466,-0.150,0.389,3.0
293,0.546,0.382,1.492,0.434,-0.473,0.560,3.0
294,0.548,0.378,1.492,0.461,-0.607,0.555,3.0
295,0.547,0.372,1.492,0.561,-0.910,0.276,3.0
296,0.544,0.365,1.492,0.808,-0.904,0.001,3.0
297,0.537,0.358,1.492,1.159,-0.636,-0.185,3.0
298,0.529,0.351,1.492,1.564,-0.172,-0.675,3.0
299,0.519,0.347,1.493,1.951,0.223,-0.922,3.0
300,0.510,0.345,1.493,1.985,0.437,-0.871,3.0
301,0.502,0.347,1.493,1.962,0.460,-0.605,3.0
302,0.496,0.351,1.493,1.776,0.341,-0.257,3.0
303,0.491,0.356,1.493,1.483,0.154,0.051,3.0
304,0.486,0.360,1.493,1.174,-0.030,0.241,3.0
305,0.482,0.364,1.493,0.916,-0.157,0.293,3.0
306,0.477,0.367,1.493,0.745,-0.204,0.233,3.0
307,0.471,0.370,1.493,0.690,-0.177,0.113,3.0
308,0.465,0.372,1.493,0.707,-0.104,-0.013,3.0
309,0.458,0.373,1.493,0.766,-0.020,-0.103,3.0
310,0.451,0.376,1.494,0.840,0.048,-0.141,3.0
311,0.444,0.378,1.494,0.919,0.083,-0.128,3.0
312,0.438,0.381,1.494,1.007,0.084,-0.082,3.0
313,0.432,0.385,1.494,1.109,0.060,-0.025,3.0
314,0.426,0.388,1.494,1.211,0.403,0.194,3.0
315,0.421,0.391,1.494,1.376,0.630,0.337,3.0
316,0.419,0.393,1.494,1.622,0.651,0.359,3.0
317,0.418,0.393,1.494,1.553,0.576,0.320,3.0
318,0.420,0.393,1.494,1.429,0.450,0.247,3.0
319,0.423,0.392,1.494,1.268,0.273,0.147,3.0
320,0.428,0.390,1.494,1.087,0.068,0.034,3.0
321,0.432,0.388,1.494,0.901,-0.124,-0.067,3.0
322,0.437,0.387,1.494,0.727,-0.268,-0.136,3.0
323,0.440,0.385,1.494,0.739,-0.700,-0.332,3.0
324,0.441,0.385,1.494,0.883,-0.889,-0.412,3.0
325,0.439,0.386,1.494,1.121,-0.793,-0.358,3.0
326,0.434,0.389,1.494,1.398,-0.513,-0.235,3.0
327,0.428,0.392,1.495,1.723,-0.183,-0.097,3.0
328,0.421,0.395,1.495,2.070,0.086,0.018,3.0
329,0.413,0.399,1.495,2.404,0.234,0.090,3.0
330,0.407,0.402,1.495,2.692,0.255,0.118,3.0
331,0.401,0.405,1.495,2.787,0.182,0.109,3.0
332,0.397,0.408,1.495,2.787,0.432,0.273,3.0
333,0.393,0.409,1.495,2.681,0.570,0.353,3.0
334,0.392,0.410,1.495,2.481,0.526,0.315,3.0
335,0.392,0.410,1.495,2.227,0.407,0.238,3.0
336,0.394,0.409,1.495,1.920,0.258,0.150,3.0
337,0.397,0.407,1.495,1.578,0.091,0.054,3.0
338,0.400,0.405,1.495,1.228,-0.067,-0.034,3.0
339,0.403,0.403,1.495,0.894,-0.541,-0.284,3.0
340,0.405,0.402,1.495,0.518,-0.799,-0.407,3.0
341,0.403,0.403,1.495,0.081,-0.774,-0.377,3.0
342,0.399,0.404,1.495,0.051,-0.551,-0.265,3.0
343,0.393,0.407,1.496,0.149,-0.248,-0.131,3.0
344,0.386,0.410,1.496,0.371,0.023,-0.014,3.0
345,0.379,0.414,1.496,0.705,0.178,0.077,3.0
346,0.373,0.417,1.496,0.998,0.225,0.118,3.0
347,0.367,0.419,1.496,1.191,0.193,0.116,3.0
348,0.362,0.421,1.496,1.348,0.118,0.086,3.0
349,0.358,0.423,1.496,1.330,0.035,0.045,3.0
350,0.353,0.425,1.496,1.243,-0.029,0.006,3.0
351,0.349,0.427,1.496,1.121,-0.064,-0.022,3.0
352,0.344,0.429,1.496,0.986,-0.069,-0.036,3.0
353,0.339,0.431,1.496,0.840,-0.055,-0.036,3.0
354,0.334,0.433,1.496,0.677,-0.032,-0.028,3.0
355,0.328,0.435,1.496,0.499,-0.009,-0.016,3.0
356,0.323,0.437,1.496,0.317,0.009,-0.003,3.0
357,0.318,0.440,1.496,0.144,0.019,0.006,3.0
358,0.312,0.442,1.496,-0.011,0.389,0.203,3.0
359,0.308,0.443,1.496,-0.218,0.620,0.324,3.0
360,0.306,0.444,1.496,-0.496,0.630,0.330,3.0
361,0.307,0.443,1.496,-0.594,0.565,0.297,3.0
362,0.309,0.442,1.496,-0.502,0.465,0.248,3.0
363,0.312,0.439,1.496,-0.284,0.310,0.172,3.0
364,0.317,0.436,1.496,0.024,0.116,0.074,3.0
365,0.323,0.432,1.496,0.386,-0.075,-0.025,3.0
366,0.328,0.429,1.497,0.736,-0.225,-0.108,3.0
367,0.332,0.426,1.497,1.025,-0.652,-0.349,3.0
368,0.334,0.424,1.497,1.046,-0.839,-0.456,3.0
369,0.334,0.424,1.497,1.031,-0.750,-0.415,3.0
370,0.330,0.424,1.497,0.914,-0.512,-0.294,3.0
371,0.325,0.426,1.497,0.565,-0.236,-0.154,3.0
372,0.319,0.429,1.497,0.079,-0.005,-0.034,3.0
373,0.313,0.431,1.497,-0.423,0.138,0.045,3.0
374,0.308,0.434,1.497,-0.831,0.186,0.081,3.0
375,0.303,0.436,1.497,-0.990,0.163,0.081,3.0
376,0.298,0.438,1.497,-1.077,0.465,0.258,3.0
377,0.295,0.439,1.497,-1.094,0.625,0.356,3.0
378,0.294,0.439,1.497,-1.033,0.569,0.332,3.0
379,0.295,0.437,1.497,-0.893,0.441,0.265,3.0
380,0.298,0.435,1.497,-0.611,0.291,0.183,3.0
381,0.301,0.432,1.497,-0.247,0.121,0.087,3.0
382,0.305,0.429,1.497,0.156,-0.044,-0.009,3.0
383,0.309,0.426,1.498,0.553,-0.521,-0.292,3.0
384,0.311,0.423,1.498,0.979,-0.767,-0.450,3.0
385,0.311,0.422,1.498,1.400,-0.729,-0.442,3.0
386,0.308,0.423,1.498,1.539,-0.524,-0.334,3.0
387,0.304,0.424,1.498,1.394,-0.264,-0.189,3.0
388,0.298,0.427,1.498,1.047,-0.034,-0.055,3.0
389,0.292,0.429,1.498,0.611,0.117,0.040,3.0
390,0.287,0.431,1.498,0.183,0.177,0.086,3.0
391,0.282,0.434,1.498,-0.188,0.164,0.090,3.0
392,0.277,0.436,1.498,-0.509,0.109,0.066,3.0
393,0.273,0.437,1.498,-0.819,0.396,0.248,3.0
394,0.270,0.438,1.498,-1.028,0.199,0.135,3.0
395,0.268,0.438,1.498,-1.161,-0.047,-0.015,3.0
396,0.266,0.438,1.498,-1.053,0.189,0.117,3.0
397,0.264,0.438,1.498,-0.996,-0.005,-0.006,3.0
398,0.263,0.438,1.498,-0.896,-0.203,-0.128,3.0
399,0.260,0.439,1.498,-0.708,-0.276,-0.172,3.0
400,0.257,0.440,1.498,-0.537,-0.254,-0.156,3.0
401,0.253,0.441,1.498,-0.368,-0.179,-0.106,3.0
402,0.249,0.443,1.498,-0.160,-0.086,-0.045,3.0
403,0.244,0.445,1.499,0.072,-0.005,0.009,3.0
404,0.239,0.447,1.499,0.289,0.048,0.042,3.0
405,0.234,0.449,1.499,0.341,0.068,0.053,3.0
406,0.229,0.451,1.499,0.369,0.063,0.046,3.0
407,0.225,0.452,1.499,0.346,0.399,0.269,3.0
408,0.222,0.453,1.499,0.268,0.596,0.401,3.0
409,0.220,0.452,1.499,0.104,0.583,0.393,3.0
410,0.221,0.450,1.499,-0.037,0.501,0.344,3.0
411,0.224,0.447,1.499,-0.300,0.396,0.282,3.0
412,0.228,0.443,1.499,-0.640,0.247,0.183,3.0
413,0.233,0.438,1.499,-1.024,0.070,0.059,3.0
414,0.238,0.433,1.499,-1.424,-0.093,-0.060,3.0
415,0.243,0.428,1.499,-1.423,-0.217,-0.154,3.0
416,0.247,0.423,1.499,-1.376,-0.609,-0.420,3.0
417,0.249,0.420,1.499,-1.235,-0.777,-0.535,3.0
418,0.249,0.419,1.499,-1.050,-0.693,-0.478,3.0
419,0.246,0.420,1.499,-0.787,-0.474,-0.326,3.0
420,0.242,0.421,1.499,-0.337,-0.225,-0.147,3.0
421,0.237,0.424,1.499,0.219,-0.017,0.006,3.0
422,0.231,0.426,1.499,0.772,0.113,0.103,3.0
423,0.226,0.428,1.499,1.218,0.160,0.135,3.0
424,0.222,0.430,1.499,1.410,0.141,0.118,3.0
425,0.218,0.431,1.499,1.490,0.088,0.073,3.0
426,0.214,0.432,1.500,1.433,0.352,0.283,3.0
427,0.212,0.432,1.500,1.298,0.175,0.136,3.0
428,0.210,0.431,1.500,1.088,-0.047,-0.045,3.0
429,0.208,0.431,1.500,0.734,0.166,0.129,3.0
430,0.206,0.430,1.500,0.407,-0.013,-0.013,3.0
431,0.205,0.429,1.500,0.069,-0.195,-0.159,3.0
432,0.203,0.429,1.500,-0.310,-0.261,-0.210,3.0
433,0.200,0.430,1.500,-0.636,-0.238,-0.193,3.0
434,0.196,0.431,1.500,-0.916,-0.166,-0.137,3.0
435,0.192,0.432,1.500,-1.216,-0.078,-0.068,3.0
436,0.187,0.434,1.500,-1.269,-0.005,-0.005,3.0
437,0.182,0.436,1.500,-1.256,0.043,0.038,3.0
438,0.178,0.438,1.500,-1.206,0.062,0.056,3.0
439,0.173,0.440,1.500,-1.136,0.384,0.307,3.0
440,0.170,0.440,1.500,-1.010,0.574,0.459,3.0
441,0.169,0.439,1.500,-0.819,0.566,0.457,3.0
442,0.170,0.437,1.500,-0.656,0.494,0.409,3.0
443,0.172,0.433,1.500,-0.365,0.392,0.337,3.0
444,0.176,0.428,1.500,0.008,0.243,0.223,3.0
445,0.180,0.422,1.500,0.437,0.067,0.082,3.0
446,0.185,0.415,1.500,0.877,-0.099,-0.059,3.0
447,0.190,0.409,1.500,0.903,-0.228,-0.171,3.0
448,0.193,0.403,1.500,0.911,-0.578,-0.494,3.0
449,0.195,0.399,1.500,0.850,-0.721,-0.637,3.0
450,0.195,0.397,1.500,0.767,-0.634,-0.577,3.0
451,0.192,0.397,1.500,0.579,-0.423,-0.407,3.0
452,0.188,0.399,1.501,0.180,-0.185,-0.211,3.0
453,0.183,0.401,1.501,-0.335,0.009,-0.044,3.0
454,0.178,0.403,1.501,-0.833,0.124,0.070,3.0
455,0.173,0.406,1.501,-0.874,0.157,0.125,3.0
456,0.169,0.407,1.501,-0.943,0.131,0.126,3.0
457,0.165,0.409,1.501,-0.931,0.076,0.092,3.0
458,0.162,0.410,1.501,-0.843,0.322,0.325,3.0
459,0.159,0.410,1.501,-0.746,0.157,0.171,3.0
460,0.158,0.409,1.501,-0.621,-0.049,-0.027,3.0
461,0.156,0.408,1.501,-0.325,0.153,0.154,3.0
462,0.154,0.407,1.501,-0.137,-0.006,-0.012,3.0
463,0.153,0.406,1.501,0.012,-0.173,-0.177,3.0
464,0.151,0.406,1.501,0.244,-0.235,-0.237,3.0
465,0.148,0.406,1.501,0.301,-0.216,-0.218,3.0
466,0.144,0.407,1.501,0.322,-0.151,-0.155,3.0
467,0.140,0.408,1.501,0.248,-0.072,-0.078,3.0
468,0.136,0.410,1.501,0.114,-0.002,-0.010,3.0
469,0.131,0.412,1.501,-0.042,0.043,0.035,3.0
470,0.127,0.414,1.501,-0.179,0.060,0.054,3.0
471,0.123,0.415,1.501,-0.278,0.054,0.053,3.0
472,0.119,0.417,1.501,-0.363,0.328,0.342,3.0
473,0.116,0.417,1.501,-0.486,0.490,0.513,3.0
474,0.115,0.416,1.501,-0.415,0.476,0.505,3.0
475,0.115,0.412,1.501,-0.374,0.409,0.445,3.0
476,0.117,0.408,1.501,-0.174,0.323,0.362,3.0
477,0.120,0.402,1.501,0.114,0.200,0.237,3.0
478,0.123,0.395,1.502,0.462,0.054,0.085,3.0
479,0.127,0.388,1.502,0.842,-0.082,-0.062,3.0
480,0.131,0.381,1.502,1.206,-0.184,-0.181,3.0
481,0.134,0.374,1.502,1.258,-0.489,-0.541,3.0
482,0.135,0.369,1.502,1.218,-0.617,-0.703,3.0
483,0.134,0.367,1.502,1.115,-0.546,-0.639,3.0
484,0.132,0.367,1.502,0.913,-0.368,-0.453,3.0
485,0.128,0.368,1.502,0.499,-0.163,-0.236,3.0
486,0.123,0.370,1.502,-0.040,0.005,-0.050,3.0
487,0.118,0.372,1.502,-0.591,0.106,0.073,3.0
488,0.114,0.375,1.502,-1.063,0.136,0.125,3.0
489,0.110,0.376,1.502,-1.394,0.115,0.121,3.0
490,0.107,0.378,1.502,-1.569,0.067,0.083,3.0
491,0.103,0.379,1.502,-1.615,0.016,0.034,3.0
492,0.100,0.380,1.502,-1.562,-0.023,-0.009,3.0
493,0.097,0.381,1.502,-1.442,-0.044,-0.036,3.0
494,0.093,0.382,1.502,-1.275,-0.048,-0.046,3.0
495,0.089,0.383,1.502,-1.074,-0.040,-0.042,3.0
496,0.086,0.384,1.502,-0.846,-0.026,-0.030,3.0
497,0.082,0.386,1.502,-0.604,-0.012,-0.014,3.0
498,0.078,0.387,1.502,-0.366,0.000,-0.000,3.0
499,0.074,0.389,1.502,-0.148,0.008,0.011,3.0
500,0.070,0.390,1.502,0.037,0.012,0.017,3.0
501,0.066,0.392,1.502,0.183,0.263,0.349,3.0
502,0.063,0.392,1.503,0.209,0.415,0.550,3.0
503,0.061,0.391,1.503,0.129,0.415,0.554,3.0
504,0.061,0.387,1.503,0.093,0.364,0.496,3.0
505,0.062,0.382,1.503,-0.088,0.291,0.412,3.0
506,0.064,0.376,1.503,-0.357,0.183,0.277,3.0
507,0.067,0.368,1.503,-0.686,0.055,0.104,3.0
508,0.070,0.360,1.503,-1.049,-0.067,-0.065,3.0
509,0.072,0.352,1.503,-1.007,-0.156,-0.203,3.0
510,0.074,0.345,1.503,-0.940,-0.433,-0.596,3.0
511,0.075,0.340,1.503,-0.796,-0.551,-0.772,3.0
512,0.074,0.337,1.503,-0.623,-0.489,-0.698,3.0
513,0.072,0.337,1.503,-0.371,-0.331,-0.487,3.0
514,0.068,0.339,1.503,0.077,-0.152,-0.237,3.0
515,0.064,0.341,1.503,0.635,-0.005,-0.019,3.0
516,0.059,0.344,1.503,1.189,0.086,0.122,3.0
517,0.055,0.346,1.503,1.647,0.117,0.180,3.0
518,0.051,0.347,1.503,1.849,0.101,0.169,3.0
519,0.048,0.349,1.503,1.910,0.059,0.115,3.0
520,0.044,0.349,1.503,1.820,0.014,0.047,3.0
521,0.041,0.350,1.503,1.617,-0.023,-0.014,3.0
522,0.038,0.350,1.503,1.335,-0.043,-0.055,3.0
523,0.035,0.351,1.503,1.002,-0.045,-0.073,3.0
524,0.031,0.352,1.504,0.634,-0.036,-0.071,3.0
525,0.027,0.353,1.504,0.247,-0.022,-0.057,3.0
526,0.024,0.354,1.504,-0.142,-0.007,-0.037,3.0
527,0.020,0.356,1.504,-0.513,0.003,-0.018,3.0
528,0.016,0.358,1.504,-0.848,0.009,-0.002,3.0
529,0.012,0.359,1.504,-1.133,0.011,0.008,3.0
530,0.008,0.361,1.504,-1.358,0.010,0.013,3.0
531,0.005,0.362,1.504,-1.518,0.008,0.013,3.0
532,0.001,0.364,1.504,-1.612,0.006,0.010,3.0
533,-0.003,0.365,1.504,-1.647,0.212,0.362,3.0
534,-0.006,0.365,1.504,-1.593,0.334,0.575,3.0
535,-0.008,0.364,1.504,-1.431,0.331,0.579,3.0
536,-0.009,0.360,1.504,-1.279,0.291,0.524,3.0
537,-0.009,0.355,1.504,-1.010,0.238,0.442,3.0
538,-0.008,0.348,1.504,-0.648,0.159,0.308,3.0
539,-0.006,0.339,1.504,-0.211,0.056,0.142,3.0
540,-0.005,0.331,1.504,0.270,-0.046,-0.027,3.0
541,-0.003,0.322,1.504,0.749,-0.127,-0.177,3.0
542,-0.002,0.314,1.504,1.176,-0.338,-0.630,3.0
543,-0.002,0.308,1.504,1.596,-0.422,-0.846,3.0
544,-0.004,0.304,1.504,1.739,-0.369,-0.782,3.0
545,-0.007,0.303,1.504,1.767,-0.237,-0.564,3.0
546,-0.010,0.305,1.504,1.532,-0.089,-0.302,3.0
547,-0.015,0.307,1.504,1.130,0.029,-0.072,3.0
548,-0.019,0.310,1.504,0.671,0.093,0.083,3.0
549,-0.023,0.312,1.504,0.246,0.104,0.153,3.0
550,-0.026,0.314,1.504,-0.101,0.079,0.152,3.0
551,-0.030,0.316,1.505,-0.386,0.038,0.108,3.0
552,-0.033,0.317,1.505,-0.672,-0.002,0.048,3.0
553,-0.036,0.318,1.505,-0.747,-0.029,-0.006,3.0
554,-0.039,0.318,1.505,-0.776,-0.039,-0.042,3.0
555,-0.042,0.319,1.505,-0.766,-0.037,-0.059,3.0
556,-0.046,0.321,1.505,-0.723,-0.026,-0.057,3.0
557,-0.049,0.322,1.505,-0.643,-0.013,-0.044,3.0
558,-0.053,0.324,1.505,-0.534,-0.002,-0.026,3.0
559,-0.057,0.325,1.505,-0.408,0.006,-0.008,3.0
560,-0.060,0.327,1.505,-0.280,0.009,0.007,3.0
561,-0.064,0.329,1.505,-0.161,0.009,0.016,3.0
562,-0.068,0.330,1.505,-0.056,0.007,0.020,3.0
563,-0.071,0.332,1.505,0.029,0.005,0.019,3.0
564,-0.075,0.333,1.505,0.072,0.002,0.015,3.0
565,-0.078,0.335,1.505,0.097,0.000,0.009,3.0
566,-0.082,0.336,1.505,0.100,-0.000,0.002,3.0
567,-0.086,0.338,1.505,0.082,0.000,-0.004,3.0
568,-0.089,0.339,1.505,0.043,0.001,-0.007,3.0
569,-0.093,0.341,1.505,-0.014,0.001,-0.008,3.0
570,-0.096,0.342,1.505,-0.085,0.126,0.389,3.0
571,-0.099,0.342,1.505,-0.232,0.203,0.636,3.0
572,-0.102,0.340,1.505,-0.466,0.206,0.651,3.0
573,-0.104,0.336,1.505,-0.616,0.188,0.602,3.0
574,-0.105,0.330,1.505,-0.891,0.157,0.524,3.0
575,-0.106,0.322,1.505,-1.242,0.103,0.372,3.0
576,-0.106,0.313,1.505,-1.657,0.042,0.167,3.0
577,-0.106,0.303,1.505,-2.107,-0.031,-0.044,3.0
578,-0.107,0.293,1.505,-2.123,-0.078,-0.235,3.0
579,-0.107,0.284,1.505,-2.075,-0.230,-0.741,3.0
580,-0.108,0.277,1.505,-1.935,-0.301,-0.970,3.0
581,-0.111,0.273,1.505,-1.770,-0.274,-0.884,3.0
582,-0.113,0.273,1.505,-1.528,-0.185,-0.623,3.0
583,-0.117,0.275,1.505,-1.079,-0.082,-0.312,3.0
584,-0.121,0.277,1.506,-0.484,0.002,-0.040,3.0
585,-0.125,0.281,1.506,0.118,0.056,0.141,3.0
586,-0.129,0.283,1.506,0.615,0.073,0.220,3.0
587,-0.132,0.286,1.506,0.972,0.061,0.211,3.0
588,-0.135,0.287,1.506,1.123,0.033,0.148,3.0
589,-0.138,0.288,1.506,1.114,0.002,0.065,3.0
590,-0.142,0.288,1.506,0.985,-0.021,-0.011,3.0
591,-0.145,0.289,1.506,0.768,-0.030,-0.064,3.0
592,-0.148,0.290,1.506,0.492,-0.031,-0.089,3.0
593,-0.151,0.291,1.506,0.174,-0.023,-0.089,3.0
594,-0.155,0.292,1.506,-0.172,-0.011,-0.072,3.0
595,-0.158,0.294,1.506,-0.529,0.001,-0.048,3.0
596,-0.162,0.296,1.506,-0.877,0.009,-0.023,3.0
597,-0.166,0.298,1.506,-1.198,0.012,-0.002,3.0
598,-0.169,0.300,1.506,-1.475,0.012,0.012,3.0
599,-0.173,0.301,1.506,-1.700,0.009,0.018,3.0
600,-0.176,0.303,1.506,-1.860,0.004,0.019,3.0
601,-0.179,0.305,1.506,-1.959,0.001,0.014,3.0
602,-0.183,0.307,1.506,-1.999,-0.001,0.008,3.0
603,-0.186,0.308,1.506,-1.986,-0.002,0.001,3.0
604,-0.190,0.310,1.506,-1.925,-0.001,-0.004,3.0
605,-0.193,0.312,1.506,-1.824,-0.000,-0.007,3.0
606,-0.197,0.314,1.506,-1.691,0.001,-0.007,3.0
607,-0.200,0.315,1.506,-1.537,0.002,-0.005,3.0
608,-0.204,0.317,1.506,-1.370,0.003,-0.001,3.0
609,-0.207,0.319,1.506,-1.199,0.004,0.002,3.0
610,-0.211,0.321,1.506,-1.034,0.004,0.006,3.0
611,-0.214,0.323,1.506,-0.881,0.003,0.008,3.0
612,-0.218,0.324,1.506,-0.747,0.003,0.008,3.0
613,-0.221,0.326,1.506,-0.636,0.002,0.007,3.0
614,-0.224,0.328,1.506,-0.556,0.026,0.420,3.0
615,-0.228,0.328,1.506,-0.586,0.044,0.672,3.0
616,-0.231,0.326,1.506,-0.723,0.048,0.676,3.0
617,-0.234,0.322,1.506,-0.788,0.042,0.603,3.0
618,-0.237,0.316,1.506,-0.995,0.027,0.500,3.0
619,-0.240,0.307,1.506,-1.293,0.006,0.334,3.0
620,-0.243,0.298,1.506,-1.655,-0.017,0.122,3.0
621,-0.246,0.288,1.506,-2.057,-0.037,-0.089,3.0
622,-0.249,0.279,1.506,-2.452,-0.049,-0.261,3.0
623,-0.253,0.270,1.506,-2.786,-0.061,-0.746,3.0
624,-0.256,0.264,1.507,-2.848,-0.055,-0.963,3.0
625,-0.260,0.261,1.507,-2.848,-0.040,-0.870,3.0
626,-0.263,0.261,1.507,-2.724,-0.016,-0.608,3.0
627,-0.266,0.263,1.507,-2.375,0.009,-0.298,3.0
628,-0.270,0.266,1.507,-1.886,0.026,-0.028,3.0
629,-0.273,0.270,1.507,-1.367,0.031,0.151,3.0
630,-0.276,0.273,1.507,-0.909,0.024,0.226,3.0
631,-0.279,0.275,1.507,-0.566,0.008,0.215,3.0
632,-0.282,0.276,1.507,-0.293,-0.011,0.148,3.0
633,-0.285,0.277,1.507,-0.211,-0.027,0.062,3.0
634,-0.289,0.278,1.507,-0.224,-0.032,-0.017,3.0
635,-0.292,0.279,1.507,-0.306,-0.028,-0.071,3.0
636,-0.295,0.280,1.507,-0.434,-0.016,-0.095,3.0
637,-0.299,0.281,1.507,-0.600,-0.002,-0.092,3.0
638,-0.302,0.283,1.507,-0.799,0.012,-0.072,3.0
639,-0.306,0.285,1.507,-1.022,0.020,-0.043,3.0
640,-0.309,0.287,1.507,-1.251,0.022,-0.015,3.0
641,-0.313,0.289,1.507,-1.470,0.018,0.006,3.0
642,-0.316,0.291,1.507,-1.665,0.011,0.019,3.0
643,-0.319,0.293,1.507,-1.827,0.003,0.023,3.0
644,-0.322,0.295,1.507,-1.958,-0.004,0.019,3.0
645,-0.326,0.297,1.507,-2.037,-0.008,0.012,3.0
646,-0.329,0.299,1.507,-2.073,-0.008,0.003,3.0
647,-0.332,0.301,1.507,-2.068,-0.006,-0.004,3.0
648,-0.336,0.303,1.507,-2.024,-0.002,-0.008,3.0
649,-0.339,0.305,1.507,-1.947,0.002,-0.009,3.0
650,-0.342,0.307,1.507,-1.842,0.006,-0.007,3.0
651,-0.346,0.309,1.507,-1.716,0.007,-0.003,3.0
652,-0.349,0.311,1.507,-1.576,0.007,0.001,3.0
653,-0.353,0.313,1.507,-1.431,0.006,0.005,3.0
654,-0.356,0.315,1.507,-1.285,0.004,0.008,3.0
655,-0.359,0.317,1.507,-1.147,0.002,0.009,3.0
656,-0.362,0.318,1.507,-1.021,0.000,0.008,3.0
657,-0.366,0.320,1.507,-0.911,-0.000,0.007,3.0
658,-0.369,0.322,1.507,-0.820,-0.000,0.004,3.0
659,-0.372,0.324,1.507,-0.752,0.000,0.002,3.0
660,-0.376,0.326,1.507,-0.704,0.002,0.001,3.0
661,-0.379,0.328,1.507,-0.678,0.003,-0.000,3.0
662,-0.382,0.330,1.507,-0.670,0.003,-0.000,3.0
663,-0.386,0.332,1.507,-0.680,0.004,0.000,3.0
664,-0.389,0.333,1.507,-0.704,0.004,0.001,3.0
665,-0.392,0.335,1.507,-0.738,0.003,0.002,3.0
666,-0.396,0.337,1.507,-0.778,0.003,0.002,3.0
667,-0.399,0.339,1.507,-0.821,0.002,0.002,3.0
668,-0.402,0.341,1.507,-0.864,0.002,0.002,3.0
669,-0.405,0.343,1.507,-0.903,0.002,0.001,3.0
670,-0.409,0.345,1.507,-0.935,0.002,0.001,3.0
671,-0.412,0.347,1.507,-0.958,0.002,0.001,3.0
672,-0.415,0.348,1.507,-0.971,0.002,0.001,3.0
673,-0.419,0.350,1.507,-0.973,0.002,0.001,3.0
674,-0.422,0.352,1.507,-0.963,0.002,0.001,3.0
675,-0.425,0.354,1.508,-0.942,0.002,0.001,3.0
676,-0.429,0.356,1.508,-0.910,0.002,0.002,3.0
677,-0.432,0.358,1.508,-0.868,0.002,0.002,3.0
678,-0.435,0.360,1.508,-0.818,0.002,0.002,3.0
679,-0.438,0.362,1.508,-0.762,0.002,0.002,3.0
680,-0.442,0.363,1.508,-0.701,0.002,0.002,3.0
681,-0.445,0.365,1.508,-0.637,0.002,0.002,3.0
682,-0.448,0.367,1.508,-0.572,0.002,0.002,3.0
683,-0.452,0.369,1.508,-0.508,0.002,0.002,3.0
684,-0.455,0.371,1.508,-0.446,0.002,0.002,3.0
685,-0.458,0.373,1.508,-0.386,0.002,0.002,3.0
686,-0.461,0.374,1.508,-0.331,0.002,0.002,3.0
687,-0.465,0.376,1.508,-0.281,0.002,0.002,3.0
688,-0.468,0.378,1.508,-0.235,0.002,0.002,3.0
689,-0.471,0.380,1.508,-0.195,0.002,0.002,3.0
690,-0.475,0.382,1.508,-0.159,0.002,0.002,3.0
691,-0.478,0.384,1.508,-0.127,0.002,0.002,3.0
692,-0.481,0.385,1.508,-0.100,0.002,0.002,3.0
693,-0.484,0.387,1.508,-0.075,0.002,0.002,3.0
694,-0.488,0.389,1.508,-0.054,0.002,0.002,3.0
695,-0.491,0.391,1.508,-0.032,0.002,0.002,3.0
696,-0.494,0.393,1.508,-0.012,0.002,0.002,3.0
697,-0.497,0.394,1.508,0.009,0.002,0.002,3.0
698,-0.501,0.396,1.508,0.031,0.002,0.002,3.0
699,-0.504,0.398,1.508,0.054,0.002,0.002,3.0
700,-0.507,0.400,1.508,0.079,0.002,0.002,3.0
701,-0.511,0.402,1.508,0.107,0.002,0.002,3.0
702,-0.514,0.403,1.508,0.137,0.002,0.002,3.0
703,-0.517,0.405,1.508,0.169,0.002,0.002,3.0
704,-0.520,0.407,1.508,0.205,0.002,0.002,3.0
705,-0.524,0.409,1.508,0.242,0.002,0.002,3.0
706,-0.527,0.410,1.508,0.282,0.002,0.002,3.0
707,-0.530,0.412,1.508,0.324,0.002,0.002,3.0
708,-0.533,0.414,1.508,0.367,0.002,0.002,3.0
709,-0.537,0.416,1.508,0.411,0.002,0.002,3.0
710,-0.540,0.418,1.508,0.456,0.002,0.002,3.0
711,-0.543,0.419,1.508,0.502,0.002,0.002,3.0
712,-0.546,0.421,1.508,0.547,0.002,0.002,3.0
713,-0.550,0.423,1.508,0.592,0.002,0.002,3.0
714,-0.553,0.425,1.508,0.637,0.002,0.002,3.0
715,-0.556,0.426,1.508,0.680,0.002,0.002,3.0
716,-0.559,0.428,1.508,0.723,0.002,0.002,3.0
717,-0.563,0.430,1.508,0.765,0.002,0.002,3.0
718,-0.566,0.432,1.508,0.806,0.002,0.002,3.0
719,-0.569,0.433,1.508,0.846,0.002,0.002,3.0
720,-0.572,0.435,1.508,0.885,0.002,0.002,3.0
721,-0.576,0.437,1.508,0.923,0.002,0.002,3.0
722,-0.579,0.438,1.508,0.960,0.002,0.002,3.0
723,-0.582,0.440,1.508,0.997,0.002,0.002,3.0
724,-0.585,0.442,1.508,1.034,0.002,0.002,3.0
725,-0.589,0.444,1.508,1.070,0.002,0.002,3.0
726,-0.592,0.445,1.508,1.106,0.002,0.002,3.0
727,-0.595,0.447,1.508,1.143,0.002,0.002,3.0
728,-0.599,0.449,1.508,1.179,0.002,0.002,3.0
729,-0.602,0.451,1.508,1.216,0.002,0.002,3.0
730,-0.605,0.452,1.508,1.254,0.002,0.002,3.0
731,-0.608,0.454,1.508,1.291,0.002,0.002,3.0
732,-0.611,0.456,1.508,1.329,0.002,0.002,3.0
733,-0.615,0.457,1.508,1.368,0.002,0.002,3.0
734,-0.618,0.459,1.508,1.407,0.002,0.002,3.0
735,-0.621,0.461,1.508,1.447,0.002,0.002,3.0
736,-0.624,0.463,1.508,1.486,0.002,0.002,3.0
737,-0.628,0.464,1.508,1.526,0.002,0.002,3.0
738,-0.631,0.466,1.508,1.566,0.002,0.002,3.0
739,-0.634,0.468,1.508,1.607,0.002,0.001,3.0
740,-0.637,0.469,1.508,1.647,0.002,0.001,3.0
741,-0.641,0.471,1.508,1.687,0.002,0.001,3.0
742,-0.644,0.473,1.508,1.726,0.002,0.001,3.0
743,-0.647,0.474,1.508,1.766,0.002,0.001,3.0
744,-0.650,0.476,1.508,1.805,0.002,0.001,3.0
745,-0.654,0.478,1.508,1.844,0.002,0.001,3.0
746,-0.657,0.479,1.508,1.882,0.002,0.001,3.0
747,-0.660,0.481,1.508,1.920,0.002,0.001,3.0
748,-0.663,0.483,1.508,1.958,0.002,0.001,3.0
749,-0.667,0.484,1.508,1.995,0.002,0.001,3.0
750,-0.670,0.486,1.508,2.031,0.002,0.001,3.0
751,-0.673,0.488,1.508,2.067,0.002,0.001,3.0
752,-0.676,0.489,1.508,2.103,0.002,0.001,3.0
753,-0.680,0.491,1.508,2.138,0.002,0.001,3.0
754,-0.683,0.493,1.508,2.173,0.002,0.001,3.0
755,-0.686,0.495,1.508,2.207,0.002,0.001,3.0
756,-0.689,0.496,1.508,2.241,0.002,0.001,3.0
757,-0.693,0.498,1.508,2.274,0.002,0.001,3.0
758,-0.696,0.500,1.508,2.307,0.002,0.001,3.0
759,-0.699,0.501,1.508,2.339,0.002,0.001,3.0
760,-0.702,0.503,1.508,2.371,0.002,0.001,3.0
761,-0.706,0.505,1.508,2.403,0.002,0.001,3.0
762,-0.709,0.506,1.508,2.434,0.002,0.001,3.0
763,-0.712,0.508,1.508,2.464,0.002,0.001,3.0
764,-0.715,0.509,1.508,2.494,0.002,0.001,3.0
765,-0.718,0.511,1.508,2.523,0.002,0.001,3.0
766,-0.722,0.513,1.508,2.551,0.002,0.001,3.0
767,-0.725,0.514,1.508,2.579,0.002,0.001,3.0
768,-0.728,0.516,1.508,2.606,0.002,0.001,3.0
769,-0.731,0.518,1.508,2.632,0.002,0.001,3.0
770,-0.735,0.519,1.508,2.658,0.002,0.001,3.0
771,-0.738,0.521,1.508,2.682,0.002,0.001,3.0
772,-0.741,0.523,1.508,2.706,0.002,0.001,3.0
773,-0.744,0.524,1.508,2.728,0.002,0.001,3.0
774,-0.748,0.526,1.508,2.750,0.002,0.001,3.0
775,-0.751,0.528,1.508,2.770,0.002,0.001,3.0
776,-0.754,0.529,1.508,2.789,0.002,0.001,3.0
777,-0.757,0.531,1.508,2.807,0.002,0.001,3.0
778,-0.760,0.533,1.508,2.824,0.002,0.001,3.0
779,-0.764,0.534,1.508,2.840,0.002,0.001,3.0
780,-0.767,0.536,1.508,2.854,0.002,0.001,3.0
781,-0.770,0.538,1.508,2.866,0.002,0.001,3.0
782,-0.773,0.539,1.508,2.876,0.002,0.001,3.0
783,-0.777,0.541,1.508,2.884,0.002,0.001,3.0
784,-0.780,0.542,1.508,2.888,0.002,0.001,3.0
785,-0.783,0.544,1.508,2.889,0.002,0.001,3.0
786,-0.786,0.546,1.508,2.886,0.002,0.001,3.0
787,-0.789,0.547,1.508,2.880,0.002,0.001,3.0
788,-0.793,0.549,1.508,2.872,0.002,0.001,3.0
789,-0.796,0.551,1.508,2.863,0.002,0.001,3.0
790,-0.799,0.552,1.508,2.853,0.002,0.001,3.0
791,-0.802,0.554,1.508,2.843,0.002,0.001,3.0
792,-0.806,0.556,1.508,2.834,0.002,0.001,3.0
793,-0.809,0.557,1.508,2.825,0.002,0.001,3.0
794,-0.812,0.559,1.508,2.817,0.002,0.001,3.0
795,-0.815,0.560,1.508,2.810,0.002,0.001,3.0
796,-0.818,0.562,1.508,2.803,0.002,0.001,3.0
797,-0.822,0.564,1.508,2.797,0.002,0.001,3.0
798,-0.825,0.565,1.508,2.791,0.002,0.001,3.0
799,-0.828,0.567,1.508,2.785,0.002,0.001,3.0
800,-0.831,0.569,1.508,2.779,0.002,0.001,3.0
801,-0.835,0.570,1.508,2.772,0.002,0.001,3.0
802,-0.838,0.572,1.508,2.763,0.002,0.001,3.0
803,-0.841,0.574,1.508,2.753,0.002,0.001,3.0
804,-0.844,0.575,1.508,2.741,0.002,0.001,3.0
805,-0.847,0.577,1.508,2.727,0.002,0.001,3.0
806,-0.851,0.579,1.508,2.711,0.002,0.001,3.0
807,-0.854,0.580,1.508,2.692,0.002,0.001,3.0
808,-0.857,0.582,1.508,2.670,0.002,0.001,3.0
809,-0.860,0.584,1.508,2.480,-0.001,0.005,3.0
810,-0.864,0.585,1.508,2.228,-0.003,0.006,3.0
811,-0.867,0.587,1.508,1.915,-0.003,0.003,3.0
812,-0.870,0.588,1.508,1.578,-0.001,-0.003,3.0
813,-0.873,0.590,1.508,1.236,0.001,-0.008,3.0
814,-0.877,0.592,1.508,0.911,0.002,-0.013,3.0
815,-0.880,0.593,1.508,0.619,0.003,-0.015,3.0
816,-0.883,0.595,1.508,0.371,0.004,-0.015,3.0
817,-0.886,0.597,1.508,0.178,0.003,-0.013,3.0
818,-0.890,0.599,1.508,0.045,0.003,-0.009,3.0
819,-0.893,0.601,1.508,-0.025,0.002,-0.006,3.0
820,-0.896,0.603,1.508,-0.035,0.001,-0.002,3.0
821,-0.900,0.605,1.508,0.010,0.001,0.000,3.0
822,-0.903,0.606,1.508,0.103,0.001,0.002,3.0
823,-0.906,0.608,1.508,0.236,0.002,0.004,3.0
824,-0.909,0.610,1.508,0.396,0.002,0.004,3.0
825,-0.913,0.612,1.508,0.575,0.002,0.005,3.0
826,-0.916,0.614,1.508,0.759,0.002,0.005,3.0
827,-0.919,0.616,1.508,0.940,0.002,0.006,3.0
828,-0.922,0.618,1.508,1.106,0.002,0.006,3.0
829,-0.926,0.620,1.508,1.251,0.002,0.006,3.0
830,-0.929,0.621,1.508,1.368,0.002,0.005,3.0
831,-0.932,0.623,1.508,1.451,0.002,0.005,3.0
832,-0.935,0.625,1.508,1.498,0.002,0.004,3.0
833,-0.939,0.627,1.508,1.510,0.002,0.004,3.0
834,-0.942,0.629,1.508,1.486,0.002,0.003,3.0
835,-0.945,0.630,1.508,1.430,0.002,0.002,3.0
836,-0.948,0.632,1.508,1.346,0.003,0.002,3.0
837,-0.952,0.634,1.508,1.239,0.005,0.003,3.0
838,-0.955,0.636,1.508,1.114,0.008,0.004,3.0
839,-0.958,0.637,1.508,0.978,0.010,0.005,3.0
840,-0.961,0.639,1.508,0.836,0.012,0.005,3.0
841,-0.964,0.641,1.508,0.695,0.013,0.005,3.0
842,-0.967,0.643,1.508,0.560,0.013,0.005,3.0
843,-0.971,0.644,1.508,0.435,0.012,0.005,3.0
844,-0.974,0.646,1.508,0.324,0.012,0.004,3.0
845,-0.977,0.648,1.508,0.229,0.011,0.004,3.0
846,-0.980,0.649,1.508,0.150,0.011,0.004,3.0
847,-0.983,0.651,1.508,0.092,0.011,0.004,3.0
848,-0.985,0.653,1.508,0.054,0.011,0.004,3.0
849,-0.988,0.654,1.508,0.034,0.011,0.004,3.0
850,-0.991,0.656,1.508,0.030,0.011,0.005,3.0
851,-0.994,0.657,1.508,0.039,0.011,0.005,3.0
852,-0.997,0.659,1.508,0.059,0.011,0.006,3.0
853,-0.999,0.661,1.508,0.087,0.011,0.006,3.0
854,-1.002,0.662,1.508,0.119,0.011,0.006,3.0
855,-1.005,0.664,1.508,0.153,0.011,0.006,3.0
856,-1.008,0.665,1.508,0.185,0.010,0.006,3.0
857,-1.010,0.667,1.508,0.213,0.010,0.006,3.0
858,-1.013,0.668,1.508,0.235,0.010,0.006,3.0
859,-1.015,0.670,1.508,0.248,0.010,0.006,3.0
860,-1.018,0.671,1.508,0.253,0.010,0.005,3.0
861,-1.020,0.672,1.508,0.249,0.010,0.005,3.0
862,-1.023,0.674,1.508,0.237,0.010,0.005,3.0
863,-1.025,0.675,1.508,0.216,0.010,0.005,3.0
864,-1.028,0.677,1.508,0.186,0.010,0.005,3.0
865,-1.030,0.678,1.508,0.149,0.009,0.005,3.0
866,-1.032,0.679,1.508,0.107,0.009,0.005,3.0
867,-1.035,0.681,1.508,0.061,0.009,0.004,3.0
868,-1.037,0.682,1.508,0.011,0.009,0.004,3.0
869,-1.039,0.683,1.508,-0.039,0.009,0.004,3.0
870,-1.041,0.685,1.508,-0.089,0.009,0.004,3.0
871,-1.044,0.686,1.508,-0.138,0.009,0.004,3.0
872,-1.046,0.687,1.508,-0.183,0.009,0.004,3.0
873,-1.048,0.689,1.508,-0.226,0.009,0.004,3.0
874,-1.050,0.690,1.508,-0.264,0.009,0.004,3.0
875,-1.052,0.691,1.508,-0.298,0.008,0.004,3.0
876,-1.054,0.692,1.508,-0.327,0.008,0.004,3.0
877,-1.056,0.693,1.508,-0.350,0.008,0.004,3.0
878,-1.058,0.695,1.508,-0.367,0.008,0.004,3.0
879,-1.060,0.696,1.508,-0.380,0.008,0.004,3.0
880,-1.062,0.697,1.508,-0.389,0.008,0.004,3.0
881,-1.064,0.698,1.508,-0.396,0.008,0.004,3.0
882,-1.066,0.699,1.508,-0.401,0.008,0.004,3.0
883,-1.068,0.701,1.508,-0.404,0.008,0.004,3.0
884,-1.070,0.702,1.508,-0.408,0.008,0.004,3.0
885,-1.072,0.703,1.508,-0.411,0.008,0.004,3.0
886,-1.074,0.704,1.508,-0.417,0.007,0.004,3.0
887,-1.076,0.705,1.508,-0.425,0.007,0.004,3.0
888,-1.078,0.706,1.508,-0.435,0.007,0.004,3.0
889,-1.079,0.707,1.508,-0.448,0.007,0.004,3.0
890,-1.081,0.708,1.508,-0.462,0.007,0.003,3.0
891,-1.083,0.709,1.508,-0.479,0.007,0.003,3.0
892,-1.085,0.710,1.508,-0.497,0.007,0.003,3.0
893,-1.086,0.711,1.508,-0.516,0.007,0.003,3.0
894,-1.088,0.713,1.508,-0.536,0.007,0.003,3.0
895,-1.090,0.714,1.508,-0.557,0.007,0.003,3.0
896,-1.091,0.715,1.508,-0.577,0.007,0.003,3.0
897,-1.093,0.716,1.508,-0.597,0.007,0.003,3.0
898,-1.094,0.717,1.508,-0.616,0.006,0.003,3.0
899,-1.096,0.718,1.508,-0.633,0.006,0.003,3.0
900,-1.098,0.719,1.508,-0.650,0.006,0.003,3.0
901,-1.099,0.720,1.508,-0.666,0.006,0.003,3.0
902,-1.101,0.720,1.508,-0.680,0.006,0.003,3.0
903,-1.102,0.721,1.508,-0.694,0.006,0.003,3.0
904,-1.104,0.722,1.508,-0.707,0.006,0.003,3.0
905,-1.105,0.723,1.508,-0.720,0.006,0.003,3.0
906,-1.106,0.724,1.508,-0.732,0.006,0.003,3.0
907,-1.108,0.725,1.508,-0.743,0.006,0.003,3.0
908,-1.109,0.726,1.508,-0.754,0.006,0.003,3.0
909,-1.111,0.727,1.508,-0.765,0.006,0.003,3.0
910,-1.112,0.728,1.508,-0.775,0.006,0.003,3.0
911,-1.113,0.729,1.508,-0.785,0.006,0.003,3.0
912,-1.115,0.730,1.508,-0.794,0.005,0.003,3.0
913,-1.116,0.730,1.508,-0.803,0.005,0.003,3.0
914,-1.117,0.731,1.508,-0.808,0.005,0.003,3.0
915,-1.119,0.732,1.508,-0.812,0.005,0.003,3.0
916,-1.120,0.733,1.508,-0.816,0.005,0.003,3.0
917,-1.121,0.734,1.508,-0.821,0.005,0.003,3.0
918,-1.123,0.735,1.508,-0.827,0.005,0.003,3.0
919,-1.124,0.735,1.508,-0.833,0.005,0.003,3.0
920,-1.125,0.736,1.508,-0.839,0.005,0.003,3.0
921,-1.126,0.737,1.508,-0.846,0.005,0.003,3.0
922,-1.127,0.738,1.508,-0.853,0.005,0.003,3.0
923,-1.129,0.739,1.508,-0.860,0.005,0.003,3.0
924,-1.130,0.739,1.508,-0.867,0.005,0.002,3.0
925,-1.131,0.740,1.508,-0.875,0.005,0.002,3.0
926,-1.132,0.741,1.508,-0.882,0.005,0.002,3.0
927,-1.133,0.742,1.508,-0.890,0.004,0.002,3.0
928,-1.134,0.742,1.508,-0.897,0.004,0.002,3.0
929,-1.135,0.743,1.508,-0.903,0.004,0.002,3.0
930,-1.136,0.744,1.508,-0.909,0.004,0.002,3.0
931,-1.137,0.745,1.508,-0.912,0.004,0.002,3.0
932,-1.139,0.745,1.508,-0.915,0.004,0.003,3.0
933,-1.140,0.746,1.508,-0.916,0.004,0.003,3.0
934,-1.141,0.747,1.508,-0.917,0.004,0.003,3.0
935,-1.142,0.747,1.508,-0.918,0.004,0.002,3.0
936,-1.143,0.748,1.508,-0.918,0.004,0.002,3.0
937,-1.144,0.749,1.508,-0.921,0.004,0.002,3.0
938,-1.145,0.749,1.508,-0.923,0.004,0.002,3.0
939,-1.146,0.750,1.508,-0.926,0.004,0.002,3.0
940,-1.147,0.751,1.508,-0.929,0.004,0.002,3.0
941,-1.148,0.751,1.508,-0.932,0.004,0.002,3.0
942,-1.148,0.752,1.508,-0.936,0.004,0.002,3.0
943,-1.149,0.753,1.508,-0.939,0.004,0.002,3.0
944,-1.150,0.753,1.508,-0.940,0.004,0.002,3.0
945,-1.151,0.754,1.508,-0.940,0.004,0.002,3.0
946,-1.152,0.755,1.508,-0.939,0.004,0.002,3.0
947,-1.153,0.755,1.508,-0.938,0.003,0.002,3.0
948,-1.154,0.756,1.508,-0.936,0.003,0.002,3.0
949,-1.155,0.756,1.508,-0.934,0.003,0.002,3.0
950,-1.156,0.757,1.508,-0.931,0.003,0.002,3.0
951,-1.156,0.757,1.508,-0.929,0.003,0.002,3.0
952,-1.157,0.758,1.508,-0.926,0.003,0.002,3.0
953,-1.158,0.759,1.508,-0.923,0.003,0.002,3.0
954,-1.159,0.759,1.508,-0.921,0.003,0.002,3.0
955,-1.160,0.760,1.508,-0.918,0.003,0.002,3.0
956,-1.161,0.760,1.508,-0.917,0.003,0.002,3.0
957,-1.161,0.761,1.508,-0.917,0.003,0.002,3.0
958,-1.162,0.761,1.508,-0.917,0.003,0.002,3.0
959,-1.163,0.762,1.508,-0.916,0.003,0.002,3.0
960,-1.164,0.762,1.508,-0.914,0.003,0.002,3.0
961,-1.164,0.763,1.508,-0.911,0.003,0.002,3.0
962,-1.165,0.764,1.508,-0.908,0.003,0.002,3.0
963,-1.166,0.764,1.508,-0.905,0.003,0.002,3.0
964,-1.167,0.765,1.508,-0.901,0.003,0.002,3.0
965,-1.167,0.765,1.508,-0.897,0.003,0.002,3.0
966,-1.168,0.766,1.508,-0.892,0.003,0.002,3.0
967,-1.169,0.766,1.508,-0.888,0.003,0.002,3.0
968,-1.169,0.767,1.508,-0.883,0.003,0.002,3.0
969,-1.170,0.767,1.508,-0.878,0.003,0.002,3.0
970,-1.171,0.767,1.508,-0.873,0.003,0.002,3.0
971,-1.171,0.768,1.508,-0.868,0.002,0.002,3.0
972,-1.172,0.768,1.508,-0.862,0.002,0.002,3.0
973,-1.173,0.769,1.508,-0.857,0.002,0.002,3.0
974,-1.173,0.769,1.508,-0.852,0.002,0.002,3.0
975,-1.174,0.770,1.508,-0.846,0.002,0.002,3.0
976,-1.175,0.770,1.508,-0.840,0.002,0.002,3.0
977,-1.175,0.771,1.508,-0.834,0.002,0.002,3.0
978,-1.176,0.771,1.508,-0.828,0.002,0.002,3.0
979,-1.177,0.771,1.508,-0.822,0.002,0.002,3.0
980,-1.177,0.772,1.508,-0.816,0.002,0.002,3.0
981,-1.178,0.772,1.508,-0.809,0.002,0.002,3.0
982,-1.178,0.773,1.508,-0.803,0.002,0.002,3.0
983,-1.179,0.773,1.508,-0.796,0.002,0.002,3.0
984,-1.180,0.774,1.508,-0.790,0.002,0.002,3.0
985,-1.180,0.774,1.508,-0.784,0.002,0.002,3.0
986,-1.181,0.774,1.508,-0.778,0.002,0.002,3.0
987,-1.181,0.775,1.508,-0.773,0.002,0.002,3.0
988,-1.182,0.775,1.508,-0.767,0.002,0.001,3.0
989,-1.182,0.775,1.508,-0.762,0.002,0.001,3.0
990,-1.183,0.776,1.508,-0.756,0.002,0.001,3.0
991,-1.184,0.776,1.508,-0.751,0.002,0.001,3.0
992,-1.184,0.777,1.508,-0.745,0.002,0.001,3.0
993,-1.185,0.777,1.508,-0.739,0.002,0.001,3.0
994,-1.185,0.777,1.508,-0.733,0.002,0.001,3.0
995,-1.186,0.778,1.508,-0.726,0.002,0.001,3.0
996,-1.186,0.778,1.508,-0.719,0.002,0.001,3.0
997,-1.187,0.778,1.508,-0.712,0.002,0.001,3.0
998,-1.187,0.779,1.508,-0.705,0.002,0.001,3.0
999,-1.188,0.779,1.508,-0.698,0.002,0.001,3.0
1000,-1.188,0.779,1.508,-0.690,0.002,0.001,3.0
1001,-1.189,0.780,1.508,-0.683,0.002,0.001,3.0
1002,-1.189,0.780,1.508,-0.676,0.002,0.001,3.0
1003,-1.190,0.780,1.508,-0.669,0.002,0.001,3.0
1004,-1.190,0.781,1.508,-0.662,0.002,0.001,3.0
1005,-1.191,0.781,1.508,-0.655,0.002,0.001,3.0
1006,-1.191,0.781,1.508,-0.648,0.002,0.001,3.0
1007,-1.192,0.781,1.508,-0.641,0.002,0.001,3.0
1008,-1.192,0.782,1.508,-0.634,0.002,0.001,3.0
1009,-1.192,0.782,1.508,-0.627,0.002,0.001,3.0
1010,-1.193,0.782,1.508,-0.619,0.002,0.001,3.0
1011,-1.193,0.783,1.508,-0.612,0.002,0.001,3.0
1012,-1.194,0.783,1.508,-0.604,0.001,0.001,3.0
1013,-1.194,0.783,1.508,-0.596,0.001,0.001,3.0
1014,-1.195,0.783,1.508,-0.589,0.001,0.001,3.0
1015,-1.195,0.784,1.508,-0.581,0.001,0.001,3.0
1016,-1.195,0.784,1.508,-0.573,0.001,0.001,3.0
1017,-1.196,0.784,1.508,-0.566,0.001,0.001,3.0
1018,-1.196,0.784,1.508,-0.559,0.001,0.001,3.0
1019,-1.197,0.785,1.508,-0.552,0.001,0.001,3.0
1020,-1.197,0.785,1.508,-0.545,0.001,0.001,3.0
1021,-1.198,0.785,1.508,-0.538,0.001,0.001,3.0
1022,-1.198,0.785,1.508,-0.531,0.001,0.001,3.0
1023,-1.198,0.786,1.508,-0.524,0.001,0.001,3.0
1024,-1.199,0.786,1.508,-0.517,0.001,0.001,3.0
1025,-1.199,0.786,1.508,-0.510,0.001,0.001,3.0
1026,-1.199,0.786,1.508,-0.503,0.001,0.001,3.0
1027,-1.200,0.787,1.508,-0.495,0.001,0.001,3.0
1028,-1.200,0.787,1.508,-0.488,0.001,0.001,3.0
1029,-1.201,0.787,1.508,-0.480,0.001,0.001,3.0
1030,-1.201,0.787,1.508,-0.473,0.001,0.001,3.0
1031,-1.201,0.787,1.508,-0.465,0.001,0.001,3.0
1032,-1.202,0.788,1.508,-0.458,0.001,0.001,3.0
1033,-1.202,0.788,1.508,-0.451,0.001,0.001,3.0
1034,-1.202,0.788,1.508,-0.444,0.001,0.001,3.0
1035,-1.203,0.788,1.508,-0.437,0.001,0.001,3.0
1036,-1.203,0.789,1.508,-0.430,0.001,0.001,3.0
1037,-1.203,0.789,1.508,-0.423,0.001,0.001,3.0
1038,-1.204,0.789,1.508,-0.416,0.001,0.001,3.0
1039,-1.204,0.789,1.508,-0.410,0.001,0.001,3.0
1040,-1.204,0.789,1.508,-0.403,0.001,0.001,3.0
1041,-1.205,0.789,1.508,-0.396,0.001,0.001,3.0
1042,-1.205,0.790,1.508,-0.389,0.001,0.001,3.0
1043,-1.205,0.790,1.508,-0.383,0.001,0.001,3.0
1044,-1.206,0.790,1.508,-0.376,0.001,0.001,3.0
1045,-1.206,0.790,1.508,-0.369,0.001,0.001,3.0
1046,-1.206,0.790,1.508,-0.362,0.001,0.001,3.0
1047,-1.207,0.790,1.508,-0.355,0.001,0.001,3.0
1048,-1.207,0.791,1.508,-0.348,0.001,0.001,3.0
1049,-1.207,0.791,1.508,-0.341,0.001,0.001,3.0
1050,-1.208,0.791,1.508,-0.335,0.001,0.001,3.0
1051,-1.208,0.791,1.508,-0.328,0.001,0.001,3.0
1052,-1.208,0.791,1.508,-0.322,0.001,0.001,3.0
1053,-1.209,0.791,1.508,-0.316,0.001,0.001,3.0
1054,-1.209,0.792,1.508,-0.310,0.001,0.001,3.0
1055,-1.209,0.792,1.508,-0.304,0.001,0.001,3.0
1056,-1.209,0.792,1.508,-0.298,0.001,0.001,3.0
1057,-1.210,0.792,1.508,-0.291,0.001,0.001,3.0
1058,-1.210,0.792,1.508,-0.285,0.001,0.001,3.0
1059,-1.210,0.792,1.508,-0.279,0.001,0.001,3.0
1060,-1.211,0.792,1.508,-0.273,0.001,0.001,3.0
1061,-1.211,0.793,1.508,-0.267,0.001,0.001,3.0
1062,-1.211,0.793,1.508,-0.260,0.001,0.001,3.0
1063,-1.211,0.793,1.508,-0.254,0.001,0.001,3.0
1064,-1.212,0.793,1.508,-0.248,0.001,0.001,3.0
1065,-1.212,0.793,1.508,-0.242,0.001,0.001,3.0
1066,-1.212,0.793,1.508,-0.237,0.001,0.001,3.0
1067,-1.212,0.793,1.508,-0.231,0.001,0.001,3.0
1068,-1.213,0.793,1.508,-0.225,0.001,0.001,3.0
1069,-1.213,0.794,1.508,-0.220,0.001,0.001,3.0
1070,-1.213,0.794,1.508,-0.214,0.001,0.001,3.0
1071,-1.213,0.794,1.508,-0.209,0.001,0.001,3.0
1072,-1.214,0.794,1.508,-0.203,0.001,0.001,3.0
1073,-1.214,0.794,1.508,-0.197,0.001,0.001,3.0
1074,-1.214,0.794,1.508,-0.192,0.001,0.001,3.0
1075,-1.214,0.794,1.508,-0.186,0.001,0.001,3.0
1076,-1.215,0.794,1.508,-0.181,0.001,0.001,3.0
1077,-1.215,0.794,1.508,-0.175,0.001,0.001,3.0
1078,-1.215,0.795,1.508,-0.170,0.001,0.001,3.0
1079,-1.215,0.795,1.508,-0.165,0.001,0.001,3.0
1080,-1.216,0.795,1.508,-0.160,0.001,0.001,3.0
1081,-1.216,0.795,1.508,-0.155,0.001,0.000,3.0
1082,-1.216,0.795,1.508,-0.150,0.001,0.000,3.0
1083,-1.216,0.795,1.508,-0.145,0.001,0.000,3.0
1084,-1.217,0.795,1.508,-0.140,0.001,0.000,3.0
1085,-1.217,0.795,1.508,-0.136,0.001,0.000,3.0
1086,-1.217,0.795,1.508,-0.131,0.001,0.000,3.0
1087,-1.217,0.795,1.508,-0.126,0.001,0.000,3.0
1088,-1.217,0.795,1.508,-0.121,0.001,0.000,3.0
1089,-1.218,0.795,1.508,-0.116,0.001,0.000,3.0
1090,-1.218,0.796,1.508,-0.111,0.001,0.000,3.0
1091,-1.218,0.796,1.508,-0.107,0.001,0.000,3.0
1092,-1.218,0.796,1.508,-0.102,0.001,0.000,3.0
1093,-1.219,0.796,1.508,-0.097,0.001,0.000,3.0
1094,-1.219,0.796,1.508,-0.093,0.001,0.000,3.0
1095,-1.219,0.796,1.508,-0.088,0.001,0.000,3.0
1096,-1.219,0.796,1.508,-0.084,0.001,0.000,3.0
1097,-1.219,0.796,1.508,-0.080,0.001,0.000,3.0
1098,-1.220,0.796,1.508,-0.075,0.001,0.000,3.0
1099,-1.220,0.796,1.508,-0.071,0.001,0.000,3.0
1100,-1.220,0.796,1.508,-0.067,0.001,0.000,3.0
1101,-1.220,0.796,1.508,-0.063,0.001,0.000,3.0
1102,-1.220,0.796,1.508,-0.059,0.001,0.000,3.0
1103,-1.220,0.796,1.508,-0.055,0.001,0.000,3.0
1104,-1.221,0.797,1.508,-0.051,0.001,0.000,3.0
1105,-1.221,0.797,1.508,-0.047,0.001,0.000,3.0
1106,-1.221,0.797,1.508,-0.043,0.001,0.000,3.0
1107,-1.221,0.797,1.508,-0.039,0.001,0.000,3.0
1108,-1.221,0.797,1.508,-0.035,0.001,0.000,3.0
1109,-1.222,0.797,1.508,-0.031,0.001,0.000,3.0
1110,-1.222,0.797,1.508,-0.028,0.001,0.000,3.0
1111,-1.222,0.797,1.508,-0.024,0.001,0.000,3.0
1112,-1.222,0.797,1.508,-0.020,0.001,0.000,3.0
1113,-1.222,0.797,1.508,-0.017,0.001,0.000,3.0
1114,-1.222,0.797,1.508,-0.013,0.001,0.000,3.0
1115,-1.223,0.797,1.508,-0.010,0.001,0.000,3.0
1116,-1.223,0.797,1.508,-0.006,0.001,0.000,3.0
1117,-1.223,0.797,1.508,-0.003,0.001,0.000,3.0
1118,-1.223,0.797,1.508,0.000,0.001,0.000,3.0
1119,-1.223,0.797,1.508,0.003,0.001,0.000,3.0
1120,-1.223,0.797,1.508,0.007,0.001,0.000,3.0
1121,-1.224,0.797,1.508,0.010,0.001,0.000,3.0
1122,-1.224,0.798,1.508,0.013,0.001,0.000,3.0
1123,-1.224,0.798,1.508,0.016,0.001,0.000,3.0
1124,-1.224,0.798,1.508,0.019,0.000,0.000,3.0
1125,-1.224,0.798,1.508,0.023,0.000,0.000,3.0
1126,-1.224,0.798,1.508,0.026,0.000,0.000,3.0
1127,-1.225,0.798,1.508,0.029,0.000,0.000,3.0
1128,-1.225,0.798,1.508,0.031,0.000,0.000,3.0
1129,-1.225,0.798,1.508,0.034,0.000,0.000,3.0
1130,-1.225,0.798,1.508,0.037,0.000,0.000,3.0
1131,-1.225,0.798,1.508,0.040,0.000,0.000,3.0
1132,-1.225,0.798,1.508,0.042,0.000,0.000,3.0
1133,-1.225,0.798,1.508,0.045,0.000,0.000,3.0
1134,-1.226,0.798,1.508,0.048,0.000,0.000,3.0
1135,-1.226,0.798,1.508,0.050,0.000,0.000,3.0
1136,-1.226,0.798,1.508,0.053,0.000,0.000,3.0
1137,-1.226,0.798,1.508,0.056,0.000,0.000,3.0
1138,-1.226,0.798,1.508,0.058,0.000,0.000,3.0
1139,-1.226,0.798,1.508,0.061,0.000,0.000,3.0
1140,-1.226,0.798,1.508,0.063,0.000,0.000,3.0
1141,-1.226,0.798,1.508,0.066,0.000,0.000,3.0
1142,-1.227,0.798,1.508,0.068,0.000,0.000,3.0
1143,-1.227,0.798,1.508,0.071,0.000,0.000,3.0
1144,-1.227,0.798,1.508,0.073,0.000,0.000,3.0
1145,-1.227,0.798,1.508,0.075,0.000,0.000,3.0
1146,-1.227,0.798,1.508,0.077,0.000,0.000,3.0
1147,-1.227,0.798,1.508,0.079,0.000,0.000,3.0
1148,-1.227,0.798,1.508,0.081,0.000,0.000,3.0
1149,-1.227,0.798,1.508,0.083,0.000,0.000,3.0
1150,-1.228,0.798,1.508,0.085,0.000,0.000,3.0
1151,-1.228,0.798,1.508,0.087,0.000,0.000,3.0
1152,-1.228,0.798,1.508,0.089,0.000,0.000,3.0
1153,-1.228,0.799,1.508,0.092,0.000,0.000,3.0
1154,-1.228,0.799,1.508,0.094,0.000,0.000,3.0
1155,-1.228,0.799,1.508,0.096,0.000,0.000,3.0
1156,-1.228,0.799,1.508,0.098,0.000,0.000,3.0
1157,-1.228,0.799,1.508,0.099,0.000,0.000,3.0
1158,-1.229,0.799,1.508,0.101,0.000,0.000,3.0
1159,-1.229,0.799,1.508,0.103,0.000,0.000,3.0
1160,-1.229,0.799,1.508,0.105,0.000,0.000,3.0
1161,-1.229,0.799,1.508,0.107,0.000,0.000,3.0
1162,-1.229,0.799,1.508,0.108,0.000,0.000,3.0
1163,-1.229,0.799,1.508,0.110,0.000,0.000,3.0
1164,-1.229,0.799,1.508,0.112,0.000,0.000,3.0
1165,-1.229,0.799,1.508,0.113,0.000,0.000,3.0
1166,-1.229,0.799,1.508,0.115,0.000,0.000,3.0
1167,-1.230,0.799,1.508,0.116,0.000,0.000,3.0
1168,-1.230,0.799,1.508,0.118,0.000,0.000,3.0
1169,-1.230,0.799,1.508,0.119,0.000,0.000,3.0
1170,-1.230,0.799,1.508,0.121,0.000,0.000,3.0
1171,-1.230,0.799,1.508,0.122,0.000,0.000,3.0
1172,-1.230,0.799,1.508,0.124,0.000,0.000,3.0
1173,-1.230,0.799,1.508,0.125,0.000,0.000,3.0
1174,-1.230,0.799,1.508,0.127,0.000,0.000,3.0
1175,-1.230,0.799,1.508,0.128,0.000,0.000,3.0
1176,-1.230,0.799,1.508,0.130,0.000,0.000,3.0
1177,-1.230,0.799,1.508,0.131,0.000,0.000,3.0
1178,-1.231,0.799,1.508,0.132,0.000,0.000,3.0
1179,-1.231,0.799,1.508,0.133,0.000,0.000,3.0
1180,-1.231,0.799,1.508,0.134,0.000,0.000,3.0
1181,-1.231,0.799,1.508,0.136,0.000,0.000,3.0
1182,-1.231,0.799,1.508,0.137,0.000,0.000,3.0
1183,-1.231,0.799,1.508,0.138,0.000,0.000,3.0
1184,-1.231,0.799,1.508,0.139,0.000,0.000,3.0
1185,-1.231,0.799,1.508,0.140,0.000,0.000,3.0
1186,-1.231,0.799,1.508,0.142,0.000,0.000,3.0
1187,-1.231,0.799,1.508,0.143,0.000,0.000,3.0
1188,-1.231,0.799,1.508,0.144,0.000,0.000,3.0
1189,-1.232,0.799,1.508,0.145,0.000,0.000,3.0
1190,-1.232,0.799,1.508,0.146,0.000,0.000,3.0
1191,-1.232,0.799,1.508,0.147,0.000,0.000,3.0
1192,-1.232,0.799,1.508,0.148,0.000,0.000,3.0
1193,-1.232,0.799,1.508,0.149,0.000,0.000,3.0
1194,-1.232,0.799,1.508,0.150,0.000,0.000,3.0
1195,-1.232,0.799,1.508,0.151,0.000,0.000,3.0
1196,-1.232,0.799,1.508,0.151,0.000,0.000,3.0
1197,-1.232,0.799,1.508,0.152,0.000,0.000,3.0
1198,-1.232,0.799,1.508,0.153,0.000,0.000,3.0
1199,-1.232,0.799,1.508,0.154,0.000,0.000,3.0
1200,-1.232,0.799,1.508,0.155,0.000,0.000,3.0
1201,-1.232,0.799,1.508,0.156,0.000,0.000,3.0
1202,-1.233,0.799,1.508,0.157,0.000,0.000,3.0
1203,-1.233,0.799,1.508,0.157,0.000,0.000,3.0
1204,-1.233,0.799,1.508,0.158,0.000,0.000,3.0
1205,-1.233,0.799,1.508,0.159,0.000,0.000,3.0
1206,-1.233,0.799,1.508,0.160,0.000,0.000,3.0
1207,-1.233,0.799,1.508,0.160,0.000,0.000,3.0
1208,-1.233,0.799,1.508,0.161,0.000,0.000,3.0
1209,-1.233,0.799,1.508,0.162,0.000,0.000,3.0
1210,-1.233,0.799,1.508,0.162,0.000,0.000,3.0
1211,-1.233,0.799,1.508,0.163,0.000,0.000,3.0
1212,-1.233,0.799,1.508,0.163,0.000,0.000,3.0
1213,-1.233,0.799,1.508,0.164,0.000,0.000,3.0
1214,-1.233,0.799,1.508,0.165,0.000,0.000,3.0
1215,-1.233,0.799,1.508,0.165,0.000,0.000,3.0
1216,-1.234,0.799,1.508,0.166,0.000,0.000,3.0
1217,-1.234,0.799,1.508,0.166,0.000,0.000,3.0
1218,-1.234,0.799,1.508,0.167,0.000,0.000,3.0
1219,-1.234,0.799,1.508,0.167,0.000,0.000,3.0
1220,-1.234,0.799,1.508,0.168,0.000,0.000,3.0
1221,-1.234,0.799,1.508,0.168,0.000,0.000,3.0
1222,-1.234,0.799,1.508,0.168,0.000,0.000,3.0
1223,-1.234,0.799,1.508,0.169,0.000,0.000,3.0
1224,-1.234,0.799,1.508,0.169,0.000,0.000,3.0
1225,-1.234,0.799,1.508,0.169,0.000,0.000,3.0
1226,-1.234,0.799,1.508,0.170,0.000,0.000,3.0
1227,-1.234,0.799,1.508,0.170,0.000,0.000,3.0
1228,-1.234,0.799,1.508,0.171,0.000,0.000,3.0
1229,-1.234,0.799,1.508,0.171,0.000,0.000,3.0
1230,-1.234,0.799,1.508,0.171,0.000,0.000,3.0
1231,-1.234,0.799,1.508,0.172,0.000,0.000,3.0
1232,-1.234,0.799,1.508,0.172,0.000,0.000,3.0
1233,-1.234,0.799,1.508,0.172,0.000,0.000,3.0
1234,-1.235,0.799,1.508,0.173,0.000,0.000,3.0
1235,-1.235,0.799,1.508,0.173,0.000,0.000,3.0
1236,-1.235,0.799,1.508,0.173,0.000,0.000,3.0
1237,-1.235,0.799,1.508,0.174,0.000,0.000,3.0
1238,-1.235,0.799,1.508,0.174,0.000,0.000,3.0
1239,-1.235,0.799,1.508,0.174,0.000,0.000,3.0
1240,-1.235,0.799,1.508,0.174,0.000,0.000,3.0
1241,-1.235,0.799,1.508,0.174,0.000,0.000,3.0
1242,-1.235,0.799,1.508,0.175,0.000,0.000,3.0
1243,-1.235,0.799,1.508,0.175,0.000,0.000,3.0
1244,-1.235,0.799,1.508,0.175,0.000,0.000,3.0
1245,-1.235,0.799,1.508,0.175,0.000,0.000,3.0
1246,-1.235,0.799,1.508,0.175,0.000,0.000,3.0
1247,-1.235,0.799,1.508,0.175,0.000,0.000,3.0
1248,-1.235,0.799,1.508,0.176,0.000,0.000,3.0
1249,-1.235,0.799,1.508,0.176,0.000,0.000,3.0
1250,-1.235,0.799,1.508,0.176,0.000,0.000,3.0
1251,-1.235,0.799,1.508,0.176,0.000,0.000,3.0
1252,-1.235,0.799,1.508,0.176,0.000,0.000,3.0
1253,-1.235,0.799,1.508,0.176,0.000,0.000,3.0
1254,-1.235,0.799,1.508,0.176,0.000,0.000,3.0
1255,-1.236,0.800,1.508,0.176,0.000,0.000,3.0
1256,-1.236,0.800,1.508,0.176,0.000,0.000,3.0
1257,-1.236,0.800,1.508,0.176,0.000,0.000,3.0
1258,-1.236,0.800,1.508,0.176,0.000,0.000,3.0
1259,-1.236,0.800,1.508,0.176,0.000,0.000,3.0
1260,-1.236,0.800,1.508,0.176,0.000,0.000,3.0
1261,-1.236,0.800,1.508,0.176,0.000,0.000,3.0
1262,-1.236,0.800,1.508,0.176,0.000,0.000,3.0
1263,-1.236,0.800,1.508,0.177,0.000,0.000,3.0
1264,-1.236,0.800,1.508,0.177,0.000,0.000,3.0
1265,-1.236,0.800,1.508,0.177,0.000,0.000,3.0
1266,-1.236,0.800,1.508,0.177,0.000,0.000,3.0
1267,-1.236,0.800,1.508,0.177,0.000,0.000,3.0
1268,-1.236,0.800,1.508,0.177,0.000,0.000,3.0
1269,-1.236,0.800,1.508,0.177,0.000,0.000,3.0
1270,-1.236,0.800,1.508,0.177,0.000,0.000,3.0
1271,-1.236,0.800,1.508,0.177,0.000,0.000,3.0
1272,-1.236,0.800,1.508,0.177,0.000,0.000,3.0
1273,-1.236,0.800,1.508,0.176,0.000,0.000,3.0
1274,-1.236,0.800,1.508,0.176,0.000,0.000,3.0
1275,-1.236,0.800,1.508,0.176,0.000,0.000,3.0
1276,-1.236,0.800,1.508,0.176,0.000,0.000,3.0
1277,-1.236,0.800,1.508,0.176,0.000,0.000,3.0
1278,-1.236,0.800,1.508,0.176,0.000,0.000,3.0
1279,-1.236,0.800,1.508,0.176,0.000,0.000,3.0
1280,-1.236,0.800,1.508,0.176,0.000,0.000,3.0
1281,-1.236,0.800,1.508,0.176,0.000,0.000,3.0
1282,-1.236,0.800,1.508,0.176,0.000,0.000,3.0
1283,-1.237,0.800,1.508,0.176,0.000,0.000,3.0
1284,-1.237,0.800,1.508,0.176,0.000,0.000,3.0
1285,-1.237,0.800,1.508,0.175,0.000,0.000,3.0
1286,-1.237,0.800,1.508,0.175,0.000,0.000,3.0
1287,-1.237,0.800,1.508,0.175,0.000,0.000,3.0
1288,-1.237,0.800,1.508,0.175,0.000,0.000,3.0
1289,-1.237,0.800,1.508,0.175,0.000,0.000,3.0
1290,-1.237,0.800,1.508,0.175,0.000,0.000,3.0
1291,-1.237,0.800,1.508,0.175,0.000,0.000,3.0
1292,-1.237,0.800,1.508,0.175,0.000,0.000,3.0
1293,-1.237,0.800,1.508,0.174,0.000,0.000,3.0
1294,-1.237,0.800,1.508,0.174,0.000,0.000,3.0
1295,-1.237,0.800,1.508,0.174,0.000,0.000,3.0
1296,-1.237,0.800,1.508,0.174,0.000,0.000,3.0
1297,-1.237,0.800,1.508,0.174,0.000,0.000,3.0
1298,-1.237,0.800,1.508,0.174,0.000,0.000,3.0
1299,-1.237,0.800,1.508,0.173,0.000,0.000,3.0
1300,-1.237,0.800,1.508,0.173,0.000,0.000,3.0
1301,-1.237,0.800,1.508,0.173,0.000,0.000,3.0
1302,-1.237,0.800,1.508,0.173,0.000,0.000,3.0
1303,-1.237,0.800,1.508,0.173,0.000,0.000,3.0
1304,-1.237,0.800,1.508,0.173,0.000,0.000,3.0
1305,-1.237,0.800,1.508,0.172,0.000,0.000,3.0
1306,-1.237,0.800,1.508,0.172,0.000,0.000,3.0
1307,-1.237,0.800,1.508,0.172,0.000,0.000,3.0
1308,-1.237,0.800,1.508,0.172,0.000,0.000,3.0
1309,-1.237,0.800,1.508,0.172,0.000,0.000,3.0
1310,-1.237,0.800,1.508,0.171,0.000,0.000,3.0
1311,-1.237,0.800,1.508,0.171,0.000,0.000,3.0
1312,-1.237,0.800,1.508,0.171,0.000,0.000,3.0
1313,-1.237,0.800,1.508,0.171,0.000,0.000,3.0
1314,-1.237,0.800,1.508,0.171,0.000,0.000,3.0
1315,-1.237,0.800,1.508,0.170,0.000,0.000,3.0
1316,-1.237,0.800,1.508,0.170,0.000,0.000,3.0
1317,-1.237,0.800,1.508,0.170,0.000,0.000,3.0
1318,-1.237,0.800,1.508,0.170,0.000,0.000,3.0
1319,-1.237,0.800,1.508,0.170,0.000,0.000,3.0
1320,-1.237,0.800,1.508,0.169,0.000,0.000,3.0
1321,-1.237,0.800,1.508,0.169,0.000,-0.000,3.0
1322,-1.237,0.800,1.508,0.169,0.000,-0.000,3.0
1323,-1.238,0.800,1.508,0.169,0.000,0.000,3.0
1324,-1.238,0.800,1.508,0.168,0.000,0.000,3.0
1325,-1.238,0.800,1.508,0.168,0.000,0.000,3.0
1326,-1.238,0.800,1.508,0.168,0.000,0.000,3.0
1327,-1.238,0.800,1.508,0.168,0.000,0.000,3.0
1328,-1.238,0.800,1.508,0.167,0.000,0.000,3.0
1329,-1.238,0.800,1.508,0.167,0.000,0.000,3.0
1330,-1.238,0.800,1.508,0.167,0.000,0.000,3.0
1331,-1.238,0.800,1.508,0.167,0.000,0.000,3.0
1332,-1.238,0.800,1.508,0.167,0.000,0.000,3.0
1333,-1.238,0.800,1.508,0.166,0.000,0.000,3.0
1334,-1.238,0.800,1.508,0.166,0.000,0.000,3.0
1335,-1.238,0.800,1.508,0.166,0.000,0.000,3.0
1336,-1.238,0.800,1.508,0.166,0.000,-0.000,3.0
1337,-1.238,0.800,1.508,0.165,0.000,-0.000,3.0
1338,-1.238,0.800,1.508,0.165,0.000,-0.000,3.0
1339,-1.238,0.800,1.508,0.165,0.000,-0.000,3.0
1340,-1.238,0.800,1.508,0.165,0.000,0.000,3.0
1341,-1.238,0.800,1.508,0.164,0.000,0.000,3.0
1342,-1.238,0.800,1.508,0.164,0.000,0.000,3.0
1343,-1.238,0.800,1.508,0.164,0.000,0.000,3.0
1344,-1.238,0.800,1.508,0.164,0.000,0.000,3.0
1345,-1.238,0.800,1.508,0.163,0.000,0.000,3.0
1346,-1.238,0.800,1.508,0.163,0.000,0.000,3.0
1347,-1.238,0.800,1.508,0.163,0.000,0.000,3.0
1348,-1.238,0.800,1.508,0.163,0.000,0.000,3.0
1349,-1.238,0.800,1.508,0.163,0.000,0.000,3.0
1350,-1.238,0.800,1.508,0.162,0.000,0.000,3.0
1351,-1.238,0.800,1.508,0.162,0.000,0.000,3.0
1352,-1.238,0.800,1.508,0.162,0.000,0.000,3.0
1353,-1.238,0.800,1.508,0.162,0.000,-0.000,3.0
1354,-1.238,0.800,1.508,0.161,0.000,0.000,3.0
1355,-1.238,0.800,1.508,0.161,0.000,0.000,3.0
1356,-1.238,0.800,1.508,0.161,0.000,0.000,3.0
1357,-1.238,0.800,1.508,0.161,0.000,0.000,3.0
1358,-1.238,0.800,1.508,0.160,0.000,0.000,3.0
1359,-1.238,0.800,1.508,0.160,0.000,0.000,3.0
1360,-1.238,0.800,1.508,0.160,0.000,0.000,3.0
1361,-1.238,0.800,1.508,0.160,0.000,0.000,3.0
1362,-1.238,0.800,1.508,0.159,0.000,0.000,3.0
1363,-1.238,0.800,1.508,0.159,0.000,0.000,3.0
1364,-1.238,0.800,1.508,0.159,0.000,0.000,3.0
1365,-1.238,0.800,1.508,0.159,0.000,0.000,3.0
1366,-1.238,0.800,1.508,0.159,0.000,0.000,3.0
1367,-1.238,0.800,1.508,0.158,0.000,0.000,3.0
1368,-1.238,0.800,1.508,0.158,0.000,0.000,3.0
1369,-1.238,0.800,1.508,0.158,0.000,0.000,3.0
1370,-1.238,0.800,1.508,0.158,0.000,0.000,3.0
1371,-1.238,0.800,1.508,0.157,0.000,0.000,3.0
1372,-1.238,0.800,1.508,0.157,0.000,0.000,3.0
1373,-1.238,0.800,1.508,0.157,0.000,0.000,3.0
1374,-1.238,0.800,1.508,0.157,0.000,0.000,3.0
1375,-1.238,0.800,1.508,0.156,0.000,0.000,3.0
1376,-1.238,0.800,1.508,0.156,0.000,0.000,3.0
1377,-1.238,0.800,1.508,0.156,0.000,0.000,3.0
1378,-1.238,0.800,1.508,0.156,0.000,0.000,3.0
1379,-1.238,0.800,1.508,0.156,0.000,0.000,3.0
1380,-1.238,0.800,1.508,0.155,0.000,0.000,3.0
1381,-1.238,0.800,1.508,0.155,0.000,0.000,3.0
1382,-1.238,0.800,1.508,0.155,0.000,0.000,3.0
1383,-1.238,0.800,1.508,0.155,0.000,0.000,3.0
1384,-1.238,0.800,1.508,0.154,0.000,0.000,3.0
1385,-1.238,0.800,1.508,0.154,0.000,0.000,3.0
1386,-1.238,0.800,1.508,0.154,0.000,0.000,3.0
1387,-1.238,0.800,1.508,0.154,0.000,0.000,3.0
1388,-1.238,0.800,1.508,0.154,0.000,0.000,3.0
1389,-1.238,0.800,1.508,0.153,0.000,0.000,3.0
1390,-1.238,0.800,1.508,0.153,0.000,0.000,3.0
1391,-1.238,0.800,1.508,0.153,0.000,0.000,3.0
1392,-1.238,0.800,1.508,0.153,0.000,0.000,3.0
1393,-1.238,0.800,1.508,0.153,0.000,0.000,3.0
1394,-1.238,0.800,1.508,0.152,0.000,0.000,3.0
1395,-1.238,0.800,1.508,0.152,0.000,0.000,3.0
1396,-1.238,0.800,1.508,0.152,0.000,0.000,3.0
1397,-1.238,0.800,1.508,0.152,0.000,0.000,3.0
1398,-1.238,0.800,1.508,0.152,0.000,0.000,3.0
1399,-1.238,0.800,1.508,0.151,0.000,0.000,3.0
1400,-1.238,0.800,1.508,0.151,0.000,0.000,3.0
1401,-1.238,0.800,1.508,0.151,0.000,0.000,3.0
1402,-1.238,0.800,1.508,0.151,0.000,0.000,3.0
1403,-1.238,0.800,1.508,0.151,0.000,0.000,3.0
1404,-1.238,0.800,1.508,0.150,0.000,0.000,3.0
1405,-1.238,0.800,1.508,0.150,0.000,0.000,3.0
1406,-1.238,0.800,1.508,0.150,0.000,0.000,3.0
1407,-1.238,0.800,1.508,0.150,0.000,0.000,3.0
1408,-1.239,0.800,1.508,0.150,0.000,0.000,3.0
1409,-1.239,0.800,1.508,0.149,0.000,0.000,3.0
1410,-1.239,0.800,1.508,0.149,0.000,0.000,3.0
1411,-1.239,0.800,1.508,0.149,0.000,0.000,3.0
1412,-1.239,0.800,1.508,0.149,0.000,0.000,3.0
1413,-1.239,0.800,1.508,0.149,0.000,0.000,3.0
1414,-1.239,0.800,1.508,0.149,0.000,0.000,3.0
1415,-1.239,0.800,1.508,0.148,0.000,0.000,3.0
1416,-1.239,0.800,1.508,0.148,0.000,0.000,3.0
1417,-1.239,0.800,1.508,0.148,0.000,0.000,3.0
1418,-1.239,0.800,1.508,0.148,0.000,0.000,3.0
1419,-1.239,0.800,1.508,0.148,0.000,0.000,3.0
1420,-1.239,0.800,1.508,0.148,0.000,0.000,3.0
1421,-1.239,0.800,1.508,0.147,0.000,0.000,3.0
1422,-1.239,0.800,1.508,0.147,0.000,0.000,3.0
1423,-1.239,0.800,1.508,0.147,0.000,0.000,3.0
1424,-1.239,0.800,1.508,0.147,0.000,0.000,3.0
1425,-1.239,0.800,1.508,0.147,0.000,0.000,3.0
1426,-1.239,0.800,1.508,0.147,0.000,0.000,3.0
1427,-1.239,0.800,1.508,0.146,0.000,0.000,3.0
1428,-1.239,0.800,1.508,0.146,0.000,0.000,3.0
1429,-1.239,0.800,1.508,0.146,0.000,0.000,3.0
1430,-1.239,0.800,1.508,0.146,0.000,0.000,3.0
1431,-1.239,0.800,1.508,0.146,0.000,0.000,3.0
1432,-1.239,0.800,1.508,0.146,0.000,0.000,3.0
1433,-1.239,0.800,1.508,0.145,0.000,0.000,3.0
1434,-1.239,0.800,1.508,0.145,0.000,0.000,3.0
1435,-1.239,0.800,1.508,0.145,0.000,0.000,3.0
1436,-1.239,0.800,1.508,0.145,0.000,0.000,3.0
1437,-1.239,0.800,1.508,0.145,0.000,0.000,3.0
1438,-1.239,0.800,1.508,0.145,0.000,0.000,3.0
1439,-1.239,0.800,1.508,0.144,0.000,0.000,3.0
1440,-1.239,0.800,1.508,0.144,0.000,0.000,3.0
1441,-1.239,0.800,1.508,0.144,0.000,0.000,3.0
1442,-1.239,0.800,1.508,0.144,0.000,0.000,3.0
1443,-1.239,0.800,1.508,0.144,0.000,0.000,3.0
1444,-1.239,0.800,1.508,0.144,0.000,0.000,3.0
1445,-1.239,0.800,1.508,0.144,0.000,0.000,3.0
1446,-1.239,0.800,1.508,0.143,0.000,0.000,3.0
1447,-1.239,0.800,1.508,0.143,0.000,0.000,3.0
1448,-1.239,0.800,1.508,0.143,0.000,0.000,3.0
1449,-1.239,0.800,1.508,0.143,0.000,0.000,3.0
1450,-1.239,0.800,1.508,0.143,0.000,0.000,3.0
1451,-1.239,0.800,1.508,0.143,0.000,0.000,3.0
1452,-1.239,0.800,1.508,0.143,0.000,0.000,3.0
1453,-1.239,0.800,1.508,0.143,0.000,0.000,3.0
1454,-1.239,0.800,1.508,0.142,0.000,0.000,3.0
1455,-1.239,0.800,1.508,0.142,0.000,0.000,3.0
1456,-1.239,0.800,1.508,0.142,0.000,0.000,3.0
1457,-1.239,0.800,1.508,0.142,0.000,0.000,3.0
1458,-1.239,0.800,1.508,0.142,0.000,0.000,3.0
1459,-1.239,0.800,1.508,0.142,0.000,0.000,3.0
1460,-1.239,0.800,1.508,0.142,0.000,0.000,3.0
1461,-1.239,0.800,1.508,0.141,0.000,0.000,3.0
1462,-1.239,0.800,1.508,0.141,0.000,0.000,3.0
1463,-1.239,0.800,1.508,0.141,0.000,0.000,3.0
1464,-1.239,0.800,1.508,0.141,0.000,0.000,3.0
1465,-1.239,0.800,1.508,0.141,0.000,0.000,3.0
1466,-1.239,0.800,1.508,0.141,0.000,0.000,3.0
1467,-1.239,0.800,1.508,0.141,0.000,0.000,3.0
1468,-1.239,0.800,1.508,0.140,0.000,0.000,3.0
1469,-1.239,0.800,1.508,0.140,0.000,0.000,3.0
1470,-1.239,0.800,1.508,0.140,0.000,0.000,3.0
1471,-1.239,0.800,1.508,0.140,0.000,0.000,3.0
1472,-1.239,0.800,1.508,0.140,0.000,0.000,3.0
1473,-1.239,0.800,1.508,0.140,0.000,0.000,3.0
1474,-1.239,0.800,1.508,0.140,0.000,0.000,3.0
1475,-1.239,0.800,1.508,0.140,0.000,0.000,3.0
1476,-1.239,0.800,1.508,0.139,0.000,0.000,3.0
1477,-1.239,0.800,1.508,0.139,0.000,0.000,3.0
1478,-1.239,0.800,1.508,0.139,0.000,0.000,3.0
1479,-1.239,0.800,1.508,0.139,0.000,0.000,3.0
1480,-1.239,0.800,1.508,0.139,0.000,0.000,3.0
1481,-1.239,0.800,1.508,0.139,0.000,0.000,3.0
1482,-1.239,0.800,1.508,0.139,0.000,0.000,3.0
1483,-1.239,0.800,1.508,0.138,0.000,0.000,3.0
1484,-1.239,0.800,1.508,0.138,0.000,0.000,3.0
1485,-1.239,0.800,1.508,0.138,0.000,0.000,3.0
1486,-1.239,0.800,1.508,0.138,0.000,0.000,3.0
1487,-1.239,0.800,1.508,0.138,0.000,0.000,3.0
1488,-1.239,0.800,1.508,0.138,0.000,0.000,3.0
1489,-1.239,0.800,1.508,0.137,0.000,0.000,3.0
1490,-1.239,0.800,1.508,0.137,0.000,0.000,3.0
1491,-1.239,0.800,1.508,0.137,0.000,0.000,3.0
1492,-1.239,0.800,1.508,0.137,0.000,0.000,3.0
1493,-1.239,0.800,1.508,0.137,0.000,0.000,3.0
1494,-1.239,0.800,1.508,0.137,0.000,0.000,3.0
1495,-1.239,0.800,1.508,0.137,0.000,0.000,3.0
1496,-1.239,0.800,1.508,0.136,0.000,0.000,3.0
1497,-1.239,0.800,1.508,0.136,0.000,0.000,3.0
1498,-1.239,0.800,1.508,0.136,0.000,0.000,3.0
1499,-1.239,0.800,1.508,0.136,0.000,0.000,3.0
1500,-1.239,0.800,1.508,0.136,0.000,0.000,3.0
1501,-1.239,0.800,1.508,0.136,0.000,0.000,3.0
1502,-1.239,0.800,1.508,0.136,0.000,0.000,3.0
1503,-1.239,0.800,1.508,0.135,0.000,0.000,3.0
1504,-1.239,0.800,1.508,0.135,0.000,0.000,3.0
1505,-1.239,0.800,1.508,0.135,0.000,0.000,3.0
1506,-1.239,0.800,1.508,0.135,0.000,0.000,3.0
1507,-1.239,0.800,1.508,0.135,0.000,0.000,3.0
1508,-1.239,0.800,1.508,0.135,0.000,0.000,3.0
1509,-1.239,0.800,1.508,0.134,0.000,0.000,3.0
1510,-1.239,0.800,1.508,0.134,0.000,0.000,3.0
1511,-1.239,0.800,1.508,0.134,0.000,0.000,3.0
1512,-1.239,0.800,1.508,0.133,0.000,0.000,3.0
1513,-1.239,0.800,1.508,0.133,0.000,0.000,3.0
1514,-1.239,0.800,1.508,0.133,0.000,-0.000,3.0
1515,-1.239,0.800,1.508,0.132,0.000,-0.000,3.0
1516,-1.239,0.800,1.508,0.132,0.000,-0.000,3.0
1517,-1.239,0.800,1.508,0.132,0.000,-0.000,3.0
1518,-1.239,0.800,1.508,0.131,0.000,-0.000,3.0
1519,-1.239,0.800,1.508,0.131,0.000,-0.000,3.0
1520,-1.239,0.800,1.508,0.130,0.000,-0.000,3.0
1521,-1.239,0.800,1.508,0.130,0.000,-0.000,3.0
1522,-1.239,0.800,1.508,0.129,0.000,-0.000,3.0
1523,-1.239,0.800,1.508,0.129,0.000,-0.000,3.0
1524,-1.239,0.800,1.508,0.128,0.000,-0.000,3.0
1525,-1.239,0.800,1.508,0.128,0.000,-0.000,3.0
1526,-1.239,0.800,1.508,0.127,0.000,-0.000,3.0
1527,-1.239,0.800,1.508,0.126,0.000,-0.000,3.0
1528,-1.239,0.800,1.508,0.126,0.000,-0.000,3.0
1529,-1.239,0.800,1.508,0.125,0.000,-0.000,3.0
1530,-1.239,0.800,1.508,0.124,0.000,-0.000,3.0
1531,-1.239,0.800,1.508,0.123,0.000,-0.000,3.0
1532,-1.239,0.800,1.508,0.122,0.000,-0.000,3.0
1533,-1.239,0.800,1.508,0.121,0.000,-0.000,3.0
1534,-1.239,0.800,1.508,0.120,0.000,-0.000,3.0
1535,-1.239,0.800,1.508,0.119,0.000,-0.000,3.0
1536,-1.239,0.800,1.508,0.118,0.000,-0.000,3.0
1537,-1.239,0.800,1.508,0.117,0.000,-0.000,3.0
1538,-1.239,0.800,1.508,0.116,0.000,-0.000,3.0
1539,-1.239,0.800,1.508,0.115,0.000,-0.000,3.0
1540,-1.239,0.800,1.508,0.114,0.000,-0.000,3.0
1541,-1.239,0.800,1.508,0.113,0.000,-0.000,3.0
1542,-1.239,0.800,1.508,0.112,0.000,-0.000,3.0
1543,-1.239,0.800,1.508,0.111,0.000,-0.000,3.0
1544,-1.239,0.800,1.508,0.110,0.000,-0.000,3.0
1545,-1.239,0.800,1.508,0.109,0.000,-0.000,3.0
1546,-1.239,0.800,1.508,0.108,0.000,-0.000,3.0
1547,-1.239,0.800,1.508,0.107,0.000,-0.000,3.0
1548,-1.239,0.800,1.508,0.107,0.000,-0.000,3.0
1549,-1.239,0.800,1.508,0.106,0.000,-0.000,3.0
1550,-1.239,0.800,1.508,0.105,0.000,-0.000,3.0
1551,-1.239,0.800,1.508,0.105,0.000,-0.000,3.0
1552,-1.239,0.800,1.508,0.104,0.000,-0.000,3.0
1553,-1.239,0.800,1.508,0.104,0.000,-0.000,3.0
1554,-1.239,0.800,1.508,0.103,0.000,-0.000,3.0
1555,-1.239,0.800,1.508,0.103,0.000,-0.000,3.0
1556,-1.239,0.800,1.508,0.103,0.000,-0.000,3.0
1557,-1.239,0.800,1.508,0.103,0.000,-0.000,3.0
1558,-1.239,0.800,1.508,0.102,0.000,-0.000,3.0
1559,-1.239,0.800,1.508,0.102,0.000,-0.000,3.0
1560,-1.239,0.800,1.508,0.102,0.000,0.000,3.0
1561,-1.239,0.800,1.508,0.102,0.000,0.000,3.0
1562,-1.239,0.800,1.508,0.102,-0.000,0.000,3.0
1563,-1.239,0.800,1.508,0.102,-0.000,0.000,3.0
1564,-1.239,0.800,1.508,0.102,-0.000,0.000,3.0
1565,-1.239,0.800,1.508,0.102,-0.000,0.000,3.0
1566,-1.239,0.800,1.508,0.102,-0.000,0.000,3.0
1567,-1.239,0.800,1.508,0.102,-0.000,0.000,3.0
1568,-1.239,0.800,1.508,0.102,-0.000,0.000,3.0
1569,-1.239,0.800,1.508,0.101,-0.000,0.000,3.0
1570,-1.239,0.800,1.508,0.101,-0.000,0.000,3.0
1571,-1.239,0.800,1.508,0.101,-0.000,0.000,3.0
1572,-1.239,0.800,1.508,0.101,-0.000,0.000,3.0
1573,-1.239,0.800,1.508,0.101,-0.000,0.000,3.0
1574,-1.239,0.800,1.508,0.101,-0.000,0.000,3.0
1575,-1.239,0.800,1.508,0.101,-0.000,0.000,3.0
1576,-1.239,0.800,1.508,0.101,-0.000,0.000,3.0
1577,-1.239,0.800,1.508,0.101,-0.000,0.000,3.0
1578,-1.239,0.800,1.508,0.101,-0.000,0.000,3.0
1579,-1.239,0.800,1.508,0.101,-0.000,0.000,3.0
1580,-1.239,0.800,1.508,0.101,-0.000,0.000,3.0
1581,-1.239,0.800,1.508,0.101,-0.000,0.000,3.0
1582,-1.239,0.800,1.508,0.101,-0.000,0.000,3.0
1583,-1.239,0.800,1.508,0.101,-0.000,0.000,3.0
1584,-1.239,0.800,1.508,0.101,-0.000,0.000,3.0
1585,-1.239,0.800,1.508,0.101,-0.000,0.000,3.0
1586,-1.239,0.800,1.508,0.101,-0.000,0.000,3.0
1587,-1.239,0.800,1.508,0.101,-0.000,0.000,3.0
1588,-1.239,0.800,1.508,0.101,-0.000,0.000,3.0
1589,-1.239,0.800,1.508,0.101,-0.000,0.000,3.0
1590,-1.239,0.800,1.508,0.101,-0.000,0.000,3.0
1591,-1.239,0.800,1.508,0.101,-0.000,0.000,3.0
1592,-1.239,0.800,1.508,0.101,-0.000,0.000,3.0
1593,-1.239,0.800,1.508,0.101,-0.000,0.000,3.0
1594,-1.239,0.800,1.508,0.101,-0.000,0.000,3.0
1595,-1.239,0.800,1.508,0.101,-0.000,0.000,3.0
1596,-1.239,0.800,1.508,0.101,-0.000,0.000,3.0
1597,-1.239,0.800,1.508,0.101,-0.000,0.000,3.0
1598,-1.239,0.800,1.508,0.101,-0.000,0.000,3.0
1599,-1.239,0.800,1.508,0.102,-0.000,0.000,3.0
1600,-1.239,0.800,1.508,0.102,-0.000,0.000,3.0
1601,-1.239,0.800,1.508,0.102,-0.000,0.000,3.0
1602,-1.239,0.800,1.508,0.102,-0.000,0.000,3.0
1603,-1.239,0.800,1.508,0.102,-0.000,0.000,3.0
1604,-1.239,0.800,1.508,0.102,-0.000,0.000,3.0
1605,-1.239,0.800,1.508,0.102,-0.000,0.000,3.0
1606,-1.239,0.800,1.508,0.102,-0.000,0.000,3.0
1607,-1.239,0.800,1.508,0.102,-0.000,0.000,3.0
1608,-1.239,0.800,1.508,0.102,-0.000,0.000,3.0
1609,-1.239,0.800,1.508,0.102,-0.000,0.000,3.0
1610,-1.239,0.800,1.508,0.102,-0.000,0.000,3.0
1611,-1.239,0.800,1.508,0.102,-0.000,0.000,3.0
1612,-1.239,0.800,1.508,0.102,-0.000,0.000,3.0
1613,-1.239,0.800,1.508,0.102,-0.000,0.000,3.0
1614,-1.239,0.800,1.508,0.102,-0.000,0.000,3.0
1615,-1.239,0.800,1.508,0.102,-0.000,0.000,3.0
1616,-1.239,0.800,1.508,0.102,-0.000,0.000,3.0
1617,-1.239,0.800,1.508,0.102,-0.000,0.000,3.0
1618,-1.239,0.800,1.508,0.102,-0.000,0.000,3.0
1619,-1.239,0.800,1.508,0.102,-0.000,0.000,3.0
1620,-1.239,0.800,1.508,0.102,-0.000,0.000,3.0
1621,-1.239,0.800,1.508,0.102,-0.000,0.000,3.0
1622,-1.239,0.800,1.508,0.102,-0.000,0.000,3.0
1623,-1.239,0.800,1.508,0.102,-0.000,0.000,3.0
1624,-1.239,0.800,1.508,0.102,-0.000,0.000,3.0
1625,-1.239,0.800,1.508,0.102,-0.000,0.000,3.0
1626,-1.239,0.800,1.508,0.102,-0.000,0.000,3.0
1627,-1.239,0.800,1.508,0.102,-0.000,0.000,3.0
1628,-1.239,0.800,1.508,0.102,-0.000,0.000,3.0
1629,-1.239,0.800,1.508,0.102,-0.000,0.000,3.0
1630,-1.239,0.800,1.508,0.102,-0.000,0.000,3.0
1631,-1.239,0.800,1.508,0.102,-0.000,0.000,3.0
1632,-1.239,0.800,1.508,0.102,-0.000,0.000,3.0
1633,-1.239,0.800,1.508,0.102,-0.000,0.000,3.0
1634,-1.239,0.800,1.508,0.102,-0.000,0.000,3.0
1635,-1.239,0.800,1.508,0.102,-0.000,0.000,3.0
1636,-1.239,0.800,1.508,0.102,-0.000,0.000,3.0
1637,-1.239,0.800,1.508,0.102,-0.000,0.000,3.0
1638,-1.239,0.800,1.508,0.102,-0.000,0.000,3.0
1639,-1.239,0.800,1.508,0.102,-0.000,0.000,3.0
1640,-1.239,0.800,1.508,0.102,0.000,0.000,3.0
1641,-1.239,0.800,1.508,0.102,0.000,0.000,3.0
1642,-1.239,0.800,1.508,0.102,0.000,0.000,3.0
1643,-1.239,0.800,1.508,0.102,0.000,0.000,3.0
1644,-1.239,0.800,1.508,0.102,0.000,0.000,3.0
1645,-1.239,0.800,1.508,0.102,0.000,0.000,3.0
1646,-1.239,0.800,1.508,0.102,0.000,0.000,3.0
1647,-1.239,0.800,1.508,0.102,0.000,0.000,3.0
1648,-1.239,0.800,1.508,0.102,0.000,0.000,3.0
1649,-1.239,0.800,1.508,0.102,0.000,0.000,3.0
1650,-1.239,0.800,1.508,0.102,0.000,0.000,3.0
1651,-1.239,0.800,1.508,0.102,0.000,0.000,3.0
1652,-1.239,0.800,1.508,0.101,0.000,0.000,3.0
1653,-1.239,0.800,1.508,0.101,0.000,0.000,3.0
1654,-1.239,0.800,1.508,0.101,0.000,0.000,3.0
1655,-1.239,0.800,1.508,0.101,0.000,0.000,3.0
1656,-1.239,0.800,1.508,0.101,0.000,0.000,3.0
1657,-1.239,0.800,1.508,0.101,0.000,0.000,3.0
1658,-1.239,0.800,1.508,0.101,0.000,0.000,3.0
1659,-1.239,0.800,1.508,0.101,0.000,0.000,3.0
1660,-1.239,0.800,1.508,0.101,0.000,0.000,3.0
1661,-1.239,0.800,1.508,0.101,0.000,0.000,3.0
1662,-1.239,0.800,1.508,0.101,0.000,0.000,3.0
1663,-1.239,0.800,1.508,0.101,0.000,0.000,3.0
1664,-1.239,0.800,1.508,0.100,0.000,0.000,3.0
1665,-1.239,0.800,1.508,0.100,0.000,0.000,3.0
1666,-1.239,0.800,1.508,0.100,0.000,-0.000,3.0
1667,-1.239,0.800,1.508,0.100,0.000,-0.000,3.0
1668,-1.239,0.800,1.508,0.100,0.000,-0.000,3.0
1669,-1.239,0.800,1.508,0.100,0.000,-0.000,3.0
1670,-1.239,0.800,1.508,0.099,0.000,-0.000,3.0
1671,-1.239,0.800,1.508,0.099,0.000,-0.000,3.0
1672,-1.239,0.800,1.508,0.099,0.000,-0.000,3.0
1673,-1.239,0.800,1.508,0.099,0.000,-0.000,3.0
1674,-1.239,0.800,1.508,0.099,0.000,-0.000,3.0
1675,-1.239,0.800,1.508,0.098,0.000,-0.000,3.0
1676,-1.239,0.800,1.508,0.098,0.000,-0.000,3.0
1677,-1.239,0.800,1.508,0.098,0.000,-0.000,3.0
1678,-1.239,0.800,1.508,0.098,0.000,-0.000,3.0
1679,-1.239,0.800,1.508,0.098,0.000,-0.000,3.0
1680,-1.239,0.800,1.508,0.097,0.000,-0.000,3.0
1681,-1.239,0.800,1.508,0.097,0.000,-0.000,3.0
1682,-1.239,0.800,1.508,0.097,0.000,-0.000,3.0
1683,-1.239,0.800,1.508,0.097,0.000,-0.000,3.0
1684,-1.239,0.800,1.508,0.097,0.000,-0.000,3.0
1685,-1.239,0.800,1.508,0.096,0.000,-0.000,3.0
1686,-1.239,0.800,1.508,0.096,0.000,-0.000,3.0
1687,-1.239,0.800,1.508,0.096,0.000,-0.000,3.0
1688,-1.239,0.800,1.508,0.096,0.000,-0.000,3.0
1689,-1.239,0.800,1.508,0.096,0.000,-0.000,3.0
1690,-1.239,0.800,1.508,0.095,0.000,-0.000,3.0
1691,-1.239,0.800,1.508,0.095,0.000,-0.000,3.0
1692,-1.239,0.800,1.508,0.095,0.000,-0.000,3.0
1693,-1.239,0.800,1.508,0.095,0.000,-0.000,3.0
1694,-1.239,0.800,1.508,0.095,0.000,-0.000,3.0
1695,-1.239,0.800,1.508,0.094,0.000,-0.000,3.0
1696,-1.239,0.800,1.508,0.094,0.000,-0.000,3.0
1697,-1.239,0.800,1.508,0.094,0.000,-0.000,3.0
1698,-1.239,0.800,1.508,0.094,0.000,-0.000,3.0
1699,-1.239,0.800,1.508,0.093,0.000,-0.000,3.0
1700,-1.239,0.800,1.508,0.093,0.000,-0.000,3.0
1701,-1.239,0.800,1.508,0.093,0.000,-0.000,3.0
1702,-1.239,0.800,1.508,0.093,0.000,-0.000,3.0
1703,-1.239,0.800,1.508,0.092,0.000,-0.000,3.0
1704,-1.239,0.800,1.508,0.092,0.000,-0.000,3.0
1705,-1.239,0.800,1.508,0.092,0.000,-0.000,3.0
1706,-1.239,0.800,1.508,0.091,0.000,-0.000,3.0
1707,-1.239,0.800,1.508,0.091,0.000,-0.000,3.0
1708,-1.239,0.800,1.508,0.091,0.000,-0.000,3.0
1709,-1.239,0.800,1.508,0.091,0.000,-0.000,3.0
1710,-1.239,0.800,1.508,0.090,0.000,-0.000,3.0
1711,-1.239,0.800,1.508,0.090,0.000,-0.000,3.0
1712,-1.239,0.800,1.508,0.090,0.000,-0.000,3.0
1713,-1.239,0.800,1.508,0.089,0.000,-0.000,3.0
1714,-1.239,0.800,1.508,0.089,0.000,-0.000,3.0
1715,-1.239,0.800,1.508,0.089,0.000,-0.000,3.0
1716,-1.239,0.800,1.508,0.089,0.000,-0.000,3.0
1717,-1.239,0.800,1.508,0.088,0.000,-0.000,3.0
1718,-1.239,0.800,1.508,0.088,0.000,-0.000,3.0
1719,-1.239,0.800,1.508,0.088,0.000,-0.000,3.0
1720,-1.239,0.800,1.508,0.087,0.000,-0.000,3.0
1721,-1.239,0.800,1.508,0.087,0.000,-0.000,3.0
1722,-1.239,0.800,1.508,0.087,0.000,-0.000,3.0
1723,-1.239,0.800,1.508,0.087,0.000,-0.000,3.0
1724,-1.239,0.800,1.508,0.086,0.000,-0.000,3.0
1725,-1.239,0.800,1.508,0.086,0.000,-0.000,3.0
1726,-1.239,0.800,1.508,0.086,0.000,-0.000,3.0
1727,-1.239,0.800,1.508,0.085,0.000,-0.000,3.0
1728,-1.239,0.800,1.508,0.085,0.000,-0.000,3.0
1729,-1.239,0.800,1.508,0.085,0.000,-0.000,3.0
1730,-1.239,0.800,1.508,0.085,0.000,-0.000,3.0
1731,-1.239,0.800,1.508,0.084,0.000,-0.000,3.0
1732,-1.239,0.800,1.508,0.084,0.000,-0.000,3.0
1733,-1.239,0.800,1.508,0.084,0.000,-0.000,3.0
1734,-1.239,0.800,1.508,0.084,0.000,-0.000,3.0
1735,-1.239,0.800,1.508,0.083,0.000,-0.000,3.0
1736,-1.239,0.800,1.508,0.083,0.000,-0.000,3.0
1737,-1.239,0.800,1.508,0.083,0.000,-0.000,3.0
1738,-1.239,0.800,1.508,0.082,0.000,-0.000,3.0
1739,-1.239,0.800,1.508,0.082,0.000,-0.000,3.0
1740,-1.239,0.800,1.508,0.082,0.000,-0.000,3.0
1741,-1.239,0.800,1.508,0.081,0.000,-0.000,3.0
1742,-1.239,0.800,1.508,0.081,0.000,-0.000,3.0
1743,-1.239,0.800,1.508,0.081,0.000,-0.000,3.0
1744,-1.239,0.800,1.508,0.080,0.000,-0.000,3.0
1745,-1.239,0.800,1.508,0.080,0.000,-0.000,3.0
1746,-1.239,0.800,1.508,0.079,0.000,-0.000,3.0
1747,-1.239,0.800,1.508,0.079,0.000,-0.000,3.0
1748,-1.239,0.800,1.508,0.079,0.000,-0.000,3.0
1749,-1.239,0.800,1.508,0.078,0.000,-0.000,3.0
1750,-1.239,0.800,1.508,0.078,0.000,-0.000,3.0
1751,-1.239,0.800,1.508,0.078,0.000,-0.000,3.0
1752,-1.239,0.800,1.508,0.077,0.000,-0.000,3.0
1753,-1.239,0.800,1.508,0.077,0.000,-0.000,3.0
1754,-1.239,0.800,1.508,0.076,0.000,-0.000,3.0
1755,-1.239,0.800,1.508,0.076,0.000,-0.000,3.0
1756,-1.239,0.800,1.508,0.075,0.000,-0.000,3.0
1757,-1.239,0.800,1.508,0.075,0.000,-0.000,3.0
1758,-1.239,0.800,1.508,0.075,0.000,-0.000,3.0
1759,-1.239,0.800,1.508,0.074,0.000,-0.000,3.0
1760,-1.239,0.800,1.508,0.074,0.000,-0.000,3.0
1761,-1.239,0.800,1.508,0.073,0.000,-0.000,3.0
1762,-1.239,0.800,1.508,0.073,0.000,-0.000,3.0
1763,-1.239,0.800,1.508,0.072,0.000,-0.000,3.0
1764,-1.239,0.800,1.508,0.072,0.000,-0.000,3.0
1765,-1.239,0.800,1.508,0.072,0.000,-0.000,3.0
1766,-1.239,0.800,1.508,0.071,0.000,-0.000,3.0
1767,-1.239,0.800,1.508,0.071,0.000,-0.000,3.0
1768,-1.239,0.800,1.508,0.070,0.000,-0.000,3.0
1769,-1.239,0.800,1.508,0.070,0.000,-0.000,3.0
1770,-1.239,0.800,1.508,0.070,0.000,-0.000,3.0
1771,-1.239,0.800,1.508,0.069,0.000,-0.000,3.0
1772,-1.239,0.800,1.508,0.069,0.000,-0.000,3.0
1773,-1.239,0.800,1.508,0.068,0.000,-0.000,3.0
1774,-1.239,0.800,1.508,0.068,0.000,-0.000,3.0
1775,-1.239,0.800,1.508,0.068,0.000,-0.000,3.0
1776,-1.239,0.800,1.508,0.067,0.000,-0.000,3.0
1777,-1.239,0.800,1.508,0.067,0.000,-0.000,3.0
1778,-1.239,0.800,1.508,0.066,0.000,-0.000,3.0
1779,-1.239,0.800,1.508,0.066,0.000,-0.000,3.0
1780,-1.239,0.800,1.508,0.066,0.000,-0.000,3.0
1781,-1.239,0.800,1.508,0.065,0.000,-0.000,3.0
1782,-1.239,0.800,1.508,0.065,0.000,-0.000,3.0
1783,-1.239,0.800,1.508,0.064,0.000,-0.000,3.0
1784,-1.239,0.800,1.508,0.064,0.000,-0.000,3.0
1785,-1.239,0.800,1.508,0.063,0.000,-0.000,3.0
1786,-1.239,0.800,1.508,0.063,0.000,-0.000,3.0
1787,-1.239,0.800,1.508,0.063,0.000,-0.000,3.0
1788,-1.239,0.800,1.508,0.062,0.000,-0.000,3.0
1789,-1.239,0.800,1.508,0.062,0.000,-0.000,3.0
1790,-1.239,0.800,1.508,0.061,0.000,-0.000,3.0
1791,-1.239,0.800,1.508,0.061,0.000,-0.000,3.0
1792,-1.239,0.800,1.508,0.060,0.000,-0.000,3.0
1793,-1.239,0.800,1.508,0.060,0.000,-0.000,3.0
1794,-1.238,0.800,1.508,0.060,0.000,-0.000,3.0
1795,-1.238,0.801,1.508,0.059,0.000,-0.000,3.0
1796,-1.238,0.801,1.508,0.059,0.000,-0.000,3.0
1797,-1.238,0.801,1.508,0.058,0.000,-0.000,3.0
1798,-1.238,0.801,1.508,0.058,0.000,-0.000,3.0
1799,-1.238,0.801,1.508,0.058,0.000,-0.000,3.0
1800,-1.238,0.801,1.508,0.057,0.000,-0.000,3.0
1801,-1.238,0.801,1.508,0.057,0.000,0.000,3.0
1802,-1.238,0.801,1.508,0.057,0.000,0.000,3.0
1803,-1.238,0.801,1.508,0.056,0.000,0.000,3.0
1804,-1.238,0.801,1.508,0.056,0.000,0.000,3.0
1805,-1.238,0.801,1.508,0.056,0.000,0.000,3.0
1806,-1.238,0.801,1.508,0.055,0.000,0.000,3.0
1807,-1.238,0.801,1.508,0.055,0.000,0.000,3.0
1808,-1.238,0.801,1.508,0.054,0.000,0.000,3.0
1809,-1.238,0.801,1.508,0.054,0.000,0.000,3.0
1810,-1.238,0.801,1.508,0.054,0.000,0.000,3.0
1811,-1.238,0.801,1.508,0.053,0.000,0.000,3.0
1812,-1.238,0.801,1.508,0.053,0.000,0.000,3.0
1813,-1.238,0.801,1.508,0.053,0.000,0.000,3.0
1814,-1.238,0.801,1.508,0.052,0.000,0.000,3.0
1815,-1.238,0.801,1.508,0.052,0.000,0.000,3.0
1816,-1.238,0.801,1.508,0.051,0.000,-0.000,3.0
1817,-1.238,0.801,1.508,0.051,0.000,-0.000,3.0
1818,-1.238,0.801,1.508,0.051,0.000,-0.000,3.0
1819,-1.238,0.801,1.508,0.050,0.000,-0.000,3.0
1820,-1.238,0.801,1.508,0.050,0.000,-0.000,3.0
1821,-1.238,0.801,1.508,0.049,0.000,-0.000,3.0
1822,-1.238,0.801,1.508,0.049,0.000,-0.000,3.0
1823,-1.238,0.801,1.508,0.048,0.000,-0.000,3.0
1824,-1.238,0.801,1.508,0.048,0.000,-0.000,3.0
1825,-1.238,0.801,1.508,0.048,-0.000,-0.000,3.0
1826,-1.238,0.801,1.508,0.047,-0.000,-0.000,3.0
1827,-1.238,0.801,1.508,0.047,-0.000,-0.000,3.0
1828,-1.238,0.801,1.508,0.046,0.000,-0.000,3.0
1829,-1.238,0.801,1.508,0.046,-0.000,-0.000,3.0
1830,-1.238,0.801,1.508,0.045,-0.000,-0.000,3.0
1831,-1.238,0.801,1.508,0.045,-0.000,-0.000,3.0
1832,-1.238,0.801,1.508,0.044,-0.000,-0.000,3.0
1833,-1.238,0.801,1.508,0.044,-0.000,-0.000,3.0
1834,-1.238,0.801,1.508,0.044,-0.000,-0.000,3.0
1835,-1.238,0.801,1.508,0.043,-0.000,-0.000,3.0
1836,-1.238,0.801,1.508,0.043,-0.000,-0.000,3.0
1837,-1.238,0.801,1.508,0.042,-0.000,-0.000,3.0
1838,-1.238,0.801,1.508,0.042,-0.000,-0.000,3.0
1839,-1.238,0.801,1.508,0.041,-0.000,-0.000,3.0
1840,-1.238,0.801,1.508,0.041,-0.000,-0.000,3.0
1841,-1.238,0.801,1.508,0.041,-0.000,-0.000,3.0
1842,-1.238,0.801,1.508,0.040,-0.000,-0.000,3.0
1843,-1.238,0.801,1.508,0.040,-0.000,-0.000,3.0
1844,-1.238,0.801,1.508,0.040,-0.000,-0.000,3.0
1845,-1.238,0.801,1.508,0.039,-0.000,-0.000,3.0
1846,-1.238,0.801,1.508,0.039,-0.000,-0.000,3.0
1847,-1.238,0.801,1.508,0.038,-0.000,-0.000,3.0
1848,-1.238,0.801,1.508,0.038,-0.000,-0.000,3.0
1849,-1.238,0.801,1.508,0.038,-0.000,-0.000,3.0
1850,-1.238,0.801,1.508,0.037,-0.000,-0.000,3.0
1851,-1.238,0.801,1.508,0.037,-0.000,-0.000,3.0
1852,-1.238,0.801,1.508,0.036,-0.000,-0.000,3.0
1853,-1.238,0.801,1.508,0.036,-0.000,-0.000,3.0
1854,-1.238,0.801,1.508,0.036,-0.000,-0.000,3.0
1855,-1.238,0.801,1.508,0.035,-0.000,-0.000,3.0
1856,-1.238,0.801,1.508,0.035,-0.000,-0.000,3.0
1857,-1.238,0.801,1.508,0.035,-0.000,-0.000,3.0
1858,-1.238,0.801,1.508,0.034,-0.000,-0.000,3.0
1859,-1.238,0.801,1.508,0.034,-0.000,-0.000,3.0
1860,-1.238,0.801,1.508,0.033,-0.000,-0.000,3.0
1861,-1.238,0.801,1.508,0.033,-0.000,-0.000,3.0
1862,-1.238,0.801,1.508,0.033,-0.000,-0.000,3.0
1863,-1.238,0.801,1.508,0.032,-0.000,-0.000,3.0
1864,-1.238,0.801,1.508,0.032,-0.000,0.000,3.0
1865,-1.238,0.801,1.508,0.031,-0.000,0.000,3.0
1866,-1.238,0.801,1.508,0.031,-0.000,0.000,3.0
1867,-1.238,0.801,1.508,0.031,-0.000,0.000,3.0
1868,-1.238,0.801,1.508,0.031,-0.000,0.000,3.0
1869,-1.238,0.801,1.508,0.030,-0.000,0.000,3.0
1870,-1.238,0.801,1.508,0.030,-0.000,0.000,3.0
1871,-1.238,0.801,1.508,0.030,-0.000,0.000,3.0
1872,-1.238,0.801,1.508,0.029,-0.000,0.000,3.0
1873,-1.238,0.801,1.508,0.029,-0.000,0.000,3.0
1874,-1.238,0.801,1.508,0.029,-0.000,0.000,3.0
1875,-1.238,0.801,1.508,0.029,-0.000,0.000,3.0
1876,-1.238,0.801,1.508,0.028,-0.000,0.000,3.0
1877,-1.238,0.801,1.508,0.028,-0.000,0.000,3.0
1878,-1.238,0.801,1.508,0.028,-0.000,0.000,3.0
1879,-1.238,0.801,1.508,0.027,-0.000,0.000,3.0
1880,-1.238,0.801,1.508,0.027,-0.000,0.000,3.0
1881,-1.238,0.801,1.508,0.027,-0.000,0.000,3.0
1882,-1.238,0.801,1.508,0.026,-0.000,0.000,3.0
1883,-1.238,0.801,1.508,0.026,-0.000,0.000,3.0
1884,-1.238,0.801,1.508,0.026,-0.000,0.000,3.0
1885,-1.238,0.801,1.508,0.026,-0.000,0.000,3.0
1886,-1.238,0.801,1.508,0.025,-0.000,0.000,3.0
1887,-1.238,0.801,1.508,0.025,-0.000,0.000,3.0
1888,-1.238,0.801,1.508,0.025,-0.000,0.000,3.0
1889,-1.238,0.801,1.508,0.024,-0.000,0.000,3.0
1890,-1.238,0.801,1.508,0.024,-0.000,0.000,3.0
1891,-1.238,0.801,1.508,0.024,-0.000,0.000,3.0
1892,-1.238,0.801,1.508,0.023,-0.000,0.000,3.0
1893,-1.238,0.801,1.508,0.023,-0.000,0.000,3.0
1894,-1.238,0.801,1.508,0.022,-0.000,-0.000,3.0
1895,-1.238,0.801,1.508,0.022,-0.000,-0.000,3.0
1896,-1.238,0.801,1.508,0.022,-0.000,-0.000,3.0
1897,-1.238,0.801,1.508,0.021,-0.000,-0.000,3.0
1898,-1.238,0.801,1.508,0.021,-0.000,-0.000,3.0
1899,-1.238,0.801,1.508,0.021,-0.000,-0.000,3.0
1900,-1.238,0.801,1.508,0.020,-0.000,-0.000,3.0
1901,-1.238,0.801,1.508,0.020,-0.000,-0.000,3.0
1902,-1.238,0.801,1.508,0.020,-0.000,0.000,3.0
1903,-1.238,0.801,1.508,0.019,-0.000,0.000,3.0
1904,-1.238,0.801,1.508,0.019,-0.000,0.000,3.0
1905,-1.238,0.801,1.508,0.019,-0.000,0.000,3.0
1906,-1.238,0.801,1.508,0.018,-0.000,0.000,3.0
1907,-1.238,0.801,1.508,0.018,-0.000,0.000,3.0
1908,-1.238,0.801,1.508,0.018,-0.000,0.000,3.0
1909,-1.238,0.801,1.508,0.018,-0.000,0.000,3.0
1910,-1.238,0.801,1.508,0.017,-0.000,0.000,3.0
1911,-1.238,0.801,1.508,0.017,-0.000,0.000,3.0
1912,-1.238,0.801,1.508,0.017,-0.000,0.000,3.0
1913,-1.238,0.801,1.508,0.017,-0.000,0.000,3.0
1914,-1.238,0.801,1.508,0.016,-0.000,0.000,3.0
1915,-1.238,0.801,1.508,0.016,-0.000,0.000,3.0
1916,-1.238,0.801,1.508,0.016,-0.000,0.000,3.0
1917,-1.238,0.801,1.508,0.015,-0.000,0.000,3.0
1918,-1.238,0.801,1.508,0.015,-0.000,0.000,3.0
1919,-1.238,0.801,1.508,0.015,-0.000,0.000,3.0
1920,-1.238,0.801,1.508,0.015,-0.000,0.000,3.0
1921,-1.238,0.801,1.508,0.014,-0.000,0.000,3.0
1922,-1.238,0.801,1.508,0.014,-0.000,0.000,3.0
1923,-1.238,0.801,1.508,0.014,-0.000,0.000,3.0
1924,-1.238,0.801,1.508,0.014,-0.000,0.000,3.0
1925,-1.238,0.801,1.508,0.013,-0.000,0.000,3.0
1926,-1.238,0.801,1.508,0.013,-0.000,0.000,3.0
1927,-1.238,0.801,1.508,0.013,-0.000,0.000,3.0
1928,-1.238,0.801,1.508,0.012,-0.000,0.000,3.0
1929,-1.238,0.801,1.508,0.012,-0.000,0.000,3.0
1930,-1.238,0.801,1.508,0.012,-0.000,0.000,3.0
1931,-1.238,0.801,1.508,0.012,-0.000,0.000,3.0
1932,-1.238,0.801,1.508,0.011,-0.000,0.000,3.0
1933,-1.238,0.801,1.508,0.011,-0.000,0.000,3.0
1934,-1.238,0.801,1.508,0.011,-0.000,0.000,3.0
1935,-1.238,0.801,1.508,0.011,-0.000,0.000,3.0
1936,-1.238,0.801,1.508,0.011,-0.000,0.000,3.0
1937,-1.238,0.801,1.508,0.010,-0.000,0.000,3.0
1938,-1.238,0.801,1.508,0.010,-0.000,0.000,3.0
1939,-1.238,0.801,1.508,0.010,-0.000,0.000,3.0
1940,-1.238,0.801,1.508,0.010,-0.000,0.000,3.0
1941,-1.238,0.801,1.508,0.010,-0.000,0.000,3.0
1942,-1.238,0.801,1.508,0.010,-0.000,0.000,3.0
1943,-1.238,0.801,1.508,0.010,-0.000,0.000,3.0
1944,-1.238,0.801,1.508,0.009,-0.000,0.000,3.0
1945,-1.238,0.801,1.508,0.009,-0.000,0.000,3.0
1946,-1.238,0.801,1.508,0.009,-0.000,0.000,3.0
1947,-1.238,0.801,1.508,0.009,-0.000,0.000,3.0
1948,-1.238,0.801,1.508,0.009,-0.000,0.000,3.0
1949,-1.238,0.801,1.508,0.009,-0.000,0.000,3.0
1950,-1.238,0.801,1.508,0.008,-0.000,0.000,3.0
1951,-1.238,0.801,1.508,0.008,-0.000,0.000,3.0
1952,-1.238,0.801,1.508,0.008,-0.000,0.000,3.0
1953,-1.238,0.801,1.508,0.008,-0.000,0.000,3.0
1954,-1.238,0.801,1.508,0.008,-0.000,0.000,3.0
1955,-1.238,0.801,1.508,0.007,-0.000,0.000,3.0
1956,-1.238,0.801,1.508,0.007,-0.000,0.000,3.0
1957,-1.238,0.801,1.508,0.007,-0.000,0.000,3.0
1958,-1.238,0.801,1.508,0.007,-0.000,0.000,3.0
1959,-1.238,0.801,1.508,0.007,-0.000,0.000,3.0
1960,-1.238,0.801,1.508,0.006,-0.000,0.000,3.0
1961,-1.238,0.801,1.508,0.006,-0.000,0.000,3.0
1962,-1.238,0.801,1.508,0.006,-0.000,0.000,3.0
1963,-1.238,0.801,1.508,0.006,-0.000,0.000,3.0
1964,-1.238,0.801,1.508,0.005,-0.000,0.000,3.0
1965,-1.238,0.801,1.508,0.005,-0.000,0.000,3.0
1966,-1.238,0.801,1.508,0.005,-0.000,0.000,3.0
1967,-1.238,0.801,1.508,0.005,-0.000,0.000,3.0
1968,-1.238,0.801,1.508,0.005,-0.000,0.000,3.0
1969,-1.238,0.801,1.508,0.004,-0.000,0.000,3.0
1970,-1.238,0.801,1.508,0.004,-0.000,0.000,3.0
1971,-1.238,0.801,1.508,0.004,-0.000,0.000,3.0
1972,-1.238,0.801,1.508,0.004,-0.000,0.000,3.0
1973,-1.238,0.801,1.508,0.004,-0.000,0.000,3.0
1974,-1.238,0.801,1.508,0.004,-0.000,0.000,3.0
1975,-1.238,0.801,1.508,0.003,-0.000,0.000,3.0
1976,-1.238,0.801,1.508,0.003,-0.000,0.000,3.0
1977,-1.238,0.801,1.508,0.003,-0.000,0.000,3.0
1978,-1.238,0.801,1.508,0.003,-0.000,0.000,3.0
1979,-1.238,0.801,1.508,0.003,-0.000,0.000,3.0
1980,-1.238,0.801,1.508,0.003,-0.000,0.000,3.0
1981,-1.238,0.801,1.508,0.003,-0.000,0.000,3.0
1982,-1.238,0.801,1.508,0.002,-0.000,0.000,3.0
1983,-1.238,0.801,1.508,0.002,-0.000,0.000,3.0
1984,-1.238,0.801,1.508,0.002,-0.000,0.000,3.0
1985,-1.238,0.801,1.508,0.002,-0.000,0.000,3.0
1986,-1.238,0.801,1.508,0.002,-0.000,0.000,3.0
1987,-1.238,0.801,1.508,0.002,-0.000,0.000,3.0
1988,-1.238,0.801,1.508,0.002,-0.000,0.000,3.0
1989,-1.238,0.801,1.508,0.001,-0.000,0.000,3.0
1990,-1.238,0.801,1.508,0.001,-0.000,0.000,3.0
1991,-1.238,0.801,1.508,0.001,-0.000,0.000,3.0
1992,-1.238,0.801,1.508,0.001,-0.000,0.000,3.0
1993,-1.238,0.801,1.508,0.001,-0.000,0.000,3.0
1994,-1.238,0.801,1.508,0.001,-0.000,0.000,3.0
1995,-1.238,0.801,1.508,0.001,-0.000,0.000,3.0
1996,-1.238,0.801,1.508,0.000,-0.000,0.000,3.0
1997,-1.238,0.801,1.508,0.000,-0.000,0.000,3.0
1998,-1.238,0.801,1.508,0.000,-0.000,0.000,3.0
1999,-1.238,0.801,1.508,-0.000,-0.000,0.000,3.0
2000,-1.238,0.801,1.508,-0.000,-0.000,0.000,3.0
2001,-1.238,0.801,1.508,-0.000,-0.000,0.000,3.0
2002,-1.238,0.801,1.508,-0.000,-0.000,0.000,3.0
2003,-1.238,0.801,1.508,-0.000,-0.000,0.000,3.0
2004,-1.238,0.801,1.508,-0.000,-0.000,0.000,3.0
2005,-1.238,0.801,1.508,-0.000,-0.000,0.000,3.0
2006,-1.238,0.801,1.508,-0.000,-0.000,0.000,3.0
2007,-1.238,0.801,1.508,-0.001,-0.000,0.000,3.0
2008,-1.238,0.801,1.508,-0.001,-0.000,0.000,3.0
2009,-1.238,0.801,1.508,-0.001,-0.000,0.000,3.0
2010,-1.238,0.801,1.508,-0.001,-0.000,0.000,3.0
2011,-1.238,0.801,1.508,-0.001,-0.000,0.000,3.0
2012,-1.238,0.801,1.508,-0.001,-0.000,0.000,3.0
2013,-1.238,0.801,1.508,-0.001,-0.000,0.000,3.0
2014,-1.238,0.801,1.508,-0.001,-0.000,0.000,3.0
2015,-1.238,0.801,1.508,-0.001,-0.000,0.000,3.0
2016,-1.238,0.801,1.508,-0.001,-0.000,0.000,3.0
2017,-1.238,0.801,1.508,-0.001,-0.000,0.000,3.0
2018,-1.238,0.801,1.508,-0.001,-0.000,0.000,3.0
2019,-1.238,0.801,1.508,-0.001,-0.000,0.000,3.0
2020,-1.238,0.801,1.508,-0.001,-0.000,0.000,3.0
2021,-1.238,0.801,1.508,-0.001,-0.000,0.000,3.0
2022,-1.238,0.801,1.508,-0.001,-0.000,0.000,3.0
2023,-1.238,0.801,1.508,-0.001,-0.000,0.000,3.0
2024,-1.238,0.801,1.508,-0.002,-0.000,0.000,3.0
2025,-1.238,0.801,1.508,-0.002,-0.000,0.000,3.0
2026,-1.238,0.801,1.508,-0.002,-0.000,0.000,3.0
2027,-1.238,0.801,1.508,-0.002,-0.000,0.000,3.0
2028,-1.238,0.801,1.508,-0.002,-0.000,0.000,3.0
2029,-1.238,0.801,1.508,-0.002,-0.000,0.000,3.0
2030,-1.238,0.801,1.508,-0.002,-0.000,0.000,3.0
2031,-1.238,0.801,1.508,-0.002,-0.000,0.000,3.0
2032,-1.238,0.801,1.508,-0.003,-0.000,0.000,3.0
2033,-1.238,0.801,1.508,-0.003,-0.000,0.000,3.0
2034,-1.238,0.801,1.508,-0.003,-0.000,0.000,3.0
2035,-1.238,0.801,1.508,-0.003,-0.000,0.000,3.0
2036,-1.238,0.801,1.508,-0.003,-0.000,0.000,3.0
2037,-1.238,0.801,1.508,-0.003,-0.000,0.000,3.0
2038,-1.238,0.801,1.508,-0.003,-0.000,0.000,3.0
2039,-1.238,0.801,1.508,-0.003,-0.000,0.000,3.0
2040,-1.238,0.801,1.508,-0.003,-0.000,0.000,3.0
2041,-1.238,0.801,1.508,-0.003,-0.000,0.000,3.0
2042,-1.238,0.801,1.508,-0.003,-0.000,0.000,3.0
2043,-1.238,0.801,1.508,-0.003,-0.000,0.000,3.0
2044,-1.238,0.801,1.508,-0.003,-0.000,0.000,3.0
2045,-1.238,0.801,1.508,-0.003,-0.000,0.000,3.0
2046,-1.238,0.801,1.508,-0.003,-0.000,0.000,3.0
2047,-1.238,0.801,1.508,-0.004,-0.000,0.000,3.0
2048,-1.238,0.801,1.508,-0.004,-0.000,0.000,3.0
2049,-1.238,0.801,1.508,-0.004,-0.000,0.000,3.0
2050,-1.238,0.801,1.508,-0.004,-0.000,0.000,3.0
2051,-1.238,0.801,1.508,-0.004,-0.000,0.000,3.0
2052,-1.238,0.801,1.508,-0.004,-0.000,0.000,3.0
2053,-1.238,0.801,1.508,-0.004,-0.000,0.000,3.0
2054,-1.238,0.801,1.508,-0.004,-0.000,0.000,3.0
2055,-1.238,0.801,1.508,-0.004,-0.000,0.000,3.0
2056,-1.238,0.801,1.508,-0.004,-0.000,0.000,3.0
2057,-1.238,0.801,1.508,-0.004,-0.000,0.000,3.0
2058,-1.238,0.801,1.508,-0.004,-0.000,0.000,3.0
2059,-1.238,0.801,1.508,-0.004,-0.000,0.000,3.0
2060,-1.238,0.801,1.508,-0.004,-0.000,0.000,3.0
2061,-1.238,0.801,1.508,-0.004,-0.000,0.000,3.0
2062,-1.238,0.801,1.508,-0.004,-0.000,0.000,3.0
2063,-1.238,0.801,1.508,-0.004,-0.000,0.000,3.0
2064,-1.238,0.801,1.508,-0.004,-0.000,0.000,3.0
2065,-1.238,0.801,1.508,-0.004,-0.000,0.000,3.0
2066,-1.238,0.801,1.508,-0.004,-0.000,0.000,3.0
2067,-1.238,0.801,1.508,-0.004,-0.000,0.000,3.0
2068,-1.238,0.801,1.508,-0.004,-0.000,0.000,3.0
2069,-1.238,0.801,1.508,-0.004,-0.000,0.000,3.0
2070,-1.238,0.801,1.508,-0.004,-0.000,0.000,3.0
2071,-1.238,0.801,1.508,-0.004,-0.000,0.000,3.0
2072,-1.238,0.801,1.508,-0.004,-0.000,0.000,3.0
2073,-1.238,0.801,1.508,-0.004,-0.000,0.000,3.0
2074,-1.238,0.801,1.508,-0.004,-0.000,0.000,3.0
2075,-1.238,0.801,1.508,-0.004,-0.000,0.000,3.0
2076,-1.238,0.801,1.508,-0.004,-0.000,0.000,3.0
2077,-1.238,0.801,1.508,-0.004,-0.000,0.000,3.0
2078,-1.238,0.801,1.508,-0.004,-0.000,0.000,3.0
2079,-1.238,0.801,1.508,-0.004,-0.000,0.000,3.0
2080,-1.238,0.801,1.508,-0.004,-0.000,0.000,3.0
2081,-1.238,0.801,1.508,-0.004,-0.000,0.000,3.0
2082,-1.238,0.801,1.508,-0.004,-0.000,0.000,3.0
2083,-1.238,0.801,1.508,-0.004,-0.000,0.000,3.0
2084,-1.238,0.801,1.508,-0.004,-0.000,0.000,3.0
2085,-1.238,0.801,1.508,-0.004,-0.000,0.000,3.0
2086,-1.238,0.801,1.508,-0.004,-0.000,0.000,3.0
2087,-1.238,0.801,1.508,-0.004,-0.000,0.000,3.0
2088,-1.238,0.801,1.508,-0.004,-0.000,0.000,3.0
2089,-1.238,0.801,1.508,-0.004,-0.000,0.000,3.0
2090,-1.238,0.801,1.508,-0.004,-0.000,0.000,3.0
2091,-1.238,0.801,1.508,-0.004,-0.000,0.000,3.0
2092,-1.238,0.801,1.508,-0.004,-0.000,0.000,3.0
2093,-1.238,0.801,1.508,-0.004,-0.000,0.000,3.0
2094,-1.238,0.801,1.508,-0.005,-0.000,0.000,3.0
2095,-1.238,0.801,1.508,-0.005,-0.000,0.000,3.0
2096,-1.238,0.801,1.508,-0.005,-0.000,0.000,3.0
2097,-1.238,0.801,1.508,-0.005,-0.000,0.000,3.0
2098,-1.238,0.801,1.508,-0.005,-0.000,0.000,3.0
2099,-1.238,0.801,1.508,-0.005,-0.000,0.000,3.0
2100,-1.238,0.801,1.508,-0.005,-0.000,0.000,3.0
2101,-1.238,0.801,1.508,-0.005,-0.000,0.000,3.0
2102,-1.238,0.801,1.508,-0.005,-0.000,0.000,3.0
2103,-1.238,0.801,1.508,-0.005,-0.000,0.000,3.0
2104,-1.238,0.801,1.508,-0.005,-0.000,0.000,3.0
2105,-1.238,0.801,1.508,-0.005,-0.000,0.000,3.0
2106,-1.238,0.801,1.508,-0.005,-0.000,0.000,3.0
2107,-1.238,0.801,1.508,-0.005,-0.000,0.000,3.0
2108,-1.238,0.801,1.508,-0.005,-0.000,0.000,3.0
2109,-1.238,0.801,1.508,-0.005,-0.000,0.000,3.0
2110,-1.238,0.801,1.508,-0.005,-0.000,0.000,3.0
2111,-1.238,0.801,1.508,-0.005,-0.000,0.000,3.0
2112,-1.238,0.801,1.508,-0.005,-0.000,0.000,3.0
2113,-1.238,0.801,1.508,-0.005,-0.000,0.000,3.0
2114,-1.238,0.801,1.508,-0.005,-0.000,0.000,3.0
2115,-1.238,0.801,1.508,-0.005,-0.000,0.000,3.0
2116,-1.238,0.801,1.508,-0.005,-0.000,0.000,3.0
2117,-1.238,0.801,1.508,-0.005,-0.000,0.000,3.0
2118,-1.238,0.801,1.508,-0.005,-0.000,0.000,3.0
2119,-1.238,0.801,1.508,-0.005,-0.000,0.000,3.0
2120,-1.238,0.801,1.508,-0.005,-0.000,0.000,3.0
2121,-1.238,0.801,1.508,-0.005,-0.000,0.000,3.0
2122,-1.238,0.801,1.508,-0.005,-0.000,0.000,3.0
2123,-1.238,0.801,1.508,-0.005,-0.000,0.000,3.0
2124,-1.238,0.801,1.508,-0.005,-0.000,0.000,3.0
2125,-1.238,0.801,1.508,-0.005,-0.000,0.000,3.0
2126,-1.238,0.801,1.508,-0.005,-0.000,0.000,3.0
2127,-1.238,0.801,1.508,-0.005,-0.000,0.000,3.0
2128,-1.238,0.801,1.508,-0.005,-0.000,0.000,3.0
2129,-1.238,0.801,1.508,-0.005,-0.000,0.000,3.0
2130,-1.238,0.801,1.508,-0.005,-0.000,0.000,3.0
2131,-1.238,0.801,1.508,-0.005,-0.000,0.000,3.0
2132,-1.238,0.801,1.508,-0.005,-0.000,0.000,3.0
2133,-1.238,0.801,1.508,-0.005,-0.000,0.000,3.0
2134,-1.238,0.801,1.508,-0.005,-0.000,0.000,3.0
2135,-1.238,0.801,1.508,-0.005,-0.000,0.000,3.0
2136,-1.238,0.801,1.508,-0.005,-0.000,0.000,3.0
2137,-1.238,0.801,1.508,-0.004,-0.000,0.000,3.0
2138,-1.238,0.801,1.508,-0.004,-0.000,0.000,3.0
2139,-1.238,0.801,1.508,-0.004,-0.000,0.000,3.0
2140,-1.238,0.801,1.508,-0.004,-0.000,0.000,3.0
2141,-1.238,0.801,1.508,-0.004,-0.000,0.000,3.0
2142,-1.238,0.801,1.508,-0.004,-0.000,0.000,3.0
2143,-1.238,0.801,1.508,-0.004,-0.000,0.000,3.0
2144,-1.238,0.801,1.508,-0.004,-0.000,0.000,3.0
2145,-1.238,0.801,1.508,-0.004,-0.000,0.000,3.0
2146,-1.238,0.801,1.508,-0.004,-0.000,0.000,3.0
2147,-1.238,0.801,1.508,-0.004,-0.000,0.000,3.0
2148,-1.238,0.801,1.508,-0.004,-0.000,0.000,3.0
2149,-1.238,0.801,1.508,-0.004,-0.000,0.000,3.0
2150,-1.238,0.801,1.508,-0.004,-0.000,0.000,3.0
2151,-1.238,0.801,1.508,-0.004,-0.000,0.000,3.0
2152,-1.238,0.801,1.508,-0.004,-0.000,0.000,3.0
2153,-1.238,0.801,1.508,-0.004,-0.000,0.000,3.0
2154,-1.238,0.801,1.508,-0.004,-0.000,0.000,3.0
2155,-1.238,0.801,1.508,-0.004,-0.000,0.000,3.0
2156,-1.238,0.801,1.508,-0.004,-0.000,0.000,3.0
2157,-1.238,0.801,1.508,-0.004,-0.000,0.000,3.0
2158,-1.238,0.801,1.508,-0.004,-0.000,0.000,3.0
2159,-1.238,0.801,1.508,-0.004,-0.000,0.000,3.0
2160,-1.238,0.801,1.508,-0.004,-0.000,-0.000,3.0
2161,-1.238,0.801,1.508,-0.004,-0.000,-0.000,3.0
2162,-1.238,0.801,1.508,-0.004,-0.000,-0.000,3.0
2163,-1.238,0.801,1.508,-0.004,-0.000,-0.000,3.0
2164,-1.238,0.801,1.508,-0.004,-0.000,-0.000,3.0
2165,-1.238,0.801,1.508,-0.004,-0.000,-0.000,3.0
2166,-1.238,0.801,1.508,-0.004,-0.000,-0.000,3.0
2167,-1.238,0.801,1.508,-0.004,-0.000,-0.000,3.0
2168,-1.238,0.801,1.508,-0.004,-0.000,-0.000,3.0
2169,-1.238,0.801,1.508,-0.004,-0.000,0.000,3.0
2170,-1.238,0.801,1.508,-0.004,-0.000,0.000,3.0
2171,-1.238,0.801,1.508,-0.004,-0.000,0.000,3.0
2172,-1.238,0.801,1.508,-0.004,-0.000,0.000,3.0
2173,-1.238,0.801,1.508,-0.004,-0.000,0.000,3.0
2174,-1.238,0.801,1.508,-0.004,-0.000,0.000,3.0
2175,-1.238,0.801,1.508,-0.004,-0.000,0.000,3.0
2176,-1.238,0.801,1.508,-0.004,-0.000,0.000,3.0
2177,-1.238,0.801,1.508,-0.004,-0.000,0.000,3.0
2178,-1.238,0.801,1.508,-0.004,-0.000,0.000,3.0
2179,-1.238,0.801,1.508,-0.004,-0.000,0.000,3.0
2180,-1.238,0.801,1.508,-0.004,-0.000,0.000,3.0
2181,-1.238,0.801,1.508,-0.004,-0.000,0.000,3.0
2182,-1.238,0.801,1.508,-0.004,-0.000,0.000,3.0
2183,-1.238,0.801,1.508,-0.004,-0.000,0.000,3.0
2184,-1.238,0.801,1.508,-0.004,-0.000,0.000,3.0
2185,-1.238,0.801,1.508,-0.004,-0.000,0.000,3.0
2186,-1.238,0.801,1.508,-0.004,-0.000,0.000,3.0
2187,-1.238,0.801,1.508,-0.004,-0.000,0.000,3.0
2188,-1.238,0.801,1.508,-0.004,-0.000,0.000,3.0
2189,-1.238,0.801,1.508,-0.004,-0.000,0.000,3.0
2190,-1.238,0.801,1.508,-0.004,-0.000,0.000,3.0
2191,-1.238,0.801,1.508,-0.004,-0.000,0.000,3.0
2192,-1.238,0.801,1.508,-0.004,-0.000,0.000,3.0
2193,-1.238,0.801,1.508,-0.004,-0.000,0.000,3.0
2194,-1.238,0.801,1.508,-0.004,-0.000,0.000,3.0
2195,-1.238,0.801,1.508,-0.004,-0.000,0.000,3.0
2196,-1.238,0.801,1.508,-0.004,-0.000,0.000,3.0
2197,-1.238,0.801,1.508,-0.004,-0.000,0.000,3.0
2198,-1.238,0.801,1.508,-0.004,-0.000,0.000,3.0
2199,-1.238,0.801,1.508,-0.004,-0.000,0.000,3.0
2200,-1.238,0.801,1.508,-0.003,-0.000,0.000,3.0
2201,-1.238,0.801,1.508,-0.003,-0.000,0.000,3.0
2202,-1.238,0.801,1.508,-0.003,-0.000,0.000,3.0
2203,-1.238,0.801,1.508,-0.003,-0.000,0.000,3.0
2204,-1.238,0.801,1.508,-0.003,-0.000,0.000,3.0
2205,-1.238,0.801,1.508,-0.003,-0.000,0.000,3.0
2206,-1.238,0.801,1.508,-0.003,-0.000,0.000,3.0
2207,-1.238,0.801,1.508,-0.003,-0.000,0.000,3.0
2208,-1.238,0.801,1.508,-0.003,-0.000,0.000,3.0
2209,-1.238,0.801,1.508,-0.003,-0.000,0.000,3.0
2210,-1.238,0.801,1.508,-0.003,-0.000,0.000,3.0
2211,-1.238,0.801,1.508,-0.003,-0.000,0.000,3.0
2212,-1.238,0.801,1.508,-0.002,-0.000,0.000,3.0
2213,-1.238,0.801,1.508,-0.002,-0.000,0.000,3.0
2214,-1.238,0.801,1.508,-0.002,-0.000,0.000,3.0
2215,-1.238,0.801,1.508,-0.002,-0.000,0.000,3.0
2216,-1.238,0.801,1.508,-0.002,-0.000,0.000,3.0
2217,-1.238,0.801,1.508,-0.002,-0.000,0.000,3.0
2218,-1.238,0.801,1.508,-0.002,-0.000,0.000,3.0
2219,-1.238,0.801,1.508,-0.002,-0.000,0.000,3.0
2220,-1.238,0.801,1.508,-0.002,-0.000,0.000,3.0
2221,-1.238,0.801,1.508,-0.002,-0.000,0.000,3.0
2222,-1.238,0.801,1.508,-0.002,-0.000,0.000,3.0
2223,-1.238,0.801,1.508,-0.002,-0.000,0.000,3.0
2224,-1.238,0.801,1.508,-0.002,-0.000,0.000,3.0
2225,-1.238,0.801,1.508,-0.002,-0.000,-0.000,3.0
2226,-1.238,0.801,1.508,-0.002,-0.000,-0.000,3.0
2227,-1.238,0.801,1.508,-0.002,-0.000,-0.000,3.0
2228,-1.238,0.801,1.508,-0.002,-0.000,-0.000,3.0
2229,-1.238,0.801,1.508,-0.002,-0.000,-0.000,3.0
2230,-1.238,0.801,1.508,-0.002,-0.000,-0.000,3.0
2231,-1.238,0.801,1.508,-0.002,-0.000,-0.000,3.0
2232,-1.238,0.801,1.508,-0.002,-0.000,-0.000,3.0
2233,-1.238,0.801,1.508,-0.002,-0.000,-0.000,3.0
2234,-1.238,0.801,1.508,-0.002,-0.000,-0.000,3.0
2235,-1.238,0.801,1.508,-0.002,-0.000,-0.000,3.0
2236,-1.238,0.801,1.508,-0.002,-0.000,-0.000,3.0
2237,-1.238,0.801,1.508,-0.002,-0.000,-0.000,3.0
2238,-1.238,0.801,1.508,-0.002,-0.000,-0.000,3.0
2239,-1.238,0.801,1.508,-0.002,-0.000,-0.000,3.0
2240,-1.238,0.801,1.508,-0.002,-0.000,-0.000,3.0
2241,-1.238,0.801,1.508,-0.002,-0.000,-0.000,3.0
2242,-1.238,0.801,1.508,-0.002,-0.000,-0.000,3.0
2243,-1.238,0.801,1.508,-0.002,-0.000,-0.000,3.0
2244,-1.238,0.801,1.508,-0.002,-0.000,0.000,3.0
2245,-1.238,0.801,1.508,-0.002,-0.000,0.000,3.0
2246,-1.238,0.801,1.508,-0.002,-0.000,0.000,3.0
2247,-1.238,0.801,1.508,-0.002,-0.000,0.000,3.0
2248,-1.238,0.801,1.508,-0.002,-0.000,0.000,3.0
2249,-1.238,0.801,1.508,-0.002,-0.000,0.000,3.0
2250,-1.238,0.801,1.508,-0.002,-0.000,0.000,3.0
2251,-1.238,0.801,1.508,-0.002,-0.000,0.000,3.0
2252,-1.238,0.801,1.508,-0.002,-0.000,0.000,3.0
2253,-1.238,0.801,1.508,-0.002,-0.000,0.000,3.0
2254,-1.238,0.801,1.508,-0.002,-0.000,0.000,3.0
2255,-1.238,0.801,1.508,-0.002,-0.000,0.000,3.0
2256,-1.238,0.801,1.508,-0.002,-0.000,-0.000,3.0
2257,-1.238,0.801,1.508,-0.002,-0.000,-0.000,3.0
2258,-1.238,0.801,1.508,-0.002,-0.000,-0.000,3.0
2259,-1.238,0.801,1.508,-0.002,-0.000,-0.000,3.0
2260,-1.238,0.801,1.508,-0.002,-0.000,-0.000,3.0
2261,-1.238,0.801,1.508,-0.002,-0.000,-0.000,3.0
2262,-1.238,0.801,1.508,-0.002,-0.000,-0.000,3.0
2263,-1.238,0.801,1.508,-0.002,-0.000,-0.000,3.0
2264,-1.238,0.801,1.508,-0.002,-0.000,0.000,3.0
2265,-1.238,0.801,1.508,-0.002,-0.000,0.000,3.0
2266,-1.238,0.801,1.508,-0.002,-0.000,0.000,3.0
2267,-1.238,0.801,1.508,-0.002,0.000,0.000,3.0
2268,-1.238,0.801,1.508,-0.002,0.000,0.000,3.0
2269,-1.238,0.801,1.508,-0.002,0.000,0.000,3.0
2270,-1.238,0.801,1.508,-0.002,0.000,0.000,3.0
2271,-1.238,0.801,1.508,-0.002,0.000,0.000,3.0
2272,-1.238,0.801,1.508,-0.002,0.000,0.000,3.0
2273,-1.238,0.801,1.508,-0.002,0.000,0.000,3.0
2274,-1.238,0.801,1.508,-0.001,0.000,0.000,3.0
2275,-1.238,0.801,1.508,-0.001,0.000,0.000,3.0
2276,-1.238,0.801,1.508,-0.001,0.000,0.000,3.0
2277,-1.238,0.801,1.508,-0.001,0.000,0.000,3.0
2278,-1.238,0.801,1.508,-0.001,0.000,0.000,3.0
2279,-1.238,0.801,1.508,-0.001,0.000,0.000,3.0
2280,-1.238,0.801,1.508,-0.001,0.000,0.000,3.0
2281,-1.238,0.801,1.508,-0.001,0.000,0.000,3.0
2282,-1.238,0.801,1.508,-0.001,0.000,0.000,3.0
2283,-1.238,0.801,1.508,-0.001,0.000,0.000,3.0
2284,-1.238,0.801,1.508,-0.001,0.000,0.000,3.0
2285,-1.238,0.801,1.508,-0.001,0.000,0.000,3.0
2286,-1.238,0.801,1.508,-0.001,0.000,0.000,3.0
2287,-1.238,0.801,1.508,-0.001,0.000,0.000,3.0
2288,-1.238,0.801,1.508,-0.001,0.000,0.000,3.0
2289,-1.238,0.801,1.508,-0.001,0.000,0.000,3.0
2290,-1.238,0.801,1.508,-0.001,-0.000,0.000,3.0
2291,-1.238,0.801,1.508,-0.001,-0.000,0.000,3.0
2292,-1.238,0.801,1.508,-0.001,-0.000,0.000,3.0
2293,-1.238,0.801,1.508,-0.001,-0.000,-0.000,3.0
2294,-1.238,0.801,1.508,-0.001,-0.000,-0.000,3.0
2295,-1.238,0.801,1.508,-0.001,-0.000,-0.000,3.0
2296,-1.238,0.801,1.508,-0.001,-0.000,-0.000,3.0
2297,-1.238,0.801,1.508,-0.001,-0.000,-0.000,3.0
2298,-1.238,0.801,1.508,-0.001,-0.000,-0.000,3.0
2299,-1.238,0.801,1.508,-0.001,-0.000,-0.000,3.0
2300,-1.238,0.801,1.508,-0.001,-0.000,-0.000,3.0
2301,-1.238,0.801,1.508,-0.001,-0.000,-0.000,3.0
2302,-1.238,0.801,1.508,-0.001,-0.000,-0.000,3.0
2303,-1.238,0.801,1.508,-0.001,-0.000,-0.000,3.0
2304,-1.238,0.801,1.508,-0.001,-0.000,-0.000,3.0
2305,-1.238,0.801,1.508,-0.001,-0.000,-0.000,3.0
2306,-1.238,0.801,1.508,-0.001,-0.000,-0.000,3.0
2307,-1.238,0.801,1.508,-0.001,-0.000,-0.000,3.0
2308,-1.238,0.801,1.508,-0.001,-0.000,-0.000,3.0
2309,-1.238,0.801,1.508,-0.001,-0.000,-0.000,3.0
2310,-1.238,0.801,1.508,-0.001,-0.000,-0.000,3.0
2311,-1.238,0.801,1.508,-0.001,-0.000,-0.000,3.0
2312,-1.238,0.801,1.508,-0.001,-0.000,-0.000,3.0
2313,-1.238,0.801,1.508,-0.001,-0.000,-0.000,3.0
2314,-1.238,0.801,1.508,-0.001,-0.000,-0.000,3.0
2315,-1.238,0.801,1.508,-0.001,-0.000,-0.000,3.0
2316,-1.238,0.801,1.508,-0.001,-0.000,-0.000,3.0
2317,-1.238,0.801,1.508,-0.001,-0.000,-0.000,3.0
2318,-1.238,0.801,1.508,-0.001,-0.000,-0.000,3.0
2319,-1.238,0.801,1.508,-0.001,-0.000,-0.000,3.0
2320,-1.238,0.801,1.508,-0.001,-0.000,-0.000,3.0
2321,-1.238,0.801,1.508,-0.001,-0.000,-0.000,3.0
2322,-1.238,0.801,1.508,-0.001,-0.000,-0.000,3.0
2323,-1.238,0.801,1.508,-0.001,-0.000,-0.000,3.0
2324,-1.238,0.801,1.508,-0.001,-0.000,-0.000,3.0
2325,-1.238,0.801,1.508,-0.001,-0.000,-0.000,3.0
2326,-1.238,0.801,1.508,-0.001,-0.000,-0.000,3.0
2327,-1.238,0.801,1.508,-0.001,-0.000,-0.000,3.0
2328,-1.238,0.801,1.508,-0.001,-0.000,-0.000,3.0
2329,-1.238,0.801,1.508,-0.001,-0.000,-0.000,3.0
2330,-1.238,0.801,1.508,-0.001,-0.000,-0.000,3.0
2331,-1.238,0.801,1.508,-0.001,-0.000,-0.000,3.0
2332,-1.238,0.801,1.508,-0.001,-0.000,-0.000,3.0
2333,-1.238,0.801,1.508,-0.001,-0.000,-0.000,3.0
2334,-1.238,0.801,1.508,-0.001,-0.000,-0.000,3.0
2335,-1.238,0.801,1.508,-0.001,-0.000,-0.000,3.0
2336,-1.238,0.801,1.508,-0.001,0.000,-0.000,3.0
2337,-1.238,0.801,1.508,-0.001,0.000,0.000,3.0
2338,-1.238,0.801,1.508,-0.001,0.000,0.000,3.0
2339,-1.238,0.801,1.508,-0.001,0.000,0.000,3.0
2340,-1.238,0.801,1.508,-0.001,0.000,0.000,3.0
2341,-1.238,0.801,1.508,-0.001,0.000,0.000,3.0
2342,-1.238,0.801,1.508,-0.001,0.000,0.000,3.0
2343,-1.238,0.801,1.508,-0.001,0.000,0.000,3.0
2344,-1.238,0.801,1.508,-0.000,0.000,0.000,3.0
2345,-1.238,0.801,1.508,-0.000,0.000,0.000,3.0
2346,-1.238,0.801,1.508,-0.000,0.000,0.000,3.0
2347,-1.238,0.801,1.508,-0.000,0.000,0.000,3.0
2348,-1.238,0.801,1.508,-0.000,0.000,0.000,3.0
2349,-1.238,0.801,1.508,-0.000,0.000,0.000,3.0
2350,-1.238,0.801,1.508,0.000,0.000,0.000,3.0
2351,-1.238,0.801,1.508,0.000,0.000,0.000,3.0
2352,-1.238,0.801,1.508,0.000,0.000,0.000,3.0
2353,-1.238,0.801,1.508,0.000,0.000,0.000,3.0
2354,-1.238,0.801,1.508,0.000,0.000,0.000,3.0
2355,-1.238,0.801,1.508,0.000,0.000,0.000,3.0
2356,-1.238,0.801,1.508,0.000,0.000,0.000,3.0
2357,-1.238,0.801,1.508,0.000,0.000,0.000,3.0
2358,-1.238,0.801,1.508,0.000,0.000,0.000,3.0
2359,-1.238,0.801,1.508,0.000,0.000,0.000,3.0
2360,-1.238,0.801,1.508,0.000,0.000,0.000,3.0
2361,-1.238,0.801,1.508,0.000,0.000,0.000,3.0
2362,-1.238,0.801,1.508,0.000,-0.000,0.000,3.0
2363,-1.238,0.801,1.508,0.000,-0.000,-0.000,3.0
2364,-1.238,0.801,1.508,0.000,-0.000,-0.000,3.0
2365,-1.238,0.801,1.508,0.000,-0.000,-0.000,3.0
2366,-1.238,0.801,1.508,0.000,-0.000,-0.000,3.0
2367,-1.238,0.801,1.508,0.000,-0.000,-0.000,3.0
2368,-1.238,0.801,1.508,0.000,-0.000,-0.000,3.0
2369,-1.238,0.801,1.508,0.000,-0.000,-0.000,3.0
2370,-1.238,0.801,1.508,-0.000,-0.000,-0.000,3.0
2371,-1.238,0.801,1.508,-0.000,-0.000,-0.000,3.0
2372,-1.238,0.801,1.508,-0.000,-0.000,-0.000,3.0
2373,-1.238,0.801,1.508,-0.000,-0.000,-0.000,3.0
2374,-1.238,0.801,1.508,-0.000,-0.000,-0.000,3.0
2375,-1.238,0.801,1.508,-0.000,-0.000,-0.000,3.0
2376,-1.238,0.801,1.508,-0.000,-0.000,-0.000,3.0
2377,-1.238,0.801,1.508,-0.000,-0.000,-0.000,3.0
2378,-1.238,0.801,1.508,-0.000,-0.000,-0.000,3.0
2379,-1.238,0.801,1.508,-0.000,-0.000,-0.000,3.0
2380,-1.238,0.801,1.508,-0.000,-0.000,-0.000,3.0
2381,-1.238,0.801,1.508,-0.000,-0.000,-0.000,3.0
2382,-1.238,0.801,1.508,-0.000,-0.000,-0.000,3.0
2383,-1.238,0.801,1.508,-0.000,-0.000,-0.000,3.0
2384,-1.238,0.801,1.508,-0.000,-0.000,-0.000,3.0
2385,-1.238,0.801,1.508,-0.000,-0.000,-0.000,3.0
2386,-1.238,0.801,1.508,-0.000,-0.000,-0.000,3.0
2387,-1.238,0.801,1.508,-0.000,-0.000,-0.000,3.0
2388,-1.238,0.801,1.508,-0.000,-0.000,-0.000,3.0
2389,-1.238,0.801,1.508,-0.000,-0.000,-0.000,3.0
2390,-1.238,0.801,1.508,-0.000,-0.000,-0.000,3.0
2391,-1.238,0.801,1.508,-0.000,-0.000,-0.000,3.0
2392,-1.238,0.801,1.508,-0.000,-0.000,-0.000,3.0
2393,-1.238,0.801,1.508,-0.000,-0.000,-0.000,3.0
2394,-1.238,0.801,1.508,-0.000,-0.000,-0.000,3.0
2395,-1.238,0.801,1.508,-0.000,-0.000,-0.000,3.0
2396,-1.238,0.801,1.508,-0.000,-0.000,-0.000,3.0
2397,-1.238,0.801,1.508,-0.000,-0.000,-0.000,3.0
2398,-1.238,0.801,1.508,-0.000,-0.000,-0.000,3.0
2399,-1.238,0.801,1.508,-0.000,-0.000,-0.000,3.0
2400,-1.238,0.801,1.508,-0.000,-0.000,-0.000,3.0
2401,-1.238,0.801,1.508,-0.000,-0.000,-0.000,3.0
2402,-1.238,0.801,1.508,-0.000,-0.000,-0.000,3.0
2403,-1.238,0.801,1.508,-0.000,-0.000,-0.000,3.0
2404,-1.238,0.801,1.508,-0.000,-0.000,-0.000,3.0
2405,-1.238,0.801,1.508,-0.000,-0.000,-0.000,3.0
2406,-1.238,0.801,1.508,-0.000,0.000,-0.000,3.0
2407,-1.238,0.801,1.508,-0.000,0.000,-0.000,3.0
2408,-1.238,0.801,1.508,-0.000,0.000,0.000,3.0
2409,-1.238,0.801,1.508,-0.000,0.000,0.000,3.0
2410,-1.238,0.801,1.508,-0.000,0.000,0.000,3.0
2411,-1.238,0.801,1.508,-0.000,0.000,0.000,3.0
2412,-1.238,0.801,1.508,-0.000,0.000,0.000,3.0
2413,-1.238,0.801,1.508,-0.000,0.000,0.000,3.0
2414,-1.238,0.801,1.508,-0.000,0.000,0.000,3.0
2415,-1.238,0.801,1.508,0.000,0.000,0.000,3.0
2416,-1.238,0.801,1.508,0.000,0.000,0.000,3.0
2417,-1.238,0.801,1.508,0.000,0.000,0.000,3.0
2418,-1.238,0.801,1.508,0.000,0.000,0.000,3.0
2419,-1.238,0.801,1.508,0.000,0.000,0.000,3.0
2420,-1.238,0.801,1.508,0.000,0.000,0.000,3.0
2421,-1.238,0.801,1.508,0.000,0.000,0.000,3.0
2422,-1.238,0.801,1.508,0.001,0.000,0.000,3.0
2423,-1.238,0.801,1.508,0.001,0.000,0.000,3.0
2424,-1.238,0.801,1.508,0.001,0.000,0.000,3.0
2425,-1.238,0.801,1.508,0.001,0.000,0.000,3.0
2426,-1.238,0.801,1.508,0.001,0.000,0.000,3.0
2427,-1.238,0.801,1.508,0.001,0.000,0.000,3.0
2428,-1.238,0.801,1.508,0.001,0.000,0.000,3.0
2429,-1.238,0.801,1.508,0.001,0.000,0.000,3.0
2430,-1.238,0.801,1.508,0.001,0.000,0.000,3.0
2431,-1.238,0.801,1.508,0.001,0.000,0.000,3.0
2432,-1.238,0.801,1.508,0.001,0.000,0.000,3.0
2433,-1.238,0.801,1.508,0.001,0.000,0.000,3.0
2434,-1.238,0.801,1.508,0.001,-0.000,0.000,3.0
2435,-1.238,0.801,1.508,0.001,-0.000,-0.000,3.0
2436,-1.238,0.801,1.508,0.001,-0.000,-0.000,3.0
2437,-1.238,0.801,1.508,0.001,-0.000,-0.000,3.0
2438,-1.238,0.801,1.508,0.000,-0.000,-0.000,3.0
2439,-1.238,0.801,1.508,0.000,-0.000,-0.000,3.0
2440,-1.238,0.801,1.508,0.000,-0.000,-0.000,3.0
2441,-1.238,0.801,1.508,0.000,-0.000,-0.000,3.0
2442,-1.238,0.801,1.508,0.000,-0.000,-0.000,3.0
2443,-1.238,0.801,1.508,0.000,-0.000,-0.000,3.0
2444,-1.238,0.801,1.508,0.000,-0.000,-0.000,3.0
2445,-1.238,0.801,1.508,0.000,-0.000,-0.000,3.0
2446,-1.238,0.801,1.508,0.000,-0.000,-0.000,3.0
2447,-1.238,0.801,1.508,0.000,-0.000,-0.000,3.0
2448,-1.238,0.801,1.508,0.000,-0.000,-0.000,3.0
2449,-1.238,0.801,1.508,0.000,-0.000,-0.000,3.0
2450,-1.238,0.801,1.508,0.000,-0.000,-0.000,3.0
2451,-1.238,0.801,1.508,0.000,-0.000,-0.000,3.0
2452,-1.238,0.801,1.508,0.000,-0.000,-0.000,3.0
2453,-1.238,0.801,1.508,0.000,-0.000,-0.000,3.0
2454,-1.238,0.801,1.508,0.000,-0.000,-0.000,3.0
2455,-1.238,0.801,1.508,0.000,-0.000,-0.000,3.0
2456,-1.238,0.801,1.508,0.000,-0.000,-0.000,3.0
2457,-1.238,0.801,1.508,0.000,-0.000,-0.000,3.0
2458,-1.238,0.801,1.508,0.000,-0.000,-0.000,3.0
2459,-1.238,0.801,1.508,0.000,-0.000,-0.000,3.0
2460,-1.238,0.801,1.508,0.000,-0.000,-0.000,3.0
2461,-1.238,0.801,1.508,0.000,-0.000,-0.000,3.0
2462,-1.238,0.801,1.508,0.000,-0.000,-0.000,3.0
2463,-1.238,0.801,1.508,0.000,-0.000,-0.000,3.0
2464,-1.238,0.801,1.508,0.000,-0.000,-0.000,3.0
2465,-1.238,0.801,1.508,0.000,-0.000,-0.000,3.0
2466,-1.238,0.801,1.508,0.000,-0.000,-0.000,3.0
2467,-1.238,0.801,1.508,0.000,-0.000,-0.000,3.0
2468,-1.238,0.801,1.508,-0.000,-0.000,-0.000,3.0
2469,-1.238,0.801,1.508,-0.000,-0.000,-0.000,3.0
2470,-1.238,0.801,1.508,-0.000,-0.000,-0.000,3.0
2471,-1.238,0.801,1.508,-0.000,-0.000,-0.000,3.0
2472,-1.238,0.801,1.508,-0.000,-0.000,-0.000,3.0
2473,-1.238,0.801,1.508,-0.000,-0.000,-0.000,3.0
2474,-1.238,0.801,1.508,-0.000,-0.000,-0.000,3.0
2475,-1.238,0.801,1.508,-0.000,-0.000,-0.000,3.0
2476,-1.238,0.801,1.508,-0.000,-0.000,-0.000,3.0
2477,-1.238,0.801,1.508,-0.000,-0.000,-0.000,3.0
2478,-1.238,0.801,1.508,-0.000,-0.000,-0.000,3.0
2479,-1.238,0.801,1.508,-0.000,-0.000,-0.000,3.0
2480,-1.238,0.801,1.508,-0.000,0.000,-0.000,3.0
2481,-1.238,0.801,1.508,-0.000,0.000,-0.000,3.0
2482,-1.238,0.801,1.508,-0.000,0.000,0.000,3.0
2483,-1.238,0.801,1.508,-0.000,0.000,0.000,3.0
2484,-1.238,0.801,1.508,-0.000,0.000,0.000,3.0
2485,-1.238,0.801,1.508,-0.000,0.000,0.000,3.0
2486,-1.238,0.801,1.508,-0.000,0.000,0.000,3.0
2487,-1.238,0.801,1.508,0.000,0.000,0.000,3.0
2488,-1.238,0.801,1.508,0.000,0.000,0.000,3.0
2489,-1.238,0.801,1.508,0.000,0.000,0.000,3.0
2490,-1.238,0.801,1.508,0.000,0.000,0.000,3.0
2491,-1.238,0.801,1.508,0.000,0.000,0.000,3.0
2492,-1.238,0.801,1.508,0.000,0.000,0.000,3.0
2493,-1.238,0.801,1.508,0.000,0.000,0.000,3.0
2494,-1.238,0.801,1.508,0.001,0.000,0.000,3.0
2495,-1.238,0.801,1.508,0.001,0.000,0.000,3.0
2496,-1.238,0.801,1.508,0.001,0.000,0.000,3.0
2497,-1.238,0.801,1.508,0.001,0.000,0.000,3.0
2498,-1.238,0.801,1.508,0.001,0.000,0.000,3.0
2499,-1.238,0.801,1.508,0.001,0.000,0.000,3.0
2500,-1.238,0.801,1.508,0.001,0.000,0.000,3.0
